0 0.2421875 0.3333333333333333 0.08020833333333334 0.05555555555555555
0 0.25286458333333334 0.29907407407407405 0.06927083333333334 0.053703703703703705
0 0.13802083333333334 0.32037037037037036 0.07083333333333333 0.05185185185185185
0 0.17005208333333333 0.28935185185185186 0.07135416666666666 0.05277777777777778
0 0.20729166666666668 0.20555555555555555 0.058333333333333334 0.044444444444444446
0 0.26875 0.26157407407407407 0.06458333333333334 0.05648148148148148
0 0.440625 0.44027777777777777 0.08541666666666667 0.075
0 0.4197916666666667 0.30972222222222223 0.07291666666666667 0.05648148148148148
0 0.4153645833333333 0.2800925925925926 0.06197916666666667 0.03796296296296296
0 0.4140625 0.25416666666666665 0.0625 0.03611111111111111
0 0.4119791666666667 0.23425925925925925 0.05625 0.03333333333333333
0 0.41041666666666665 0.21342592592592594 0.051041666666666666 0.032407407407407406
0 0.41015625 0.19166666666666668 0.04739583333333333 0.027777777777777776
0 0.4049479166666667 0.17314814814814813 0.044270833333333336 0.03333333333333333
0 0.2703125 0.23472222222222222 0.057291666666666664 0.041666666666666664
0 0.27682291666666664 0.20972222222222223 0.05572916666666667 0.041666666666666664
0 0.2765625 0.1925925925925926 0.05625 0.037037037037037035
0 0.28151041666666665 0.17222222222222222 0.0484375 0.03148148148148148
0 0.2825520833333333 0.1550925925925926 0.050520833333333334 0.028703703703703703
0 0.2864583333333333 0.14074074074074075 0.040625 0.027777777777777776
0 0.29010416666666666 0.1259259259259259 0.041666666666666664 0.03148148148148148
0 0.2947916666666667 0.10740740740740741 0.040625 0.027777777777777776
0 0.31536458333333334 0.03935185185185185 0.0328125 0.025
0 0.40130208333333334 0.09675925925925925 0.0359375 0.030555555555555555
0 0.4005208333333333 0.08287037037037037 0.034375 0.021296296296296296
0 0.39895833333333336 0.06851851851851852 0.03229166666666667 0.020370370370370372
0 0.39296875 0.044444444444444446 0.0328125 0.022222222222222223
0 0.3924479166666667 0.03518518518518519 0.033854166666666664 0.018518518518518517
0 0.390625 0.026851851851851852 0.030208333333333334 0.014814814814814815
0 0.38958333333333334 0.020370370370370372 0.030208333333333334 0.016666666666666666
