4 0.5109375 0.36712962962962964 0.007291666666666667 0.008333333333333333
4 0.52109375 0.3685185185185185 0.0046875 0.009259259259259259
4 0.5252604166666667 0.37824074074074077 0.0078125 0.012037037037037037
4 0.5184895833333333 0.38564814814814813 0.008854166666666666 0.012037037037037037
4 0.5315104166666667 0.3851851851851852 0.0078125 0.012962962962962963
4 0.5028645833333333 0.3800925925925926 0.0067708333333333336 0.010185185185185186
4 0.49713541666666666 0.3875 0.0078125 0.013888888888888888
4 0.48489583333333336 0.399537037037037 0.010416666666666666 0.017592592592592594
4 0.47890625 0.4217592592592593 0.0109375 0.021296296296296296
4 0.46875 0.4550925925925926 0.013541666666666667 0.028703703703703703
4 0.5098958333333333 0.41574074074074074 0.010416666666666666 0.018518518518518517
4 0.525 0.46064814814814814 0.014583333333333334 0.019444444444444445
4 0.55625 0.39305555555555555 0.009375 0.012037037037037037
4 0.5869791666666667 0.43657407407407406 0.015625 0.017592592592592594
4 0.5440104166666667 0.5333333333333333 0.0234375 0.04259259259259259
4 0.4890625 0.5277777777777778 0.022916666666666665 0.037037037037037035
4 0.4453125 0.7018518518518518 0.04479166666666667 0.08333333333333333
4 0.60546875 0.612037037037037 0.03697916666666667 0.053703703703703705
4 0.6583333333333333 0.7837962962962963 0.05416666666666667 0.07685185185185185
4 0.48932291666666666 0.3726851851851852 0.015104166666666667 0.010185185185185186
4 0.5526041666666667 0.3787037037037037 0.00625 0.011111111111111112
4 0.5908854166666667 0.45231481481481484 0.016145833333333335 0.013888888888888888
4 0.5942708333333333 0.46064814814814814 0.015625 0.01574074074074074
4 0.6 0.46805555555555556 0.020833333333333332 0.019444444444444445
4 0.60390625 0.475462962962963 0.018229166666666668 0.021296296296296296
4 0.6083333333333333 0.4875 0.020833333333333332 0.023148148148148147
4 0.6130208333333333 0.5041666666666667 0.021875 0.021296296296296296
4 0.6221354166666667 0.5162037037037037 0.022395833333333334 0.032407407407407406
4 0.63046875 0.5388888888888889 0.027604166666666666 0.02962962962962963
4 0.6372395833333333 0.5601851851851852 0.0296875 0.03518518518518519
4 0.65078125 0.5893518518518519 0.034895833333333334 0.03796296296296296
4 0.66328125 0.6231481481481481 0.043229166666666666 0.04259259259259259
4 0.68046875 0.6662037037037037 0.05364583333333333 0.06388888888888888
4 0.70859375 0.7300925925925926 0.0578125 0.06759259259259259
4 0.7348958333333333 0.8078703703703703 0.07395833333333333 0.09537037037037037
4 0.7796875 0.9254629629629629 0.09375 0.13425925925925927
4 0.40911458333333334 0.38425925925925924 0.019270833333333334 0.016666666666666666
4 0.44427083333333334 0.40555555555555556 0.011458333333333333 0.016666666666666666
4 0.4583333333333333 0.4152777777777778 0.011458333333333333 0.023148148148148147
4 0.43125 0.39537037037037037 0.009375 0.012962962962962963
4 0.4270833333333333 0.4050925925925926 0.010416666666666666 0.01574074074074074
4 0.40677083333333336 0.4236111111111111 0.013541666666666667 0.01574074074074074
4 0.39921875 0.43194444444444446 0.015104166666666667 0.025
4 0.41432291666666665 0.43657407407407406 0.018229166666666668 0.025
4 0.39114583333333336 0.4351851851851852 0.015625 0.025925925925925925
4 0.38333333333333336 0.4449074074074074 0.016666666666666666 0.026851851851851852
4 0.37604166666666666 0.45416666666666666 0.014583333333333334 0.026851851851851852
4 0.3416666666666667 0.4861111111111111 0.021875 0.03333333333333333
4 0.33098958333333334 0.5226851851851851 0.030729166666666665 0.04537037037037037
4 0.2981770833333333 0.5513888888888889 0.04114583333333333 0.04537037037037037
4 0.28567708333333336 0.5277777777777778 0.0296875 0.04814814814814815
4 0.23385416666666667 0.5712962962962963 0.04791666666666667 0.06481481481481481
4 0.19166666666666668 0.6171296296296296 0.046875 0.062037037037037036
4 0.14661458333333333 0.6652777777777777 0.06302083333333333 0.075
4 0.0859375 0.7148148148148148 0.08645833333333333 0.08703703703703704
4 0.03177083333333333 0.7805555555555556 0.06354166666666666 0.08518518518518518
4 0.3221354166666667 0.3814814814814815 0.0203125 0.012962962962962963
4 0.32369791666666664 0.38842592592592595 0.0203125 0.017592592592592594
4 0.44192708333333336 0.36944444444444446 0.0171875 0.012962962962962963
4 0.43854166666666666 0.375 0.016666666666666666 0.012962962962962963
4 0.40286458333333336 0.37037037037037035 0.016145833333333335 0.012962962962962963
4 0.40729166666666666 0.3675925925925926 0.015625 0.014814814814814815
