4 0.3328125 0.8157407407407408 0.12083333333333333 0.18518518518518517
4 0.46041666666666664 0.6791666666666667 0.06979166666666667 0.11018518518518519
4 0.3625 0.7023148148148148 0.071875 0.12129629629629629
4 0.37135416666666665 0.6504629629629629 0.05625 0.08796296296296297
4 0.3893229166666667 0.6212962962962963 0.049479166666666664 0.07962962962962963
4 0.3885416666666667 0.5949074074074074 0.03958333333333333 0.058333333333333334
4 0.38776041666666666 0.5773148148148148 0.0359375 0.05092592592592592
4 0.4596354166666667 0.6087962962962963 0.0421875 0.05462962962962963
4 0.4440104166666667 0.5736111111111111 0.034895833333333334 0.049074074074074076
4 0.43723958333333335 0.5606481481481481 0.025520833333333333 0.049074074074074076
4 0.43359375 0.537962962962963 0.024479166666666666 0.03888888888888889
4 0.771875 0.9120370370370371 0.28229166666666666 0.17592592592592593
4 0.8520833333333333 0.7472222222222222 0.21770833333333334 0.13148148148148148
4 0.8244791666666667 0.6930555555555555 0.175 0.10648148148148148
4 0.6552083333333333 0.7212962962962963 0.10729166666666666 0.1388888888888889
4 0.8299479166666667 0.6148148148148148 0.08697916666666666 0.06851851851851852
4 0.71171875 0.5731481481481482 0.06510416666666667 0.04259259259259259
4 0.73359375 0.586574074074074 0.0734375 0.05462962962962963
4 0.7575520833333333 0.5916666666666667 0.08072916666666667 0.05185185185185185
4 0.8653645833333333 0.6277777777777778 0.09114583333333333 0.06111111111111111
4 0.3963541666666667 0.562962962962963 0.025 0.040740740740740744
4 0.39869791666666665 0.5564814814814815 0.021354166666666667 0.040740740740740744
4 0.40546875 0.5050925925925925 0.0109375 0.019444444444444445
