0 0.6513020833333333 0.8944444444444445 0.0609375 0.14444444444444443
0 0.5166666666666667 0.48935185185185187 0.025 0.049074074074074076
0 0.55390625 0.3921296296296296 0.018229166666666668 0.032407407407407406
0 0.5447916666666667 0.29398148148148145 0.0125 0.019444444444444445
0 0.5458333333333333 0.27361111111111114 0.011458333333333333 0.01574074074074074
0 0.5434895833333333 0.24212962962962964 0.008854166666666666 0.01574074074074074
0 0.553125 0.22592592592592592 0.009375 0.012962962962962963
0 0.7567708333333333 0.5305555555555556 0.04895833333333333 0.03518518518518519
0 0.7638020833333333 0.5467592592592593 0.0421875 0.032407407407407406
0 0.71484375 0.4185185185185185 0.0296875 0.025925925925925925
0 0.72265625 0.2949074074074074 0.025520833333333333 0.021296296296296296
0 0.7450520833333333 0.2916666666666667 0.027604166666666666 0.014814814814814815
0 0.74140625 0.2884259259259259 0.027604166666666666 0.017592592592592594
