0 0.15703125 0.1087962962962963 0.0109375 0.01574074074074074
0 0.16901041666666666 0.062037037037037036 0.016145833333333335 0.011111111111111112
0 0.13984375 0.0625 0.0171875 0.012037037037037037
0 0.5143229166666666 0.4625 0.03177083333333333 0.062037037037037036
0 0.4856770833333333 0.35138888888888886 0.0265625 0.049074074074074076
0 0.5580729166666667 0.3648148148148148 0.030729166666666665 0.04259259259259259
0 0.45416666666666666 0.19444444444444445 0.017708333333333333 0.022222222222222223
0 0.42604166666666665 0.11388888888888889 0.010416666666666666 0.014814814814814815
0 0.41901041666666666 0.07916666666666666 0.008854166666666666 0.012037037037037037
0 0.38958333333333334 0.05462962962962963 0.007291666666666667 0.011111111111111112
0 0.38723958333333336 0.0412037037037037 0.0067708333333333336 0.008333333333333333
0 0.38255208333333335 0.03287037037037037 0.005729166666666666 0.010185185185185186
0 0.38697916666666665 0.01574074074074074 0.004166666666666667 0.007407407407407408
0 0.37265625 0.006481481481481481 0.0046875 0.005555555555555556
0 0.35260416666666666 0.005092592592592593 0.004166666666666667 0.006481481481481481
0 0.6606770833333333 0.09490740740740741 0.018229166666666668 0.012037037037037037
0 0.6505208333333333 0.09074074074074075 0.014583333333333334 0.012962962962962963
0 0.6458333333333334 0.08611111111111111 0.013541666666666667 0.012962962962962963
0 0.5833333333333334 0.06111111111111111 0.014583333333333334 0.011111111111111112
0 0.6635416666666667 0.0699074074074074 0.013541666666666667 0.010185185185185186
0 0.66953125 0.07268518518518519 0.0109375 0.010185185185185186
0 0.6755208333333333 0.07546296296296297 0.0125 0.010185185185185186
0 0.6822916666666666 0.07824074074074074 0.014583333333333334 0.012037037037037037
0 0.6997395833333333 0.08703703703703704 0.0109375 0.011111111111111112
0 0.7010416666666667 0.08935185185185185 0.009375 0.010185185185185186
