4 0.5091145833333334 0.9560185185185185 0.04010416666666667 0.08425925925925926
4 0.44947916666666665 0.8847222222222222 0.0375 0.075
4 0.3658854166666667 0.9263888888888889 0.03697916666666667 0.09907407407407408
4 0.32526041666666666 0.8416666666666667 0.059895833333333336 0.06111111111111111
4 0.36276041666666664 0.7435185185185185 0.05572916666666667 0.04814814814814815
4 0.40520833333333334 0.7129629629629629 0.027083333333333334 0.053703703703703705
4 0.52421875 0.6662037037037037 0.022395833333333334 0.04722222222222222
4 0.48072916666666665 0.6435185185185185 0.022916666666666665 0.046296296296296294
4 0.5424479166666667 0.5856481481481481 0.0171875 0.032407407407407406
4 0.4622395833333333 0.5347222222222222 0.016145833333333335 0.030555555555555555
4 0.5408854166666667 0.5472222222222223 0.0171875 0.027777777777777776
4 0.5346354166666667 0.49907407407407406 0.015104166666666667 0.03148148148148148
4 0.52890625 0.4583333333333333 0.011979166666666667 0.024074074074074074
4 0.5200520833333333 0.4393518518518518 0.0171875 0.023148148148148147
4 0.42161458333333335 0.5574074074074075 0.0171875 0.025925925925925925
4 0.42734375 0.5236111111111111 0.016145833333333335 0.032407407407407406
4 0.42630208333333336 0.49444444444444446 0.016145833333333335 0.02962962962962963
4 0.440625 0.48194444444444445 0.013541666666666667 0.026851851851851852
4 0.43515625 0.44814814814814813 0.013020833333333334 0.025925925925925925
4 0.4466145833333333 0.3976851851851852 0.011979166666666667 0.019444444444444445
4 0.51640625 0.42083333333333334 0.011979166666666667 0.021296296296296296
4 0.13880208333333333 0.7189814814814814 0.05677083333333333 0.03611111111111111
4 0.4510416666666667 0.3611111111111111 0.0125 0.020370370370370372
4 0.5033854166666667 0.20879629629629629 0.0046875 0.006481481481481481
4 0.43255208333333334 0.2337962962962963 0.0067708333333333336 0.008333333333333333
4 0.44453125 0.2361111111111111 0.008854166666666666 0.005555555555555556
4 0.49713541666666666 0.22268518518518518 0.0046875 0.006481481481481481
4 0.5106770833333333 0.23703703703703705 0.0046875 0.007407407407407408
4 0.50078125 0.24444444444444444 0.0046875 0.011111111111111112
4 0.48984375 0.24166666666666667 0.0046875 0.007407407407407408
4 0.490625 0.25092592592592594 0.005208333333333333 0.009259259259259259
4 0.49192708333333335 0.2972222222222222 0.0067708333333333336 0.012962962962962963
4 0.48359375 0.2722222222222222 0.0067708333333333336 0.011111111111111112
4 0.4739583333333333 0.2662037037037037 0.00625 0.010185185185185186
4 0.47109375 0.28379629629629627 0.005729166666666666 0.010185185185185186
4 0.46171875 0.3101851851851852 0.0067708333333333336 0.012962962962962963
