4 0.27421875 0.6074074074074074 0.0921875 0.08333333333333333
4 0.35963541666666665 0.44027777777777777 0.0703125 0.062037037037037036
4 0.4453125 0.4083333333333333 0.03229166666666667 0.07777777777777778
4 0.25052083333333336 0.2037037037037037 0.04375 0.046296296296296294
4 0.365625 0.3333333333333333 0.057291666666666664 0.05
4 0.2953125 0.15416666666666667 0.03854166666666667 0.030555555555555555
4 0.30494791666666665 0.14166666666666666 0.0359375 0.025925925925925925
4 0.3203125 0.12314814814814815 0.036458333333333336 0.024074074074074074
4 0.328125 0.11157407407407408 0.03125 0.025
4 0.334375 0.1037037037037037 0.029166666666666667 0.022222222222222223
4 0.44244791666666666 0.13842592592592592 0.03802083333333333 0.026851851851851852
4 0.47109375 0.2337962962962963 0.0234375 0.049074074074074076
4 0.48046875 0.18287037037037038 0.0203125 0.03796296296296296
4 0.6106770833333334 0.22546296296296298 0.025520833333333333 0.04351851851851852
4 0.6513020833333333 0.22361111111111112 0.0265625 0.03611111111111111
4 0.58203125 0.13657407407407407 0.016145833333333335 0.032407407407407406
4 0.5924479166666666 0.09768518518518518 0.0140625 0.025
4 0.6307291666666667 0.07731481481481481 0.016666666666666666 0.021296296296296296
4 0.4940104166666667 0.10740740740740741 0.015104166666666667 0.027777777777777776
4 0.5013020833333334 0.0824074074074074 0.016145833333333335 0.022222222222222223
4 0.44192708333333336 0.1111111111111111 0.028645833333333332 0.022222222222222223
4 0.44427083333333334 0.10462962962962963 0.03125 0.018518518518518517
4 0.5158854166666667 0.06666666666666667 0.027604166666666666 0.024074074074074074
4 0.53125 0.05555555555555555 0.023958333333333335 0.016666666666666666
4 0.5481770833333334 0.044444444444444446 0.018229166666666668 0.018518518518518517
4 0.4158854166666667 0.03287037037037037 0.018229166666666668 0.01574074074074074
4 0.6 0.03148148148148148 0.011458333333333333 0.018518518518518517
4 0.6075520833333333 0.014351851851851852 0.009895833333333333 0.01574074074074074
4 0.5109375 0.02638888888888889 0.011458333333333333 0.013888888888888888
4 0.5135416666666667 0.017592592592592594 0.009375 0.012962962962962963
