4 0.65390625 0.6523148148148148 0.07760416666666667 0.11203703703703703
4 0.54296875 0.4773148148148148 0.04114583333333333 0.0787037037037037
4 0.5059895833333333 0.37777777777777777 0.03802083333333333 0.06296296296296296
4 0.2765625 0.6472222222222223 0.046875 0.12222222222222222
4 0.3828125 0.46620370370370373 0.034375 0.09907407407407408
4 0.30963541666666666 0.5185185185185185 0.034895833333333334 0.10555555555555556
4 0.5463541666666667 0.30277777777777776 0.05416666666666667 0.046296296296296294
4 0.5369791666666667 0.2833333333333333 0.05520833333333333 0.037037037037037035
4 0.321875 0.25092592592592594 0.035416666666666666 0.044444444444444446
4 0.31666666666666665 0.20046296296296295 0.042708333333333334 0.032407407407407406
4 0.3067708333333333 0.12037037037037036 0.034375 0.03148148148148148
4 0.32057291666666665 0.10092592592592593 0.0140625 0.027777777777777776
4 0.42083333333333334 0.0912037037037037 0.015625 0.023148148148148147
4 0.4078125 0.03981481481481482 0.0125 0.020370370370370372
4 0.3958333333333333 0.021296296296296296 0.010416666666666666 0.022222222222222223
4 0.3971354166666667 0.009722222222222222 0.008854166666666666 0.01574074074074074
4 0.3776041666666667 0.027314814814814816 0.010416666666666666 0.017592592592592594
4 0.3223958333333333 0.03981481481481482 0.010416666666666666 0.018518518518518517
4 0.3302083333333333 0.007407407407407408 0.021875 0.014814814814814815
4 0.30885416666666665 0.010648148148148148 0.016666666666666666 0.01574074074074074
4 0.30911458333333336 0.03333333333333333 0.0109375 0.018518518518518517
