0 0.22161458333333334 0.009259259259259259 0.005729166666666666 0.011111111111111112
0 0.21432291666666667 0.011111111111111112 0.0067708333333333336 0.014814814814814815
0 0.1796875 0.03425925925925926 0.016666666666666666 0.014814814814814815
0 0.14427083333333332 0.10740740740740741 0.023958333333333335 0.014814814814814815
0 0.13932291666666666 0.11944444444444445 0.022395833333333334 0.014814814814814815
0 0.24817708333333333 0.2513888888888889 0.0203125 0.04537037037037037
0 0.10520833333333333 0.2611111111111111 0.04583333333333333 0.037037037037037035
0 0.121875 0.324537037037037 0.051041666666666666 0.041666666666666664
0 0.14583333333333334 0.42685185185185187 0.029166666666666667 0.09259259259259259
0 0.05651041666666667 0.48194444444444445 0.06614583333333333 0.03611111111111111
