4 0.48020833333333335 0.25601851851851853 0.03229166666666667 0.04351851851851852
4 0.39166666666666666 0.4722222222222222 0.034375 0.07407407407407407
4 0.42916666666666664 0.3282407407407407 0.030208333333333334 0.05462962962962963
4 0.40390625 0.25416666666666665 0.022395833333333334 0.03611111111111111
4 0.3541666666666667 0.2814814814814815 0.022916666666666665 0.04259259259259259
4 0.3455729166666667 0.2212962962962963 0.028645833333333332 0.03518518518518519
4 0.44765625 0.1837962962962963 0.0203125 0.028703703703703703
4 0.46770833333333334 0.14537037037037037 0.03125 0.022222222222222223
4 0.4596354166666667 0.1287037037037037 0.0296875 0.020370370370370372
4 0.22369791666666666 0.47175925925925927 0.0421875 0.10092592592592593
4 0.07864583333333333 0.45925925925925926 0.06041666666666667 0.08333333333333333
4 0.14427083333333332 0.3726851851851852 0.0375 0.06759259259259259
4 0.15338541666666666 0.30694444444444446 0.0328125 0.05277777777777778
4 0.15546875 0.2726851851851852 0.05260416666666667 0.05462962962962963
4 0.11380208333333333 0.26481481481481484 0.05572916666666667 0.044444444444444446
4 0.17786458333333333 0.19305555555555556 0.04114583333333333 0.032407407407407406
4 0.20546875 0.19814814814814816 0.022395833333333334 0.037037037037037035
4 0.22473958333333333 0.20601851851851852 0.0203125 0.03981481481481482
4 0.23776041666666667 0.17916666666666667 0.019270833333333334 0.032407407407407406
4 0.19635416666666666 0.14537037037037037 0.034375 0.024074074074074074
4 0.20416666666666666 0.13148148148148148 0.035416666666666666 0.024074074074074074
4 0.22083333333333333 0.11805555555555555 0.03125 0.019444444444444445
4 0.22109375 0.11388888888888889 0.03177083333333333 0.016666666666666666
4 0.24635416666666668 0.11990740740740741 0.017708333333333333 0.025
4 0.29739583333333336 0.10740740740740741 0.014583333333333334 0.025925925925925925
4 0.29765625 0.0712962962962963 0.011979166666666667 0.020370370370370372
4 0.3067708333333333 0.04814814814814815 0.010416666666666666 0.018518518518518517
4 0.2591145833333333 0.08518518518518518 0.011979166666666667 0.018518518518518517
4 0.2604166666666667 0.05092592592592592 0.021875 0.020370370370370372
4 0.2765625 0.04259259259259259 0.017708333333333333 0.016666666666666666
4 0.26640625 0.033796296296296297 0.021354166666666667 0.01574074074074074
4 0.2640625 0.028703703703703703 0.022916666666666665 0.012962962962962963
4 0.2674479166666667 0.023148148148148147 0.021354166666666667 0.011111111111111112
4 0.08489583333333334 0.19583333333333333 0.023958333333333335 0.03796296296296296
4 0.4473958333333333 0.08888888888888889 0.025 0.022222222222222223
4 0.4276041666666667 0.06712962962962964 0.020833333333333332 0.01574074074074074
4 0.4265625 0.06342592592592593 0.022916666666666665 0.013888888888888888
4 0.40625 0.07037037037037037 0.0125 0.018518518518518517
4 0.4197916666666667 0.047685185185185185 0.020833333333333332 0.017592592592592594
4 0.4203125 0.04027777777777778 0.020833333333333332 0.013888888888888888
4 0.4125 0.03657407407407407 0.014583333333333334 0.017592592592592594
4 0.3494791666666667 0.012962962962962963 0.008333333333333333 0.012962962962962963
