4 0.9388020833333334 0.8245370370370371 0.058854166666666666 0.10092592592592593
4 0.9158854166666667 0.5643518518518519 0.07135416666666666 0.05648148148148148
4 0.6588541666666666 0.16666666666666666 0.005208333333333333 0.007407407407407408
4 0.66015625 0.1287037037037037 0.0026041666666666665 0.003703703703703704
4 0.659375 0.12268518518518519 0.0020833333333333333 0.002777777777777778
4 0.6572916666666667 0.12083333333333333 0.0020833333333333333 0.002777777777777778
4 0.6583333333333333 0.2967592592592593 0.0125 0.021296296296296296
4 0.6309895833333333 0.412962962962963 0.0203125 0.03518518518518519
4 0.6197916666666666 0.4666666666666667 0.023958333333333335 0.04259259259259259
4 0.5994791666666667 0.5782407407407407 0.034375 0.07685185185185185
4 0.20026041666666666 0.4949074074074074 0.06197916666666667 0.04722222222222222
