4 0.3921875 0.5787037037037037 0.034375 0.09074074074074075
4 0.29791666666666666 0.6509259259259259 0.04479166666666667 0.10740740740740741
4 0.16458333333333333 0.65 0.053125 0.11666666666666667
4 0.09088541666666666 0.39444444444444443 0.0453125 0.05740740740740741
4 0.040364583333333336 0.36527777777777776 0.03697916666666667 0.03981481481481482
4 0.20703125 0.3662037037037037 0.030729166666666665 0.04722222222222222
4 0.13541666666666666 0.3458333333333333 0.029166666666666667 0.03981481481481482
4 0.14791666666666667 0.3199074074074074 0.028125 0.032407407407407406
4 0.13723958333333333 0.28935185185185186 0.043229166666666666 0.032407407407407406
4 0.1828125 0.26944444444444443 0.021875 0.025925925925925925
4 0.28932291666666665 0.2875 0.019270833333333334 0.032407407407407406
4 0.22447916666666667 0.21805555555555556 0.01875 0.023148148148148147
4 0.228125 0.19814814814814816 0.017708333333333333 0.016666666666666666
4 0.27734375 0.2064814814814815 0.0234375 0.020370370370370372
4 0.2421875 0.18888888888888888 0.014583333333333334 0.014814814814814815
4 0.24869791666666666 0.18472222222222223 0.011979166666666667 0.01574074074074074
4 0.25364583333333335 0.1763888888888889 0.0125 0.012037037037037037
4 0.25859375 0.1685185185185185 0.008854166666666666 0.012962962962962963
4 0.26171875 0.1587962962962963 0.0171875 0.012037037037037037
4 0.26588541666666665 0.1537037037037037 0.0171875 0.011111111111111112
4 0.29270833333333335 0.1763888888888889 0.010416666666666666 0.017592592592592594
4 0.33359375 0.2324074074074074 0.0140625 0.022222222222222223
4 0.36744791666666665 0.2375 0.0140625 0.021296296296296296
4 0.36744791666666665 0.21342592592592594 0.0109375 0.021296296296296296
4 0.321875 0.16296296296296298 0.009375 0.012962962962962963
4 0.353125 0.15092592592592594 0.008333333333333333 0.014814814814814815
4 0.32135416666666666 0.1300925925925926 0.00625 0.008333333333333333
4 0.34270833333333334 0.13703703703703704 0.00625 0.009259259259259259
4 0.34270833333333334 0.1300925925925926 0.00625 0.010185185185185186
4 0.3528645833333333 0.1259259259259259 0.005729166666666666 0.009259259259259259
4 0.32317708333333334 0.12314814814814815 0.005729166666666666 0.009259259259259259
4 0.33125 0.12037037037037036 0.009375 0.009259259259259259
4 0.3268229166666667 0.11388888888888889 0.008854166666666666 0.007407407407407408
4 0.3346354166666667 0.10787037037037037 0.0046875 0.008333333333333333
4 0.33645833333333336 0.10277777777777777 0.003125 0.005555555555555556
4 0.39375 0.14953703703703702 0.013541666666666667 0.013888888888888888
4 0.3927083333333333 0.1625 0.009375 0.010185185185185186
4 0.3984375 0.17314814814814813 0.011458333333333333 0.012962962962962963
4 0.4203125 0.20185185185185187 0.023958333333333335 0.020370370370370372
4 0.421875 0.2222222222222222 0.021875 0.022222222222222223
4 0.4205729166666667 0.23472222222222222 0.019270833333333334 0.019444444444444445
4 0.42942708333333335 0.2439814814814815 0.019270833333333334 0.017592592592592594
4 0.4388020833333333 0.2847222222222222 0.024479166666666666 0.032407407407407406
4 0.46510416666666665 0.2726851851851852 0.030208333333333334 0.025
4 0.49140625 0.3699074074074074 0.0546875 0.03981481481481482
4 0.5033854166666667 0.4449074074074074 0.03802083333333333 0.05462962962962963
4 0.5390625 0.5254629629629629 0.05 0.07314814814814814
4 0.6440104166666667 0.6671296296296296 0.1015625 0.07685185185185185
