4 0.5651041666666666 0.48333333333333334 0.036458333333333336 0.046296296296296294
4 0.5861979166666667 0.4412037037037037 0.04635416666666667 0.03611111111111111
4 0.56953125 0.4148148148148148 0.0390625 0.03333333333333333
4 0.4158854166666667 0.6194444444444445 0.033854166666666664 0.07592592592592592
4 0.42265625 0.36666666666666664 0.0171875 0.027777777777777776
4 0.3846354166666667 0.37407407407407406 0.018229166666666668 0.027777777777777776
4 0.39036458333333335 0.30787037037037035 0.011979166666666667 0.021296296296296296
4 0.3736979166666667 0.2833333333333333 0.011979166666666667 0.018518518518518517
4 0.34765625 0.25555555555555554 0.0109375 0.016666666666666666
4 0.35130208333333335 0.2800925925925926 0.013020833333333334 0.023148148148148147
4 0.33515625 0.26944444444444443 0.011979166666666667 0.020370370370370372
4 0.31744791666666666 0.2777777777777778 0.013020833333333334 0.022222222222222223
4 0.33958333333333335 0.30092592592592593 0.0125 0.024074074074074074
4 0.3567708333333333 0.15601851851851853 0.005208333333333333 0.006481481481481481
4 0.36692708333333335 0.15601851851851853 0.0026041666666666665 0.004629629629629629
4 0.3692708333333333 0.17175925925925925 0.005208333333333333 0.008333333333333333
4 0.36223958333333334 0.16435185185185186 0.0046875 0.008333333333333333
4 0.3614583333333333 0.19074074074074074 0.00625 0.009259259259259259
4 0.3458333333333333 0.21574074074074073 0.007291666666666667 0.012962962962962963
4 0.32057291666666665 0.31851851851851853 0.019270833333333334 0.027777777777777776
4 0.33229166666666665 0.15555555555555556 0.005208333333333333 0.005555555555555556
4 0.3341145833333333 0.22407407407407406 0.008854166666666666 0.014814814814814815
4 0.2559895833333333 0.2518518518518518 0.0203125 0.020370370370370372
4 0.2828125 0.2865740740740741 0.014583333333333334 0.021296296296296296
4 0.23567708333333334 0.27314814814814814 0.0296875 0.018518518518518517
4 0.22760416666666666 0.31157407407407406 0.03229166666666667 0.026851851851851852
4 0.19010416666666666 0.3384259259259259 0.030208333333333334 0.028703703703703703
4 0.15442708333333333 0.3851851851851852 0.0390625 0.03148148148148148
4 0.13854166666666667 0.4324074074074074 0.052083333333333336 0.03888888888888889
4 0.1 0.31157407407407406 0.030208333333333334 0.026851851851851852
4 0.059375 0.3101851851851852 0.030208333333333334 0.022222222222222223
4 0.05625 0.3351851851851852 0.028125 0.027777777777777776
4 0.12526041666666668 0.49027777777777776 0.059895833333333336 0.03796296296296296
4 0.07552083333333333 0.48009259259259257 0.03333333333333333 0.058333333333333334
4 0.057291666666666664 0.5365740740740741 0.046875 0.058333333333333334
4 0.013802083333333333 0.5106481481481482 0.027604166666666666 0.049074074074074076
4 0.020572916666666666 0.538425925925926 0.04114583333333333 0.06388888888888888
