4 0.12239583333333333 0.4625 0.035416666666666666 0.07314814814814814
4 0.12265625 0.3023148148148148 0.027604166666666666 0.062037037037037036
4 0.14322916666666666 0.32407407407407407 0.027083333333333334 0.06481481481481481
4 0.28151041666666665 0.31157407407407406 0.0203125 0.05277777777777778
4 0.19895833333333332 0.1638888888888889 0.016666666666666666 0.03518518518518519
4 0.20286458333333332 0.10925925925925926 0.011979166666666667 0.025925925925925925
4 0.3190104166666667 0.1935185185185185 0.0171875 0.037037037037037035
4 0.37942708333333336 0.25555555555555554 0.0234375 0.040740740740740744
4 0.35859375 0.37962962962962965 0.03177083333333333 0.07222222222222222
4 0.134375 0.10231481481481482 0.023958333333333335 0.019444444444444445
4 0.146875 0.11064814814814815 0.022916666666666665 0.019444444444444445
4 0.13958333333333334 0.09444444444444444 0.020833333333333332 0.016666666666666666
4 0.2643229166666667 0.07453703703703704 0.008854166666666666 0.017592592592592594
4 0.26328125 0.046296296296296294 0.0078125 0.014814814814814815
4 0.22291666666666668 0.030555555555555555 0.007291666666666667 0.014814814814814815
4 0.21171875 0.028703703703703703 0.0067708333333333336 0.012962962962962963
4 0.18359375 0.06805555555555555 0.009895833333333333 0.017592592592592594
4 0.18723958333333332 0.05694444444444444 0.008854166666666666 0.01574074074074074
4 0.04296875 0.30787037037037035 0.0296875 0.032407407407407406
4 0.018229166666666668 0.4300925925925926 0.035416666666666666 0.09351851851851851
