4 0.020833333333333332 0.4837962962962963 0.041666666666666664 0.07314814814814814
4 0.09895833333333333 0.36527777777777776 0.028125 0.03611111111111111
4 0.14296875 0.300462962962963 0.024479166666666666 0.03796296296296296
4 0.16953125 0.25972222222222224 0.033854166666666664 0.025
4 0.171875 0.24537037037037038 0.015625 0.027777777777777776
4 0.2520833333333333 0.20833333333333334 0.014583333333333334 0.020370370370370372
4 0.26875 0.1648148148148148 0.009375 0.014814814814814815
4 0.196875 0.1550925925925926 0.011458333333333333 0.013888888888888888
4 0.22838541666666667 0.16898148148148148 0.013020833333333334 0.017592592592592594
4 0.23411458333333332 0.15601851851851853 0.009895833333333333 0.01574074074074074
4 0.25234375 0.13194444444444445 0.009895833333333333 0.013888888888888888
4 0.23463541666666668 0.10925925925925926 0.008854166666666666 0.011111111111111112
4 0.27708333333333335 0.10138888888888889 0.0125 0.010185185185185186
4 0.24765625 0.09814814814814815 0.0140625 0.009259259259259259
4 0.25416666666666665 0.0875 0.00625 0.008333333333333333
4 0.2760416666666667 0.08518518518518518 0.005208333333333333 0.007407407407407408
4 0.34479166666666666 0.05787037037037037 0.003125 0.006481481481481481
4 0.34765625 0.06296296296296296 0.0036458333333333334 0.005555555555555556
4 0.3450520833333333 0.07314814814814814 0.0036458333333333334 0.005555555555555556
4 0.34479166666666666 0.06898148148148148 0.003125 0.006481481481481481
4 0.35885416666666664 0.08055555555555556 0.004166666666666667 0.007407407407407408
4 0.32838541666666665 0.056018518518518516 0.0036458333333333334 0.004629629629629629
4 0.33255208333333336 0.06527777777777778 0.0036458333333333334 0.006481481481481481
4 0.33671875 0.06712962962962964 0.0036458333333333334 0.006481481481481481
4 0.3372395833333333 0.0763888888888889 0.0036458333333333334 0.006481481481481481
4 0.34453125 0.08611111111111111 0.0036458333333333334 0.007407407407407408
4 0.340625 0.1125 0.007291666666666667 0.010185185185185186
4 0.3489583333333333 0.11157407407407408 0.00625 0.008333333333333333
4 0.36380208333333336 0.10138888888888889 0.005729166666666666 0.008333333333333333
4 0.36875 0.1259259259259259 0.00625 0.012962962962962963
4 0.37213541666666666 0.12962962962962962 0.008854166666666666 0.012962962962962963
4 0.36796875 0.18425925925925926 0.009895833333333333 0.014814814814814815
4 0.3606770833333333 0.22083333333333333 0.011979166666666667 0.019444444444444445
4 0.31276041666666665 0.14583333333333334 0.0078125 0.013888888888888888
4 0.315625 0.1361111111111111 0.008333333333333333 0.011111111111111112
4 0.31536458333333334 0.12731481481481483 0.0078125 0.012037037037037037
4 0.315625 0.12268518518518519 0.005208333333333333 0.010185185185185186
4 0.39427083333333335 0.22037037037037038 0.0125 0.018518518518518517
4 0.38984375 0.20092592592592592 0.0109375 0.020370370370370372
4 0.3880208333333333 0.19074074074074074 0.009375 0.014814814814814815
4 0.38255208333333335 0.16712962962962963 0.0078125 0.01574074074074074
4 0.37916666666666665 0.15462962962962962 0.009375 0.012962962962962963
4 0.3768229166666667 0.14444444444444443 0.0078125 0.011111111111111112
4 0.6520833333333333 0.5953703703703703 0.06354166666666666 0.08703703703703704
4 0.64140625 0.45787037037037037 0.049479166666666664 0.04537037037037037
4 0.6578125 0.4078703703703704 0.03958333333333333 0.062037037037037036
4 0.5419270833333333 0.27175925925925926 0.03697916666666667 0.023148148148148147
4 0.4283854166666667 0.18472222222222223 0.011979166666666667 0.017592592592592594
