4 0.47682291666666665 0.9148148148148149 0.1390625 0.17037037037037037
4 0.4471354166666667 0.8055555555555556 0.0859375 0.14629629629629629
4 0.434375 0.7180555555555556 0.065625 0.10092592592592593
4 0.4296875 0.6685185185185185 0.05 0.07777777777777778
4 0.41875 0.637962962962963 0.042708333333333334 0.06851851851851852
4 0.3390625 0.5625 0.028125 0.04351851851851852
4 0.41901041666666666 0.6041666666666666 0.034895833333333334 0.04722222222222222
4 0.1984375 0.6148148148148148 0.05416666666666667 0.07037037037037037
4 0.0234375 0.937962962962963 0.046875 0.12222222222222222
4 0.11145833333333334 0.9708333333333333 0.178125 0.058333333333333334
4 0.2989583333333333 0.5416666666666666 0.020833333333333332 0.03148148148148148
4 0.3221354166666667 0.5370370370370371 0.0234375 0.025925925925925925
4 0.3333333333333333 0.5254629629629629 0.01875 0.023148148148148147
4 0.34713541666666664 0.5083333333333333 0.013020833333333334 0.016666666666666666
4 0.3528645833333333 0.5037037037037037 0.013020833333333334 0.016666666666666666
4 0.4197916666666667 0.5800925925925926 0.034375 0.04537037037037037
4 0.4125 0.5560185185185185 0.029166666666666667 0.030555555555555555
4 0.4080729166666667 0.5398148148148149 0.021354166666666667 0.025925925925925925
4 0.40651041666666665 0.5305555555555556 0.0203125 0.024074074074074074
