4 0.20885416666666667 0.46620370370370373 0.053125 0.05277777777777778
4 0.17630208333333333 0.44212962962962965 0.03697916666666667 0.06018518518518518
4 0.20546875 0.3837962962962963 0.0265625 0.04722222222222222
4 0.22265625 0.3351851851851852 0.021354166666666667 0.037037037037037035
4 0.23776041666666667 0.2949074074074074 0.021354166666666667 0.032407407407407406
4 0.2794270833333333 0.18888888888888888 0.013020833333333334 0.020370370370370372
4 0.2721354166666667 0.2101851851851852 0.013020833333333334 0.018518518518518517
4 0.2669270833333333 0.22685185185185186 0.015104166666666667 0.020370370370370372
4 0.20989583333333334 0.27314814814814814 0.019791666666666666 0.025925925925925925
4 0.06536458333333334 0.3111111111111111 0.0296875 0.03888888888888889
4 0.11744791666666667 0.25601851851851853 0.022395833333333334 0.028703703703703703
4 0.13411458333333334 0.2064814814814815 0.0171875 0.018518518518518517
4 0.14166666666666666 0.22546296296296298 0.015625 0.025
4 0.3171875 0.0375 0.004166666666666667 0.008333333333333333
4 0.3020833333333333 0.06805555555555555 0.005208333333333333 0.008333333333333333
4 0.3067708333333333 0.07407407407407407 0.005208333333333333 0.007407407407407408
