4 0.6463541666666667 0.9273148148148148 0.030208333333333334 0.1398148148148148
4 0.3059895833333333 0.9328703703703703 0.1546875 0.13425925925925927
4 0.10729166666666666 0.9324074074074075 0.20833333333333334 0.13518518518518519
4 0.20026041666666666 0.8412037037037037 0.1359375 0.13796296296296295
4 0.221875 0.7324074074074074 0.05 0.06111111111111111
4 0.37109375 0.7453703703703703 0.06927083333333334 0.10185185185185185
4 0.40625 0.6861111111111111 0.053125 0.07777777777777778
4 0.31927083333333334 0.6708333333333333 0.053125 0.06574074074074074
4 0.45755208333333336 0.625 0.0328125 0.05185185185185185
4 0.40677083333333336 0.6157407407407407 0.030208333333333334 0.03888888888888889
4 0.4158854166666667 0.587037037037037 0.0234375 0.03888888888888889
4 0.4244791666666667 0.575 0.022916666666666665 0.03333333333333333
4 0.35598958333333336 0.5657407407407408 0.0234375 0.024074074074074074
4 0.40598958333333335 0.5699074074074074 0.024479166666666666 0.026851851851851852
4 0.44765625 0.5601851851851852 0.016145833333333335 0.024074074074074074
4 0.42734375 0.5537037037037037 0.0140625 0.020370370370370372
4 0.43697916666666664 0.5370370370370371 0.009375 0.014814814814814815
4 0.4432291666666667 0.5287037037037037 0.008333333333333333 0.011111111111111112
4 0.45286458333333335 0.5296296296296297 0.0078125 0.009259259259259259
