0 0.6604166666666667 0.2361111111111111 0.053125 0.05555555555555555
0 0.69296875 0.22361111111111112 0.030729166666666665 0.0787037037037037
0 0.6848958333333334 0.16666666666666666 0.03229166666666667 0.040740740740740744
0 0.61171875 0.16064814814814815 0.0265625 0.03425925925925926
0 0.5622395833333333 0.1550925925925926 0.043229166666666666 0.03796296296296296
0 0.5216145833333333 0.14212962962962963 0.04114583333333333 0.03425925925925926
0 0.47369791666666666 0.13518518518518519 0.04010416666666667 0.03333333333333333
0 0.44817708333333334 0.12916666666666668 0.03697916666666667 0.032407407407407406
0 0.4140625 0.12037037037037036 0.03333333333333333 0.03148148148148148
0 0.3875 0.11527777777777778 0.023958333333333335 0.030555555555555555
0 0.34921875 0.11064814814814815 0.03177083333333333 0.030555555555555555
0 0.32734375 0.10324074074074074 0.027604166666666666 0.028703703703703703
0 0.2864583333333333 0.1439814814814815 0.021875 0.03981481481481482
0 0.28958333333333336 0.10740740740740741 0.03229166666666667 0.02962962962962963
0 0.4591145833333333 0.05324074074074074 0.04010416666666667 0.032407407407407406
0 0.01484375 0.07546296296296297 0.0296875 0.03425925925925926
0 0.03958333333333333 0.08194444444444444 0.03333333333333333 0.03425925925925926
0 0.07161458333333333 0.09074074074074075 0.025520833333333333 0.03148148148148148
0 0.11692708333333333 0.10694444444444444 0.027604166666666666 0.032407407407407406
0 0.1984375 0.1388888888888889 0.029166666666666667 0.037037037037037035
0 0.2638020833333333 0.10138888888888889 0.04114583333333333 0.030555555555555555
0 0.23333333333333334 0.09444444444444444 0.03854166666666667 0.02962962962962963
0 0.2125 0.08703703703703704 0.03229166666666667 0.03518518518518519
0 0.18489583333333334 0.07407407407407407 0.03958333333333333 0.025925925925925925
0 0.16744791666666667 0.06666666666666667 0.03802083333333333 0.02962962962962963
0 0.14947916666666666 0.0625 0.03229166666666667 0.026851851851851852
0 0.13515625 0.05648148148148148 0.030729166666666665 0.027777777777777776
0 0.12369791666666667 0.05416666666666667 0.030729166666666665 0.023148148148148147
0 0.11145833333333334 0.05 0.036458333333333336 0.024074074074074074
0 0.09270833333333334 0.046296296296296294 0.029166666666666667 0.022222222222222223
0 0.07447916666666667 0.04212962962962963 0.030208333333333334 0.023148148148148147
0 0.04635416666666667 0.03611111111111111 0.029166666666666667 0.022222222222222223
0 0.018489583333333334 0.032407407407407406 0.033854166666666664 0.024074074074074074
0 0.11796875 0.00787037037037037 0.0265625 0.01574074074074074
0 0.25833333333333336 0.022685185185185187 0.029166666666666667 0.021296296296296296
0 0.321875 0.03148148148148148 0.03229166666666667 0.022222222222222223
