4 0.020833333333333332 0.11157407407407408 0.041666666666666664 0.04351851851851852
4 0.009895833333333333 0.02175925925925926 0.019791666666666666 0.03981481481481482
4 0.06484375 0.024537037037037038 0.049479166666666664 0.03981481481481482
4 0.28489583333333335 0.6773148148148148 0.034375 0.062037037037037036
4 0.27630208333333334 0.5115740740740741 0.030729166666666665 0.11203703703703703
4 0.2911458333333333 0.3023148148148148 0.028125 0.0824074074074074
4 0.46145833333333336 0.012962962962962963 0.041666666666666664 0.025925925925925925
4 0.6630208333333333 0.2300925925925926 0.04375 0.04537037037037037
4 0.6669270833333333 0.16805555555555557 0.0546875 0.041666666666666664
4 0.6893229166666667 0.125 0.03802083333333333 0.040740740740740744
4 0.6846354166666667 0.0625 0.0453125 0.03981481481481482
