0 0.12994791666666666 0.5254629629629629 0.09947916666666666 0.08055555555555556
0 0.103125 0.6069444444444444 0.11354166666666667 0.09537037037037037
0 0.21458333333333332 0.2759259259259259 0.06041666666666667 0.046296296296296294
0 0.240625 0.03287037037037037 0.036458333333333336 0.025
0 0.24479166666666666 0.02175925925925926 0.026041666666666668 0.021296296296296296
0 0.24765625 0.014814814814814815 0.033854166666666664 0.025925925925925925
0 0.3221354166666667 0.0763888888888889 0.019270833333333334 0.03611111111111111
0 0.3302083333333333 0.09953703703703703 0.036458333333333336 0.03796296296296296
0 0.36614583333333334 0.05092592592592592 0.016666666666666666 0.03333333333333333
0 0.40598958333333335 0.08518518518518518 0.018229166666666668 0.03518518518518519
0 0.465625 0.053703703703703705 0.03229166666666667 0.024074074074074074
0 0.3546875 0.1597222222222222 0.023958333333333335 0.05092592592592592
0 0.3924479166666667 0.19444444444444445 0.022395833333333334 0.044444444444444446
0 0.3919270833333333 0.2814814814814815 0.0265625 0.05925925925925926
0 0.38723958333333336 0.41574074074074074 0.0328125 0.08518518518518518
0 0.5106770833333333 0.36435185185185187 0.04114583333333333 0.10092592592592593
0 0.5497395833333333 0.537962962962963 0.058854166666666666 0.12222222222222222
0 0.609375 0.5486111111111112 0.06145833333333333 0.1175925925925926
0 0.6653645833333334 0.5407407407407407 0.0671875 0.0962962962962963
0 0.6934895833333333 0.5324074074074074 0.0296875 0.10740740740740741
0 0.6872395833333333 0.4074074074074074 0.0421875 0.10740740740740741
0 0.6565104166666667 0.41388888888888886 0.06197916666666667 0.1037037037037037
0 0.6138020833333333 0.4203703703703704 0.05260416666666667 0.0962962962962963
0 0.5671875 0.41712962962962963 0.052083333333333336 0.08611111111111111
0 0.6869791666666667 0.11527777777777778 0.036458333333333336 0.03796296296296296
0 0.6447916666666667 0.11527777777777778 0.04791666666666667 0.03981481481481482
0 0.6684895833333333 0.052314814814814814 0.0390625 0.030555555555555555
0 0.696875 0.04027777777777778 0.022916666666666665 0.026851851851851852
