4 0.19088541666666667 0.6175925925925926 0.07447916666666667 0.07777777777777778
4 0.08776041666666666 0.5907407407407408 0.09114583333333333 0.07407407407407407
4 0.2872395833333333 0.5268518518518519 0.033854166666666664 0.09074074074074075
4 0.296875 0.3972222222222222 0.025 0.05740740740740741
4 0.23723958333333334 0.3912037037037037 0.028645833333333332 0.06388888888888888
4 0.29192708333333334 0.3023148148148148 0.0203125 0.05648148148148148
4 0.3390625 0.3453703703703704 0.021875 0.05
4 0.30234375 0.23564814814814813 0.0171875 0.04351851851851852
4 0.30572916666666666 0.1763888888888889 0.016666666666666666 0.03425925925925926
4 0.31145833333333334 0.15601851851851853 0.016666666666666666 0.03425925925925926
4 0.33958333333333335 0.15925925925925927 0.016666666666666666 0.03518518518518519
4 0.07760416666666667 0.687962962962963 0.04791666666666667 0.040740740740740744
4 0.13411458333333334 0.47824074074074074 0.06614583333333333 0.03981481481481482
4 0.13880208333333333 0.44166666666666665 0.07239583333333334 0.03888888888888889
4 0.18151041666666667 0.36342592592592593 0.058854166666666666 0.04351851851851852
4 0.2015625 0.33240740740740743 0.06145833333333333 0.03888888888888889
4 0.20130208333333333 0.30925925925925923 0.049479166666666664 0.03518518518518519
4 0.21953125 0.2935185185185185 0.049479166666666664 0.03518518518518519
4 0.23619791666666667 0.28055555555555556 0.049479166666666664 0.03518518518518519
4 0.22161458333333334 0.2601851851851852 0.049479166666666664 0.03518518518518519
4 0.23463541666666668 0.25 0.049479166666666664 0.03518518518518519
4 0.19348958333333333 0.2490740740740741 0.049479166666666664 0.03518518518518519
4 0.22213541666666667 0.25925925925925924 0.049479166666666664 0.03518518518518519
4 0.25286458333333334 0.21203703703703702 0.0359375 0.03333333333333333
4 0.23958333333333334 0.19814814814814816 0.04895833333333333 0.03518518518518519
4 0.24375 0.19074074074074074 0.046875 0.02962962962962963
4 0.24895833333333334 0.17407407407407408 0.04895833333333333 0.03518518518518519
4 0.24661458333333333 0.17592592592592593 0.03802083333333333 0.03148148148148148
4 0.16744791666666667 0.1962962962962963 0.019270833333333334 0.02962962962962963
4 0.40130208333333334 0.2537037037037037 0.04010416666666667 0.03888888888888889
4 0.37604166666666666 0.22268518518518518 0.017708333333333333 0.032407407407407406
4 0.4044270833333333 0.21203703703703702 0.033854166666666664 0.02962962962962963
4 0.39817708333333335 0.19074074074074074 0.0328125 0.02962962962962963
4 0.31588541666666664 0.11388888888888889 0.011979166666666667 0.020370370370370372
4 0.3359375 0.0824074074074074 0.011458333333333333 0.018518518518518517
4 0.33151041666666664 0.05555555555555555 0.0078125 0.016666666666666666
