0 0.7484375 0.8625 0.11875 0.10462962962962963
0 0.5111979166666667 0.9398148148148148 0.07239583333333334 0.12037037037037036
0 0.47994791666666664 0.8310185185185185 0.05364583333333333 0.08425925925925926
0 0.39947916666666666 0.8212962962962963 0.059375 0.09074074074074075
0 0.41432291666666665 0.7726851851851851 0.050520833333333334 0.05648148148148148
0 0.45286458333333335 0.6898148148148148 0.030729166666666665 0.044444444444444446
0 0.48828125 0.7513888888888889 0.0359375 0.06018518518518518
0 0.49270833333333336 0.7134259259259259 0.03229166666666667 0.05092592592592592
0 0.4973958333333333 0.6810185185185185 0.029166666666666667 0.049074074074074076
0 0.49505208333333334 0.6583333333333333 0.025520833333333333 0.03518518518518519
0 0.503125 0.6458333333333334 0.021875 0.030555555555555555
0 0.50703125 0.6296296296296297 0.019270833333333334 0.025925925925925925
0 0.5119791666666667 0.6157407407407407 0.016666666666666666 0.027777777777777776
0 0.5369791666666667 0.6157407407407407 0.016666666666666666 0.027777777777777776
0 0.5354166666666667 0.6305555555555555 0.020833333333333332 0.03333333333333333
0 0.52265625 0.5958333333333333 0.027604166666666666 0.019444444444444445
0 0.5291666666666667 0.6 0.03229166666666667 0.022222222222222223
0 0.47890625 0.5962962962962963 0.0359375 0.020370370370370372
