0 0.2825520833333333 0.01574074074074074 0.025520833333333333 0.02962962962962963
0 0.27578125 0.09768518518518518 0.019270833333333334 0.019444444444444445
0 0.2671875 0.18935185185185185 0.025 0.025
0 0.2752604166666667 0.21898148148148147 0.0234375 0.021296296296296296
0 0.26536458333333335 0.12361111111111112 0.022395833333333334 0.026851851851851852
0 0.26510416666666664 0.24027777777777778 0.026041666666666668 0.019444444444444445
0 0.26197916666666665 0.2708333333333333 0.025 0.021296296296296296
0 0.225 0.3175925925925926 0.026041666666666668 0.024074074074074074
0 0.23932291666666666 0.3675925925925926 0.024479166666666666 0.03518518518518519
0 0.36041666666666666 0.037037037037037035 0.010416666666666666 0.044444444444444446
0 0.3489583333333333 0.3939814814814815 0.020833333333333332 0.041666666666666664
0 0.32317708333333334 0.449537037037037 0.013020833333333334 0.04351851851851852
0 0.30807291666666664 0.5273148148148148 0.011979166666666667 0.05092592592592592
0 0.346875 0.6430555555555556 0.013541666666666667 0.049074074074074076
0 0.2390625 0.5074074074074074 0.0125 0.046296296296296294
0 0.24505208333333334 0.4125 0.009895833333333333 0.04537037037037037
0 0.21510416666666668 0.4587962962962963 0.014583333333333334 0.05092592592592592
0 0.23333333333333334 0.6375 0.013541666666666667 0.05092592592592592
0 0.4908854166666667 0.03333333333333333 0.0109375 0.04814814814814815
0 0.5065104166666666 0.03194444444444444 0.011979166666666667 0.03981481481481482
0 0.5213541666666667 0.04027777777777778 0.011458333333333333 0.03611111111111111
0 0.5361979166666667 0.03194444444444444 0.011979166666666667 0.03611111111111111
0 0.55 0.03425925925925926 0.011458333333333333 0.040740740740740744
0 0.5861979166666667 0.008796296296296297 0.019270833333333334 0.017592592592592594
0 0.44583333333333336 0.36435185185185187 0.023958333333333335 0.021296296296296296
0 0.6859375 0.39305555555555555 0.026041666666666668 0.019444444444444445
0 0.6713541666666667 0.4564814814814815 0.020833333333333332 0.03518518518518519
0 0.4158854166666667 0.48333333333333334 0.0109375 0.046296296296296294
0 0.42578125 0.524074074074074 0.0203125 0.025925925925925925
0 0.41458333333333336 0.5740740740740741 0.0125 0.04814814814814815
0 0.41822916666666665 0.6430555555555556 0.023958333333333335 0.049074074074074076
0 0.5958333333333333 0.6828703703703703 0.016666666666666666 0.049074074074074076
0 0.6223958333333334 0.6986111111111111 0.014583333333333334 0.019444444444444445
0 0.6393229166666666 0.6981481481481482 0.011979166666666667 0.020370370370370372
0 0.6927083333333334 0.6888888888888889 0.015625 0.03888888888888889
