0 0.6453125 0.9254629629629629 0.034375 0.0787037037037037
0 0.5421875 0.8907407407407407 0.041666666666666664 0.09444444444444444
0 0.55859375 0.7861111111111111 0.034895833333333334 0.07592592592592592
0 0.4744791666666667 0.9101851851851852 0.0375 0.1037037037037037
0 0.5234375 0.6138888888888889 0.023958333333333335 0.04814814814814815
0 0.40963541666666664 0.8023148148148148 0.033854166666666664 0.09351851851851851
0 0.41796875 0.6680555555555555 0.024479166666666666 0.06018518518518518
0 0.54453125 0.4638888888888889 0.019270833333333334 0.027777777777777776
0 0.37057291666666664 0.31805555555555554 0.019270833333333334 0.01574074074074074
0 0.39609375 0.3347222222222222 0.021354166666666667 0.017592592592592594
0 0.39375 0.3189814814814815 0.020833333333333332 0.013888888888888888
0 0.4864583333333333 0.2375 0.014583333333333334 0.008333333333333333
0 0.4518229166666667 0.399537037037037 0.011979166666666667 0.025
0 0.5192708333333333 0.31805555555555554 0.009375 0.013888888888888888
0 0.5075520833333333 0.3402777777777778 0.011979166666666667 0.019444444444444445
0 0.4901041666666667 0.3347222222222222 0.009375 0.01574074074074074
0 0.4549479166666667 0.3402777777777778 0.009895833333333333 0.019444444444444445
0 0.46770833333333334 0.32222222222222224 0.010416666666666666 0.016666666666666666
