0 0.31796875 0.586574074074074 0.0140625 0.049074074074074076
0 0.2453125 0.6662037037037037 0.019791666666666666 0.05462962962962963
0 0.36875 0.5152777777777777 0.014583333333333334 0.05648148148148148
0 0.41822916666666665 0.6328703703703704 0.022916666666666665 0.06018518518518518
0 0.4578125 0.4203703703703704 0.03333333333333333 0.02962962962962963
0 0.52578125 0.4125 0.03177083333333333 0.026851851851851852
0 0.53203125 0.3625 0.030729166666666665 0.026851851851851852
0 0.53984375 0.32083333333333336 0.033854166666666664 0.026851851851851852
0 0.41015625 0.36527777777777776 0.0296875 0.04537037037037037
0 0.35885416666666664 0.3398148148148148 0.015625 0.05555555555555555
0 0.31796875 0.11851851851851852 0.013020833333333334 0.05555555555555555
0 0.6098958333333333 0.11851851851851852 0.03125 0.025925925925925925
0 0.12942708333333333 0.4148148148148148 0.0359375 0.027777777777777776
0 0.078125 0.4152777777777778 0.035416666666666666 0.025
0 0.009895833333333333 0.4148148148148148 0.019791666666666666 0.022222222222222223
0 0.04088541666666667 0.36064814814814816 0.030729166666666665 0.025
0 0.60078125 0.6375 0.03177083333333333 0.030555555555555555
0 0.7020833333333333 0.5203703703703704 0.0125 0.022222222222222223
0 0.6223958333333334 0.35555555555555557 0.030208333333333334 0.024074074074074074
