0 0.14661458333333333 0.012037037037037037 0.0390625 0.024074074074074074
0 0.21614583333333334 0.1884259259259259 0.07083333333333333 0.05648148148148148
0 0.4583333333333333 0.4587962962962963 0.09791666666666667 0.08425925925925926
0 0.41796875 0.17685185185185184 0.06614583333333333 0.06296296296296296
0 0.34713541666666664 0.12129629629629629 0.03802083333333333 0.06111111111111111
0 0.2604166666666667 0.12222222222222222 0.06145833333333333 0.05555555555555555
0 0.34088541666666666 0.08287037037037037 0.05572916666666667 0.04351851851851852
0 0.39765625 0.14444444444444443 0.06302083333333333 0.04814814814814815
0 0.40911458333333334 0.10462962962962963 0.0609375 0.046296296296296294
0 0.38776041666666666 0.021296296296296296 0.0421875 0.03888888888888889
0 0.40677083333333336 0.009259259259259259 0.04791666666666667 0.018518518518518517
0 0.4921875 0.6847222222222222 0.07708333333333334 0.04722222222222222
0 0.6776041666666667 0.3861111111111111 0.06145833333333333 0.06481481481481481
0 0.6807291666666667 0.449537037037037 0.05520833333333333 0.09351851851851851
