0 0.68203125 0.6259259259259259 0.05260416666666667 0.05185185185185185
0 0.6848958333333334 0.5634259259259259 0.046875 0.06759259259259259
0 0.6739583333333333 0.513425925925926 0.051041666666666666 0.0712962962962963
0 0.6221354166666667 0.5560185185185185 0.06197916666666667 0.08796296296296297
0 0.5552083333333333 0.5449074074074074 0.03854166666666667 0.08055555555555556
0 0.40182291666666664 0.35324074074074074 0.022395833333333334 0.04351851851851852
0 0.3489583333333333 0.43333333333333335 0.026041666666666668 0.05740740740740741
0 0.3453125 0.3351851851851852 0.021875 0.044444444444444446
0 0.3455729166666667 0.26435185185185184 0.018229166666666668 0.03425925925925926
0 0.33697916666666666 0.21574074074074073 0.016666666666666666 0.03148148148148148
0 0.32890625 0.1837962962962963 0.016145833333333335 0.026851851851851852
0 0.30833333333333335 0.17222222222222222 0.014583333333333334 0.02962962962962963
0 0.35078125 0.15185185185185185 0.015104166666666667 0.022222222222222223
0 0.3171875 0.09814814814814815 0.010416666666666666 0.020370370370370372
0 0.31927083333333334 0.07175925925925926 0.010416666666666666 0.017592592592592594
0 0.32083333333333336 0.011111111111111112 0.007291666666666667 0.011111111111111112
0 0.33229166666666665 0.009722222222222222 0.007291666666666667 0.012037037037037037
0 0.2796875 0.5782407407407407 0.034375 0.09907407407407408
0 0.23072916666666668 0.4925925925925926 0.03333333333333333 0.08148148148148149
0 0.29765625 0.41435185185185186 0.03177083333333333 0.0787037037037037
0 0.24609375 0.39351851851851855 0.0265625 0.07222222222222222
0 0.28958333333333336 0.2935185185185185 0.023958333333333335 0.05
0 0.2671875 0.2351851851851852 0.017708333333333333 0.027777777777777776
0 0.42421875 0.26435185185185184 0.034895833333333334 0.03796296296296296
0 0.4166666666666667 0.21944444444444444 0.0375 0.027777777777777776
0 0.371875 0.0837962962962963 0.021875 0.021296296296296296
0 0.35911458333333335 0.07175925925925926 0.009895833333333333 0.013888888888888888
0 0.3736979166666667 0.07083333333333333 0.0171875 0.01574074074074074
0 0.37109375 0.0625 0.0171875 0.013888888888888888
0 0.2875 0.11851851851851852 0.0125 0.024074074074074074
0 0.259375 0.11064814814814815 0.028125 0.019444444444444445
0 0.2677083333333333 0.1037037037037037 0.027083333333333334 0.018518518518518517
0 0.2638020833333333 0.09583333333333334 0.021354166666666667 0.013888888888888888
0 0.2752604166666667 0.09259259259259259 0.0234375 0.016666666666666666
0 0.28020833333333334 0.08935185185185185 0.022916666666666665 0.017592592592592594
0 0.2713541666666667 0.08148148148148149 0.022916666666666665 0.018518518518518517
0 0.2526041666666667 0.07777777777777778 0.023958333333333335 0.016666666666666666
0 0.27239583333333334 0.075 0.022916666666666665 0.012962962962962963
0 0.2890625 0.06805555555555555 0.019791666666666666 0.01574074074074074
0 0.28125 0.055092592592592596 0.020833333333333332 0.01574074074074074
0 0.2786458333333333 0.06018518518518518 0.021875 0.012962962962962963
0 0.23802083333333332 0.06111111111111111 0.010416666666666666 0.016666666666666666
0 0.017708333333333333 0.5236111111111111 0.035416666666666666 0.08796296296296297
0 0.13645833333333332 0.4217592592592593 0.0375 0.07314814814814814
0 0.045572916666666664 0.06111111111111111 0.0265625 0.016666666666666666
0 0.019270833333333334 0.06759259259259259 0.015625 0.018518518518518517
0 0.02109375 0.08564814814814815 0.015104166666666667 0.021296296296296296
0 0.005729166666666666 0.1050925925925926 0.011458333333333333 0.021296296296296296
0 0.00625 0.06898148148148148 0.0125 0.017592592592592594
0 0.28463541666666664 0.029166666666666667 0.0171875 0.012037037037037037
0 0.2799479166666667 0.02175925925925926 0.0140625 0.012037037037037037
0 0.28619791666666666 0.009722222222222222 0.015104166666666667 0.013888888888888888
