0 0.07395833333333333 0.23657407407407408 0.036458333333333336 0.04537037037037037
0 0.375 0.6398148148148148 0.05 0.1259259259259259
0 0.3046875 0.5615740740740741 0.03854166666666667 0.10833333333333334
0 0.3143229166666667 0.11898148148148148 0.015104166666666667 0.026851851851851852
0 0.31692708333333336 0.09490740740740741 0.013020833333333334 0.019444444444444445
0 0.3424479166666667 0.08425925925925926 0.013020833333333334 0.020370370370370372
0 0.3375 0.1050925925925926 0.016666666666666666 0.023148148148148147
0 0.3375 0.06712962962962964 0.011458333333333333 0.017592592592592594
0 0.6739583333333333 0.14629629629629629 0.028125 0.03888888888888889
0 0.6932291666666667 0.12129629629629629 0.030208333333333334 0.02962962962962963
0 0.6955729166666667 0.18611111111111112 0.025520833333333333 0.05
0 0.6177083333333333 0.11990740740740741 0.029166666666666667 0.028703703703703703
0 0.6322916666666667 0.11527777777777778 0.029166666666666667 0.028703703703703703
0 0.6828125 0.055092592592592596 0.035416666666666666 0.030555555555555555
0 0.35520833333333335 0.25277777777777777 0.019791666666666666 0.04259259259259259
0 0.3416666666666667 0.020833333333333332 0.015625 0.041666666666666664
0 0.3268229166666667 0.037037037037037035 0.008854166666666666 0.012962962962962963
0 0.31692708333333336 0.024074074074074074 0.008854166666666666 0.011111111111111112
0 0.315625 0.0060185185185185185 0.009375 0.010185185185185186
