4 0.23177083333333334 0.3907407407407407 0.028125 0.037037037037037035
4 0.26145833333333335 0.34305555555555556 0.016666666666666666 0.028703703703703703
4 0.30130208333333336 0.31203703703703706 0.011979166666666667 0.025925925925925925
4 0.33984375 0.2962962962962963 0.013020833333333334 0.027777777777777776
4 0.39817708333333335 0.21944444444444444 0.008854166666666666 0.012962962962962963
4 0.3640625 0.16018518518518518 0.010416666666666666 0.007407407407407408
4 0.31588541666666664 0.2671296296296296 0.009895833333333333 0.021296296296296296
4 0.3020833333333333 0.24953703703703703 0.01875 0.013888888888888888
4 0.31276041666666665 0.22546296296296298 0.009895833333333333 0.01574074074074074
4 0.31614583333333335 0.21712962962962962 0.016666666666666666 0.012037037037037037
4 0.31744791666666666 0.20879629629629629 0.016145833333333335 0.012037037037037037
4 0.3450520833333333 0.18796296296296297 0.0067708333333333336 0.011111111111111112
4 0.42864583333333334 0.2337962962962963 0.010416666666666666 0.017592592592592594
4 0.46927083333333336 0.2569444444444444 0.025 0.013888888888888888
4 0.4630208333333333 0.23425925925925925 0.019791666666666666 0.014814814814814815
4 0.48489583333333336 0.29583333333333334 0.030208333333333334 0.023148148148148147
4 0.3919270833333333 0.4759259259259259 0.0453125 0.04814814814814815
4 0.40859375 0.17962962962962964 0.005729166666666666 0.009259259259259259
4 0.4114583333333333 0.17314814814814813 0.00625 0.009259259259259259
4 0.3890625 0.14074074074074075 0.003125 0.005555555555555556
4 0.40130208333333334 0.1337962962962963 0.0036458333333333334 0.004629629629629629
4 0.4036458333333333 0.14166666666666666 0.003125 0.005555555555555556
4 0.40625 0.1486111111111111 0.004166666666666667 0.006481481481481481
4 0.4075520833333333 0.15555555555555556 0.0046875 0.005555555555555556
4 0.4080729166666667 0.1597222222222222 0.005729166666666666 0.006481481481481481
4 0.41015625 0.16435185185185186 0.0046875 0.008333333333333333
4 0.47760416666666666 0.22268518518518518 0.010416666666666666 0.017592592592592594
4 0.39140625 0.11712962962962963 0.005729166666666666 0.004629629629629629
4 0.39765625 0.12037037037037036 0.0026041666666666665 0.003703703703703704
4 0.35520833333333335 0.1527777777777778 0.004166666666666667 0.007407407407407408
4 0.3619791666666667 0.1361111111111111 0.005208333333333333 0.005555555555555556
4 0.3606770833333333 0.13935185185185187 0.0036458333333333334 0.006481481481481481
4 0.35911458333333335 0.1425925925925926 0.0036458333333333334 0.007407407407407408
4 0.3578125 0.14675925925925926 0.004166666666666667 0.006481481481481481
4 0.24791666666666667 0.30972222222222223 0.017708333333333333 0.028703703703703703
4 0.03333333333333333 0.225 0.020833333333333332 0.011111111111111112
4 0.415625 0.19398148148148148 0.007291666666666667 0.010185185185185186
4 0.4197916666666667 0.20324074074074075 0.008333333333333333 0.010185185185185186
