0 0.03828125 0.22962962962962963 0.04114583333333333 0.03333333333333333
0 0.08151041666666667 0.1814814814814815 0.021354166666666667 0.024074074074074074
0 0.22604166666666667 0.10416666666666667 0.0125 0.023148148148148147
0 0.13567708333333334 0.0763888888888889 0.015104166666666667 0.019444444444444445
0 0.31692708333333336 0.20694444444444443 0.0140625 0.025
0 0.31875 0.1375 0.011458333333333333 0.019444444444444445
0 0.3221354166666667 0.10231481481481482 0.0109375 0.017592592592592594
0 0.3265625 0.0060185185185185185 0.008333333333333333 0.012037037037037037
0 0.40338541666666666 0.1398148148148148 0.013020833333333334 0.022222222222222223
0 0.43645833333333334 0.038425925925925926 0.022916666666666665 0.01574074074074074
0 0.43984375 0.1175925925925926 0.027604166666666666 0.018518518518518517
0 0.4700520833333333 0.14166666666666666 0.027604166666666666 0.018518518518518517
0 0.5986979166666667 0.10046296296296296 0.019270833333333334 0.01574074074074074
0 0.62421875 0.10231481481481482 0.024479166666666666 0.01574074074074074
0 0.6661458333333333 0.10277777777777777 0.025 0.014814814814814815
0 0.35104166666666664 0.32083333333333336 0.017708333333333333 0.03981481481481482
0 0.3653645833333333 0.49166666666666664 0.0234375 0.05925925925925926
0 0.4791666666666667 0.33564814814814814 0.04375 0.032407407407407406
0 0.03177083333333333 0.6925925925925925 0.036458333333333336 0.03148148148148148
0 0.6315104166666666 0.11666666666666667 0.0265625 0.014814814814814815
0 0.6708333333333333 0.11805555555555555 0.026041666666666668 0.017592592592592594
