0 0.0484375 0.5060185185185185 0.07083333333333333 0.062037037037037036
0 0.08385416666666666 0.4708333333333333 0.06458333333333334 0.04722222222222222
0 0.11484375 0.43194444444444446 0.06302083333333333 0.041666666666666664
0 0.125 0.4064814814814815 0.04791666666666667 0.03333333333333333
0 0.13723958333333333 0.38657407407407407 0.0546875 0.03981481481481482
0 0.16119791666666666 0.34305555555555556 0.049479166666666664 0.03425925925925926
0 0.17239583333333333 0.30787037037037035 0.04375 0.028703703703703703
0 0.17578125 0.29305555555555557 0.04114583333333333 0.025
0 0.18307291666666667 0.2824074074074074 0.03697916666666667 0.027777777777777776
0 0.19375 0.2722222222222222 0.035416666666666666 0.027777777777777776
0 0.19973958333333333 0.26157407407407407 0.033854166666666664 0.026851851851851852
0 0.14140625 0.20833333333333334 0.0265625 0.016666666666666666
0 0.1546875 0.20324074074074075 0.025 0.017592592592592594
0 0.17005208333333333 0.1814814814814815 0.021354166666666667 0.016666666666666666
0 0.17421875 0.17592592592592593 0.0203125 0.016666666666666666
0 0.20703125 0.25046296296296294 0.03177083333333333 0.021296296296296296
0 0.21041666666666667 0.24537037037037038 0.028125 0.020370370370370372
0 0.20598958333333334 0.2324074074074074 0.0328125 0.024074074074074074
0 0.2171875 0.22592592592592592 0.029166666666666667 0.020370370370370372
0 0.20286458333333332 0.14444444444444443 0.011979166666666667 0.016666666666666666
0 0.215625 0.14583333333333334 0.008333333333333333 0.012037037037037037
0 0.2453125 0.5962962962962963 0.07395833333333333 0.1037037037037037
0 0.24010416666666667 0.5222222222222223 0.036458333333333336 0.07962962962962963
0 0.2713541666666667 0.26990740740740743 0.029166666666666667 0.032407407407407406
0 0.30390625 0.24861111111111112 0.0140625 0.028703703703703703
0 0.3143229166666667 0.22037037037037038 0.011979166666666667 0.020370370370370372
0 0.3109375 0.20925925925925926 0.0125 0.016666666666666666
0 0.325 0.15925925925925927 0.009375 0.014814814814814815
0 0.3458333333333333 0.15555555555555556 0.008333333333333333 0.018518518518518517
0 0.340625 0.14629629629629629 0.011458333333333333 0.012962962962962963
0 0.33151041666666664 0.11342592592592593 0.005729166666666666 0.010185185185185186
0 0.3419270833333333 0.07824074074074074 0.0036458333333333334 0.006481481481481481
0 0.3611979166666667 0.1837962962962963 0.009895833333333333 0.017592592592592594
0 0.3572916666666667 0.24305555555555555 0.013541666666666667 0.021296296296296296
0 0.34401041666666665 0.30462962962962964 0.019270833333333334 0.03333333333333333
