4 0.5119791666666667 0.7643518518518518 0.04583333333333333 0.10833333333333334
4 0.43802083333333336 0.6759259259259259 0.036458333333333336 0.08888888888888889
4 0.3265625 0.7111111111111111 0.03958333333333333 0.09444444444444444
4 0.2890625 0.5666666666666667 0.03333333333333333 0.06111111111111111
4 0.43020833333333336 0.45925925925925926 0.020833333333333332 0.044444444444444446
4 0.3953125 0.38333333333333336 0.017708333333333333 0.037037037037037035
4 0.4283854166666667 0.3731481481481482 0.016145833333333335 0.02962962962962963
4 0.5307291666666667 0.9050925925925926 0.05520833333333333 0.14722222222222223
4 0.7325520833333333 0.913425925925926 0.07552083333333333 0.12314814814814815
4 0.5658854166666667 0.5337962962962963 0.033854166666666664 0.049074074074074076
4 0.5130208333333334 0.44675925925925924 0.022916666666666665 0.030555555555555555
4 0.5739583333333333 0.4375 0.027083333333333334 0.03611111111111111
4 0.51875 0.37962962962962965 0.019791666666666666 0.02962962962962963
4 0.4778645833333333 0.34675925925925927 0.015104166666666667 0.023148148148148147
4 0.4713541666666667 0.3106481481481482 0.015625 0.023148148148148147
4 0.48046875 0.2740740740740741 0.0109375 0.016666666666666666
4 0.4552083333333333 0.25972222222222224 0.009375 0.013888888888888888
4 0.4830729166666667 0.2462962962962963 0.009895833333333333 0.014814814814814815
4 0.46145833333333336 0.23796296296296296 0.008333333333333333 0.014814814814814815
4 0.44895833333333335 0.23981481481481481 0.007291666666666667 0.012962962962962963
4 0.4200520833333333 0.22962962962962963 0.0078125 0.012962962962962963
4 0.4041666666666667 0.23333333333333334 0.007291666666666667 0.012962962962962963
4 0.40677083333333336 0.21481481481481482 0.007291666666666667 0.011111111111111112
4 0.4158854166666667 0.20879629629629629 0.0067708333333333336 0.012037037037037037
4 0.453125 0.20925925925925926 0.00625 0.009259259259259259
4 0.4557291666666667 0.19166666666666668 0.00625 0.009259259259259259
4 0.446875 0.19166666666666668 0.00625 0.009259259259259259
4 0.4625 0.2064814814814815 0.00625 0.009259259259259259
4 0.4049479166666667 0.19166666666666668 0.005729166666666666 0.011111111111111112
4 0.50625 0.6759259259259259 0.036458333333333336 0.08148148148148149
4 0.49583333333333335 0.6152777777777778 0.03125 0.06759259259259259
4 0.48359375 0.5583333333333333 0.028645833333333332 0.05925925925925926
4 0.4783854166666667 0.5050925925925925 0.025520833333333333 0.05648148148148148
4 0.4739583333333333 0.4675925925925926 0.022916666666666665 0.040740740740740744
4 0.46458333333333335 0.43657407407407406 0.020833333333333332 0.03981481481481482
4 0.4510416666666667 0.18425925925925926 0.004166666666666667 0.007407407407407408
4 0.4484375 0.17175925925925925 0.004166666666666667 0.006481481481481481
4 0.4401041666666667 0.17037037037037037 0.004166666666666667 0.007407407407407408
4 0.44479166666666664 0.1587962962962963 0.004166666666666667 0.006481481481481481
4 0.4401041666666667 0.16018518518518518 0.003125 0.003703703703703704
4 0.4432291666666667 0.18425925925925926 0.004166666666666667 0.007407407407407408
4 0.44166666666666665 0.18055555555555555 0.004166666666666667 0.007407407407407408
4 0.45078125 0.15925925925925927 0.0036458333333333334 0.005555555555555556
4 0.4505208333333333 0.15648148148148147 0.003125 0.005555555555555556
