4 0.3411458333333333 0.35509259259259257 0.015625 0.017592592592592594
4 0.4005208333333333 0.3921296296296296 0.023958333333333335 0.03425925925925926
4 0.3921875 0.37407407407407406 0.015625 0.025925925925925925
4 0.3885416666666667 0.362962962962963 0.015625 0.025925925925925925
4 0.45416666666666666 0.39305555555555555 0.023958333333333335 0.03425925925925926
4 0.38333333333333336 0.3527777777777778 0.015625 0.025925925925925925
4 0.44244791666666666 0.37592592592592594 0.018229166666666668 0.024074074074074074
4 0.43697916666666664 0.3638888888888889 0.016666666666666666 0.018518518518518517
4 0.43411458333333336 0.32083333333333336 0.0140625 0.017592592592592594
4 0.4278645833333333 0.34953703703703703 0.0171875 0.019444444444444445
4 0.62109375 0.3990740740740741 0.0328125 0.03518518518518519
