0 0.22135416666666666 0.975925925925926 0.059375 0.04814814814814815
0 0.76484375 0.9217592592592593 0.07447916666666667 0.062037037037037036
0 0.6739583333333333 0.7981481481481482 0.06041666666666667 0.03148148148148148
0 0.6734375 0.9606481481481481 0.057291666666666664 0.07314814814814814
0 0.5776041666666667 0.7657407407407407 0.026041666666666668 0.03333333333333333
0 0.5635416666666667 0.8157407407407408 0.029166666666666667 0.046296296296296294
0 0.5447916666666667 0.7791666666666667 0.020833333333333332 0.03425925925925926
0 0.534375 0.7490740740740741 0.019791666666666666 0.03148148148148148
0 0.49244791666666665 0.7601851851851852 0.022395833333333334 0.03333333333333333
0 0.48828125 0.8351851851851851 0.033854166666666664 0.053703703703703705
0 0.47630208333333335 0.6930555555555555 0.0171875 0.025
0 0.5221354166666666 0.7069444444444445 0.0171875 0.025
0 0.5317708333333333 0.7273148148148149 0.01875 0.025
0 0.5083333333333333 0.6875 0.028125 0.021296296296296296
0 0.4596354166666667 0.5976851851851852 0.0067708333333333336 0.012037037037037037
0 0.4197916666666667 0.6393518518518518 0.010416666666666666 0.01574074074074074
0 0.5036458333333333 0.6625 0.0125 0.01574074074074074
0 0.35963541666666665 0.7199074074074074 0.022395833333333334 0.032407407407407406
0 0.36744791666666665 0.7023148148148148 0.0171875 0.023148148148148147
0 0.36302083333333335 0.6666666666666666 0.013541666666666667 0.018518518518518517
0 0.3528645833333333 0.6842592592592592 0.013020833333333334 0.018518518518518517
0 0.12916666666666668 0.9217592592592593 0.03333333333333333 0.062037037037037036
