0 0.24244791666666668 0.31574074074074077 0.0140625 0.024074074074074074
0 0.20859375 0.2824074074074074 0.0109375 0.024074074074074074
0 0.265625 0.27685185185185185 0.011458333333333333 0.016666666666666666
0 0.2625 0.26064814814814813 0.011458333333333333 0.01574074074074074
0 0.25625 0.24722222222222223 0.010416666666666666 0.018518518518518517
0 0.25286458333333334 0.23703703703703705 0.008854166666666666 0.012962962962962963
0 0.26614583333333336 0.23287037037037037 0.016666666666666666 0.012037037037037037
0 0.2453125 0.2601851851851852 0.009375 0.018518518518518517
0 0.21588541666666666 0.24953703703703703 0.009895833333333333 0.01574074074074074
0 0.21666666666666667 0.2351851851851852 0.007291666666666667 0.014814814814814815
0 0.22395833333333334 0.20416666666666666 0.007291666666666667 0.012037037037037037
0 0.23541666666666666 0.18518518518518517 0.00625 0.009259259259259259
0 0.21223958333333334 0.17037037037037037 0.0046875 0.007407407407407408
0 0.21901041666666668 0.16296296296296298 0.0036458333333333334 0.005555555555555556
0 0.21067708333333332 0.15787037037037038 0.0036458333333333334 0.006481481481481481
