4 0.03567708333333333 0.2875 0.03802083333333333 0.023148148148148147
4 0.15416666666666667 0.300462962962963 0.040625 0.026851851851851852
4 0.3424479166666667 0.27546296296296297 0.03177083333333333 0.023148148148148147
4 0.4856770833333333 0.31296296296296294 0.030729166666666665 0.03148148148148148
4 0.5291666666666667 0.2601851851851852 0.014583333333333334 0.027777777777777776
4 0.6328125 0.41203703703703703 0.03333333333333333 0.05555555555555555
4 0.6973958333333333 0.4083333333333333 0.021875 0.046296296296296294
4 0.6869791666666667 0.25092592592592594 0.023958333333333335 0.025925925925925925
4 0.5255208333333333 0.1638888888888889 0.010416666666666666 0.016666666666666666
4 0.51328125 0.09907407407407408 0.0078125 0.009259259259259259
4 0.5140625 0.0875 0.007291666666666667 0.008333333333333333
4 0.5026041666666666 0.0837962962962963 0.00625 0.010185185185185186
4 0.4890625 0.0625 0.005208333333333333 0.010185185185185186
4 0.5059895833333333 0.06527777777777778 0.005729166666666666 0.010185185185185186
4 0.5471354166666667 0.10277777777777777 0.0078125 0.011111111111111112
4 0.5796875 0.10740740740740741 0.015625 0.012962962962962963
4 0.5796875 0.1175925925925926 0.015625 0.012962962962962963
4 0.6356770833333333 0.15925925925925927 0.019270833333333334 0.014814814814814815
4 0.6442708333333333 0.22592592592592592 0.019791666666666666 0.022222222222222223
4 0.6283854166666667 0.14629629629629629 0.0171875 0.012962962962962963
4 0.5419270833333333 0.06481481481481481 0.0140625 0.011111111111111112
4 0.14505208333333333 0.625462962962963 0.0578125 0.09537037037037037
4 0.28984375 0.6865740740740741 0.033854166666666664 0.04351851851851852
4 0.36302083333333335 0.2657407407407407 0.03125 0.024074074074074074
