4 0.5338541666666666 0.6337962962962963 0.04791666666666667 0.10833333333333334
4 0.4666666666666667 0.5513888888888889 0.03229166666666667 0.08611111111111111
4 0.37786458333333334 0.5300925925925926 0.030729166666666665 0.0787037037037037
4 0.48880208333333336 0.45416666666666666 0.0328125 0.06759259259259259
4 0.2752604166666667 0.3787037037037037 0.05572916666666667 0.04259259259259259
4 0.24895833333333334 0.28888888888888886 0.035416666666666666 0.07037037037037037
4 0.2947916666666667 0.27037037037037037 0.042708333333333334 0.037037037037037035
4 0.2984375 0.24675925925925926 0.034375 0.026851851851851852
4 0.303125 0.2037037037037037 0.036458333333333336 0.025925925925925925
4 0.3171875 0.22685185185185186 0.03125 0.037037037037037035
4 0.38229166666666664 0.29212962962962963 0.019791666666666666 0.041666666666666664
4 0.42421875 0.2759259259259259 0.0203125 0.040740740740740744
4 0.421875 0.24027777777777778 0.01875 0.03425925925925926
4 0.41744791666666664 0.21203703703703702 0.0203125 0.03518518518518519
4 0.4122395833333333 0.13935185185185187 0.011979166666666667 0.021296296296296296
4 0.41041666666666665 0.12129629629629629 0.013541666666666667 0.020370370370370372
4 0.4080729166666667 0.10277777777777777 0.011979166666666667 0.020370370370370372
4 0.403125 0.08055555555555556 0.010416666666666666 0.020370370370370372
4 0.4041666666666667 0.07037037037037037 0.011458333333333333 0.014814814814814815
4 0.3294270833333333 0.07824074074074074 0.0203125 0.017592592592592594
4 0.3416666666666667 0.06944444444444445 0.011458333333333333 0.018518518518518517
4 0.32265625 0.09212962962962963 0.0171875 0.023148148148148147
4 0.31744791666666666 0.12916666666666668 0.024479166666666666 0.021296296296296296
4 0.31536458333333334 0.1597222222222222 0.0296875 0.028703703703703703
