0 0.3888020833333333 0.4759259259259259 0.043229166666666666 0.04814814814814815
0 0.2203125 0.20879629629629629 0.0125 0.019444444444444445
0 0.15598958333333332 0.125 0.0078125 0.012962962962962963
0 0.16354166666666667 0.10277777777777777 0.005208333333333333 0.009259259259259259
0 0.18333333333333332 0.08194444444444444 0.00625 0.006481481481481481
0 0.16432291666666668 0.059722222222222225 0.0046875 0.006481481481481481
0 0.1546875 0.04398148148148148 0.005208333333333333 0.010185185185185186
0 0.12552083333333333 0.020370370370370372 0.003125 0.005555555555555556
0 0.1390625 0.03287037037037037 0.003125 0.004629629629629629
0 0.14661458333333333 0.044444444444444446 0.0036458333333333334 0.005555555555555556
0 0.14713541666666666 0.052314814814814814 0.0046875 0.006481481481481481
