4 0.04791666666666667 0.2412037037037037 0.042708333333333334 0.026851851851851852
4 0.11536458333333334 0.25833333333333336 0.025520833333333333 0.027777777777777776
4 0.16796875 0.26157407407407407 0.0265625 0.026851851851851852
4 0.23958333333333334 0.22407407407407406 0.028125 0.025925925925925925
4 0.25885416666666666 0.24027777777777778 0.017708333333333333 0.025
4 0.18229166666666666 0.1675925925925926 0.008333333333333333 0.014814814814814815
4 0.23567708333333334 0.15601851851851853 0.011979166666666667 0.017592592592592594
4 0.23854166666666668 0.13796296296296295 0.010416666666666666 0.016666666666666666
4 0.31223958333333335 0.14814814814814814 0.0109375 0.014814814814814815
4 0.31171875 0.13657407407407407 0.0109375 0.012037037037037037
4 0.26119791666666664 0.05694444444444444 0.0078125 0.010185185185185186
4 0.2755208333333333 0.04490740740740741 0.005208333333333333 0.012037037037037037
4 0.27447916666666666 0.06157407407407407 0.00625 0.010185185185185186
4 0.39140625 0.4824074074074074 0.0234375 0.044444444444444446
4 0.08177083333333333 0.44907407407407407 0.041666666666666664 0.05185185185185185
4 0.4578125 0.6953703703703704 0.011458333333333333 0.04814814814814815
4 0.0953125 0.4046296296296296 0.034375 0.046296296296296294
4 0.04348958333333333 0.4930555555555556 0.04739583333333333 0.058333333333333334
4 0.0171875 0.5532407407407407 0.034375 0.06018518518518518
