4 0.56328125 0.687037037037037 0.09322916666666667 0.04259259259259259
4 0.4309895833333333 0.5527777777777778 0.07760416666666667 0.08518518518518518
4 0.5059895833333333 0.4777777777777778 0.07239583333333334 0.05
4 0.4973958333333333 0.43472222222222223 0.06458333333333334 0.049074074074074076
4 0.48333333333333334 0.3333333333333333 0.053125 0.03888888888888889
4 0.42630208333333336 0.37175925925925923 0.0265625 0.05277777777777778
4 0.3359375 0.5893518518518519 0.0375 0.10462962962962963
4 0.2791666666666667 0.5486111111111112 0.035416666666666666 0.11388888888888889
4 0.30026041666666664 0.38425925925925924 0.027604166666666666 0.06851851851851852
4 0.40182291666666664 0.3125 0.030729166666666665 0.04351851851851852
4 0.4127604166666667 0.2773148148148148 0.019270833333333334 0.041666666666666664
4 0.38645833333333335 0.15787037037037038 0.014583333333333334 0.025
4 0.29348958333333336 0.3101851851851852 0.025520833333333333 0.053703703703703705
4 0.35130208333333335 0.2847222222222222 0.0203125 0.03981481481481482
4 0.29296875 0.2601851851851852 0.021354166666666667 0.04814814814814815
4 0.20520833333333333 0.21388888888888888 0.022916666666666665 0.03148148148148148
4 0.23020833333333332 0.3592592592592593 0.029166666666666667 0.07222222222222222
4 0.4640625 0.2689814814814815 0.03854166666666667 0.03425925925925926
4 0.51171875 0.1962962962962963 0.0390625 0.03148148148148148
4 0.43072916666666666 0.15324074074074073 0.03229166666666667 0.025
4 0.4205729166666667 0.12685185185185185 0.0296875 0.020370370370370372
4 0.4622395833333333 0.09675925925925925 0.0265625 0.017592592592592594
4 0.3776041666666667 0.09351851851851851 0.011458333333333333 0.020370370370370372
4 0.40729166666666666 0.09722222222222222 0.025 0.016666666666666666
4 0.3411458333333333 0.05787037037037037 0.008333333333333333 0.01574074074074074
4 0.37552083333333336 0.07407407407407407 0.011458333333333333 0.016666666666666666
4 0.35 0.03611111111111111 0.008333333333333333 0.016666666666666666
4 0.42291666666666666 0.024074074074074074 0.014583333333333334 0.011111111111111112
4 0.3997395833333333 0.02546296296296296 0.009895833333333333 0.012037037037037037
4 0.415625 0.0125 0.016666666666666666 0.012037037037037037
4 0.44765625 0.2064814814814815 0.03802083333333333 0.025925925925925925
4 0.44036458333333334 0.19305555555555556 0.03177083333333333 0.023148148148148147
4 0.43802083333333336 0.17731481481481481 0.0375 0.025
4 0.41848958333333336 0.11666666666666667 0.024479166666666666 0.016666666666666666
4 0.4044270833333333 0.08796296296296297 0.022395833333333334 0.014814814814814815
4 0.39791666666666664 0.06388888888888888 0.019791666666666666 0.016666666666666666
4 0.403125 0.06805555555555555 0.022916666666666665 0.01574074074074074
4 0.4127604166666667 0.004629629629629629 0.015104166666666667 0.009259259259259259
4 0.25677083333333334 0.6615740740740741 0.03958333333333333 0.09351851851851851
4 0.27395833333333336 0.45740740740740743 0.035416666666666666 0.08333333333333333
