0 0.19947916666666668 0.2013888888888889 0.005208333333333333 0.010185185185185186
0 0.21536458333333333 0.19675925925925927 0.0078125 0.008333333333333333
0 0.20182291666666666 0.21064814814814814 0.0067708333333333336 0.010185185185185186
0 0.20677083333333332 0.2263888888888889 0.005208333333333333 0.012037037037037037
0 0.19713541666666667 0.23703703703703705 0.0067708333333333336 0.014814814814814815
0 0.14973958333333334 0.4351851851851852 0.0171875 0.040740740740740744
0 0.13411458333333334 0.4847222222222222 0.0171875 0.030555555555555555
0 0.2765625 0.37916666666666665 0.014583333333333334 0.028703703703703703
0 0.26979166666666665 0.2972222222222222 0.007291666666666667 0.014814814814814815
0 0.25078125 0.24768518518518517 0.0078125 0.012037037037037037
0 0.23619791666666667 0.2324074074074074 0.005729166666666666 0.011111111111111112
0 0.23359375 0.21481481481481482 0.0046875 0.009259259259259259
0 0.23854166666666668 0.19583333333333333 0.005208333333333333 0.010185185185185186
0 0.24114583333333334 0.20879629629629629 0.004166666666666667 0.008333333333333333
0 0.24817708333333333 0.22870370370370371 0.0078125 0.011111111111111112
0 0.24895833333333334 0.21666666666666667 0.004166666666666667 0.007407407407407408
0 0.20911458333333333 0.17777777777777778 0.0046875 0.007407407407407408
0 0.20911458333333333 0.17083333333333334 0.0046875 0.006481481481481481
0 0.209375 0.16666666666666666 0.005208333333333333 0.005555555555555556
0 0.209375 0.16064814814814815 0.003125 0.006481481481481481
0 0.20989583333333334 0.15601851851851853 0.005208333333333333 0.006481481481481481
0 0.209375 0.15324074074074073 0.004166666666666667 0.006481481481481481
0 0.20078125 0.1824074074074074 0.005729166666666666 0.007407407407407408
0 0.20182291666666666 0.1763888888888889 0.0046875 0.006481481481481481
0 0.20130208333333333 0.16805555555555557 0.0046875 0.006481481481481481
0 0.20260416666666667 0.16157407407407406 0.004166666666666667 0.006481481481481481
0 0.20338541666666668 0.15416666666666667 0.0036458333333333334 0.006481481481481481
0 0.20286458333333332 0.15 0.0036458333333333334 0.007407407407407408
0 0.20963541666666666 0.14953703703703702 0.0036458333333333334 0.006481481481481481
0 0.20963541666666666 0.14444444444444443 0.0036458333333333334 0.003703703703703704
0 0.21067708333333332 0.13564814814814816 0.0036458333333333334 0.006481481481481481
0 0.20729166666666668 0.14074074074074075 0.0020833333333333333 0.007407407407407408
0 0.21067708333333332 0.14027777777777778 0.0036458333333333334 0.004629629629629629
0 0.22864583333333333 0.175 0.003125 0.007407407407407408
0 0.22630208333333332 0.16342592592592592 0.0046875 0.006481481481481481
0 0.23098958333333333 0.15648148148148147 0.0036458333333333334 0.007407407407407408
0 0.2265625 0.14444444444444443 0.003125 0.005555555555555556
0 0.22838541666666667 0.14074074074074075 0.0036458333333333334 0.005555555555555556
