0 0.6276041666666666 0.40925925925925927 0.10416666666666667 0.08888888888888889
0 0.66796875 0.4837962962962963 0.08072916666666667 0.10648148148148148
0 0.057291666666666664 0.3990740740740741 0.11458333333333333 0.09074074074074075
0 0.22734375 0.22083333333333333 0.03802083333333333 0.06018518518518518
0 0.28854166666666664 0.175 0.026041666666666668 0.05
0 0.28958333333333336 0.1388888888888889 0.023958333333333335 0.04259259259259259
0 0.46927083333333336 0.2162037037037037 0.03125 0.04722222222222222
0 0.42864583333333334 0.15787037037037038 0.05520833333333333 0.04351851851851852
0 0.4244791666666667 0.13518518518518519 0.046875 0.037037037037037035
0 0.42109375 0.11898148148148148 0.0453125 0.030555555555555555
0 0.4002604166666667 0.08842592592592592 0.034895833333333334 0.028703703703703703
0 0.2234375 0.07592592592592592 0.036458333333333336 0.025925925925925925
0 0.22708333333333333 0.05555555555555555 0.036458333333333336 0.024074074074074074
0 0.23541666666666666 0.02638888888888889 0.028125 0.017592592592592594
0 0.35390625 0.016203703703703703 0.024479166666666666 0.021296296296296296
0 0.34401041666666665 0.011111111111111112 0.011979166666666667 0.018518518518518517
