0 0.4713541666666667 0.39537037037037037 0.058333333333333334 0.07962962962962963
0 0.3106770833333333 0.3458333333333333 0.05572916666666667 0.08981481481481482
0 0.34348958333333335 0.3074074074074074 0.05364583333333333 0.07777777777777778
0 0.3033854166666667 0.24722222222222223 0.0484375 0.07592592592592592
0 0.26328125 0.19814814814814816 0.04114583333333333 0.04814814814814815
0 0.6057291666666667 0.2722222222222222 0.06770833333333333 0.06666666666666667
0 0.54296875 0.22407407407407406 0.05572916666666667 0.05185185185185185
0 0.42942708333333335 0.1361111111111111 0.05260416666666667 0.044444444444444446
0 0.48020833333333335 0.17731481481481481 0.06145833333333333 0.05648148148148148
0 0.4484375 0.25046296296296294 0.053125 0.06018518518518518
0 0.20416666666666666 0.11666666666666667 0.03125 0.046296296296296294
0 0.3575520833333333 0.16574074074074074 0.043229166666666666 0.04259259259259259
0 0.3221354166666667 0.1337962962962963 0.034895833333333334 0.03425925925925926
0 0.28541666666666665 0.10555555555555556 0.03125 0.02962962962962963
0 0.2643229166666667 0.0787037037037037 0.027604166666666666 0.03148148148148148
0 0.19817708333333334 0.04583333333333333 0.0234375 0.032407407407407406
0 0.24583333333333332 0.062037037037037036 0.027083333333333334 0.03148148148148148
0 0.22864583333333333 0.046296296296296294 0.027083333333333334 0.03148148148148148
0 0.18020833333333333 0.007407407407407408 0.014583333333333334 0.012962962962962963
0 0.15885416666666666 0.006481481481481481 0.014583333333333334 0.012962962962962963
0 0.5544270833333333 0.6648148148148149 0.1203125 0.08703703703703704
