4 0.09166666666666666 0.43796296296296294 0.016666666666666666 0.03888888888888889
4 0.07708333333333334 0.4115740740740741 0.016666666666666666 0.03425925925925926
4 0.10364583333333334 0.3861111111111111 0.014583333333333334 0.03148148148148148
4 0.09609375 0.35833333333333334 0.013020833333333334 0.022222222222222223
4 0.15911458333333334 0.3236111111111111 0.0109375 0.021296296296296296
4 0.15130208333333334 0.43287037037037035 0.016145833333333335 0.03981481481481482
4 0.17005208333333333 0.3611111111111111 0.0109375 0.024074074074074074
4 0.19036458333333334 0.3314814814814815 0.0109375 0.022222222222222223
4 0.12317708333333334 0.25046296296296294 0.009895833333333333 0.01574074074074074
4 0.16328125 0.25277777777777777 0.0067708333333333336 0.012962962962962963
4 0.16432291666666668 0.21805555555555556 0.005729166666666666 0.010185185185185186
4 0.1671875 0.1962962962962963 0.00625 0.009259259259259259
4 0.140625 0.2152777777777778 0.00625 0.012037037037037037
4 0.13541666666666666 0.2050925925925926 0.007291666666666667 0.010185185185185186
4 0.1765625 0.24861111111111112 0.007291666666666667 0.01574074074074074
4 0.18802083333333333 0.30648148148148147 0.009375 0.016666666666666666
4 0.065625 0.38101851851851853 0.016666666666666666 0.032407407407407406
4 0.10416666666666667 0.26851851851851855 0.0125 0.018518518518518517
