4 0.38255208333333335 0.5092592592592593 0.10989583333333333 0.13148148148148148
4 0.33619791666666665 0.37037037037037035 0.09427083333333333 0.10555555555555556
4 0.10416666666666667 0.5212962962962963 0.14895833333333333 0.16666666666666666
4 0.5216145833333333 0.5833333333333334 0.1265625 0.1574074074074074
4 0.5106770833333333 0.16203703703703703 0.0640625 0.05185185185185185
4 0.020052083333333335 0.1527777777777778 0.04010416666666667 0.06481481481481481
4 0.013020833333333334 0.11990740740740741 0.026041666666666668 0.05648148148148148
4 0.203125 0.06574074074074074 0.03333333333333333 0.044444444444444446
4 0.64296875 0.18981481481481483 0.0546875 0.06296296296296296
4 0.696875 0.1087962962962963 0.022916666666666665 0.05092592592592592
4 0.5239583333333333 0.10231481481481482 0.042708333333333334 0.04537037037037037
4 0.51328125 0.08009259259259259 0.0421875 0.03611111111111111
