0 0.5450520833333333 0.5601851851851852 0.024479166666666666 0.046296296296296294
0 0.44973958333333336 0.600462962962963 0.030729166666666665 0.06018518518518518
0 0.03958333333333333 0.5972222222222222 0.04479166666666667 0.053703703703703705
0 0.08125 0.5583333333333333 0.04791666666666667 0.04814814814814815
0 0.009635416666666667 0.35462962962962963 0.019270833333333334 0.020370370370370372
0 0.35989583333333336 0.6953703703703704 0.040625 0.07037037037037037
0 0.36875 0.6097222222222223 0.03229166666666667 0.06388888888888888
0 0.48203125 0.4439814814814815 0.021354166666666667 0.03425925925925926
0 0.8729166666666667 0.5199074074074074 0.05520833333333333 0.041666666666666664
0 0.85625 0.38472222222222224 0.028125 0.025
0 0.9075520833333334 0.35185185185185186 0.0328125 0.022222222222222223
0 0.7932291666666667 0.3365740740740741 0.029166666666666667 0.017592592592592594
0 0.71953125 0.34074074074074073 0.0328125 0.022222222222222223
0 0.6473958333333333 0.34074074074074073 0.030208333333333334 0.022222222222222223
0 0.6690104166666667 0.31805555555555554 0.019270833333333334 0.017592592592592594
0 0.59765625 0.34814814814814815 0.030729166666666665 0.018518518518518517
0 0.3567708333333333 0.2763888888888889 0.008333333333333333 0.012037037037037037
0 0.55 0.2759259259259259 0.011458333333333333 0.012962962962962963
0 0.5692708333333333 0.27546296296296297 0.010416666666666666 0.012037037037037037
0 0.5799479166666667 0.275 0.0109375 0.012962962962962963
0 0.578125 0.30324074074074076 0.0125 0.013888888888888888
0 0.59140625 0.2740740740740741 0.009895833333333333 0.012962962962962963
0 0.5940104166666667 0.2833333333333333 0.0109375 0.012962962962962963
0 0.6203125 0.27361111111111114 0.011458333333333333 0.013888888888888888
0 0.6385416666666667 0.2513888888888889 0.010416666666666666 0.010185185185185186
0 0.7072916666666667 0.26435185185185184 0.016666666666666666 0.012037037037037037
0 0.6963541666666667 0.2625 0.014583333333333334 0.012037037037037037
0 0.6877604166666667 0.26064814814814813 0.016145833333333335 0.012037037037037037
0 0.6963541666666667 0.25787037037037036 0.013541666666666667 0.012037037037037037
0 0.6786458333333333 0.25972222222222224 0.015625 0.012037037037037037
0 0.68359375 0.25416666666666665 0.016145833333333335 0.013888888888888888
0 0.68203125 0.2490740740740741 0.013020833333333334 0.011111111111111112
0 0.6684895833333333 0.25 0.013020833333333334 0.011111111111111112
0 0.66796875 0.2523148148148148 0.0140625 0.010185185185185186
0 0.6635416666666667 0.24953703703703703 0.013541666666666667 0.010185185185185186
0 0.6609375 0.24583333333333332 0.013541666666666667 0.010185185185185186
0 0.6729166666666667 0.24444444444444444 0.010416666666666666 0.009259259259259259
0 0.66015625 0.2412037037037037 0.011979166666666667 0.010185185185185186
0 0.6533854166666667 0.2449074074074074 0.0140625 0.010185185185185186
0 0.6466145833333333 0.24259259259259258 0.011979166666666667 0.009259259259259259
0 0.64609375 0.2412037037037037 0.013020833333333334 0.010185185185185186
0 0.7020833333333333 0.24444444444444444 0.013541666666666667 0.009259259259259259
0 0.71015625 0.24768518518518517 0.0171875 0.010185185185185186
0 0.68671875 0.2388888888888889 0.013020833333333334 0.009259259259259259
