0 0.42421875 0.5879629629629629 0.08489583333333334 0.07962962962962963
0 0.44583333333333336 0.5402777777777777 0.06979166666666667 0.06574074074074074
0 0.47708333333333336 0.4759259259259259 0.06979166666666667 0.05740740740740741
0 0.49947916666666664 0.39490740740740743 0.058333333333333334 0.058333333333333334
0 0.5270833333333333 0.3402777777777778 0.053125 0.04537037037037037
0 0.5338541666666666 0.325 0.05 0.04259259259259259
0 0.6330729166666667 0.07175925925925926 0.022395833333333334 0.017592592592592594
0 0.6419270833333334 0.0763888888888889 0.025520833333333333 0.019444444444444445
0 0.615625 0.0587962962962963 0.020833333333333332 0.01574074074074074
0 0.509375 0.03194444444444444 0.020833333333333332 0.01574074074074074
0 0.42890625 0.10416666666666667 0.027604166666666666 0.023148148148148147
0 0.42239583333333336 0.11527777777777778 0.027083333333333334 0.023148148148148147
0 0.4049479166666667 0.125 0.028645833333333332 0.025925925925925925
0 0.19088541666666667 0.3351851851851852 0.0484375 0.04814814814814815
0 0.09010416666666667 0.3111111111111111 0.03854166666666667 0.05
0 0.11796875 0.37962962962962965 0.044270833333333336 0.05740740740740741
0 0.011197916666666667 0.075 0.022395833333333334 0.018518518518518517
0 0.05572916666666667 0.07592592592592592 0.026041666666666668 0.020370370370370372
0 0.33229166666666665 0.006944444444444444 0.019791666666666666 0.013888888888888888
