4 0.06770833333333333 0.8300925925925926 0.07291666666666667 0.0824074074074074
4 0.015104166666666667 0.7638888888888888 0.030208333333333334 0.06666666666666667
4 0.01015625 0.6518518518518519 0.0203125 0.04814814814814815
4 0.06276041666666667 0.600462962962963 0.05677083333333333 0.049074074074074076
4 0.11510416666666666 0.5615740740740741 0.04895833333333333 0.04351851851851852
4 0.17083333333333334 0.5953703703703703 0.046875 0.04814814814814815
4 0.259375 0.6217592592592592 0.042708333333333334 0.05092592592592592
4 0.2559895833333333 0.5736111111111111 0.043229166666666666 0.03981481481481482
4 0.18828125 0.5444444444444444 0.0421875 0.040740740740740744
4 0.1953125 0.4949074074074074 0.040625 0.03796296296296296
4 0.2359375 0.4689814814814815 0.03333333333333333 0.032407407407407406
4 0.275 0.5101851851851852 0.034375 0.037037037037037035
4 0.3109375 0.512962962962963 0.034375 0.03888888888888889
4 0.34739583333333335 0.5120370370370371 0.027083333333333334 0.044444444444444446
4 0.265625 0.4439814814814815 0.030208333333333334 0.03425925925925926
4 0.30104166666666665 0.4222222222222222 0.029166666666666667 0.027777777777777776
4 0.32786458333333335 0.42916666666666664 0.025520833333333333 0.026851851851851852
4 0.36953125 0.45601851851851855 0.0203125 0.030555555555555555
4 0.38645833333333335 0.4671296296296296 0.026041666666666668 0.03611111111111111
4 0.4127604166666667 0.4236111111111111 0.024479166666666666 0.028703703703703703
4 0.3921875 0.40185185185185185 0.022916666666666665 0.02962962962962963
4 0.32526041666666666 0.4013888888888889 0.0265625 0.025
4 0.34479166666666666 0.38333333333333336 0.025 0.024074074074074074
4 0.3690104166666667 0.37037037037037035 0.021354166666666667 0.024074074074074074
4 0.3848958333333333 0.3611111111111111 0.01875 0.020370370370370372
4 0.3997395833333333 0.3458333333333333 0.0203125 0.019444444444444445
4 0.42916666666666664 0.37222222222222223 0.01875 0.022222222222222223
4 0.45755208333333336 0.37222222222222223 0.018229166666666668 0.020370370370370372
4 0.4166666666666667 0.3314814814814815 0.01875 0.018518518518518517
4 0.42734375 0.32222222222222224 0.019270833333333334 0.022222222222222223
4 0.4421875 0.3125 0.015625 0.017592592592592594
4 0.49322916666666666 0.31203703703703706 0.014583333333333334 0.016666666666666666
4 0.5197916666666667 0.28935185185185186 0.013541666666666667 0.01574074074074074
4 0.5119791666666667 0.2777777777777778 0.0125 0.014814814814814815
4 0.8895833333333333 0.31712962962962965 0.016666666666666666 0.017592592592592594
4 0.8932291666666666 0.31296296296296294 0.016666666666666666 0.016666666666666666
4 0.8611979166666667 0.31157407407407406 0.0171875 0.013888888888888888
4 0.8106770833333333 0.3037037037037037 0.0203125 0.016666666666666666
4 0.78828125 0.2972222222222222 0.015104166666666667 0.012962962962962963
4 0.7932291666666667 0.29305555555555557 0.015625 0.013888888888888888
4 0.75625 0.29212962962962963 0.01875 0.013888888888888888
4 0.7489583333333333 0.28888888888888886 0.015625 0.012962962962962963
4 0.7356770833333334 0.2935185185185185 0.016145833333333335 0.012962962962962963
4 0.72734375 0.287962962962963 0.019270833333333334 0.012962962962962963
4 0.7223958333333333 0.28425925925925927 0.017708333333333333 0.012962962962962963
4 0.68359375 0.2865740740740741 0.0140625 0.010185185185185186
4 0.6890625 0.27870370370370373 0.015625 0.011111111111111112
4 0.659375 0.28194444444444444 0.019791666666666666 0.012037037037037037
4 0.6682291666666667 0.27824074074074073 0.014583333333333334 0.012037037037037037
4 0.65703125 0.275 0.0171875 0.011111111111111112
4 0.18151041666666667 0.40046296296296297 0.0328125 0.030555555555555555
4 0.22083333333333333 0.3648148148148148 0.027083333333333334 0.025925925925925925
4 0.21197916666666666 0.34953703703703703 0.025 0.026851851851851852
4 0.23489583333333333 0.3236111111111111 0.022916666666666665 0.021296296296296296
4 0.28828125 0.3101851851851852 0.021354166666666667 0.025925925925925925
4 0.3106770833333333 0.3263888888888889 0.021354166666666667 0.023148148148148147
4 0.3671875 0.2986111111111111 0.016666666666666666 0.019444444444444445
4 0.36744791666666665 0.26805555555555555 0.016145833333333335 0.019444444444444445
4 0.41510416666666666 0.25462962962962965 0.014583333333333334 0.016666666666666666
4 0.42473958333333334 0.24027777777777778 0.013020833333333334 0.013888888888888888
4 0.44244791666666666 0.23055555555555557 0.0109375 0.014814814814814815
4 0.4359375 0.2162037037037037 0.014583333333333334 0.013888888888888888
4 0.125 0.21712962962962962 0.025 0.019444444444444445
4 0.11796875 0.2023148148148148 0.022395833333333334 0.013888888888888888
4 0.13307291666666668 0.20925925925925926 0.019270833333333334 0.012962962962962963
4 0.140625 0.21481481481481482 0.017708333333333333 0.016666666666666666
4 0.14505208333333333 0.2074074074074074 0.0171875 0.014814814814814815
4 0.16614583333333333 0.20925925925925926 0.019791666666666666 0.016666666666666666
4 0.17291666666666666 0.2152777777777778 0.021875 0.01574074074074074
4 0.17369791666666667 0.22083333333333333 0.0203125 0.017592592592592594
4 0.15416666666666667 0.22175925925925927 0.020833333333333332 0.01574074074074074
4 0.1859375 0.22916666666666666 0.021875 0.01574074074074074
4 0.203125 0.22453703703703703 0.01875 0.017592592592592594
4 0.21666666666666667 0.23148148148148148 0.01875 0.014814814814814815
4 0.22552083333333334 0.22592592592592592 0.016666666666666666 0.014814814814814815
4 0.24479166666666666 0.2375 0.020833333333333332 0.01574074074074074
4 0.27395833333333336 0.24259259259259258 0.017708333333333333 0.014814814814814815
4 0.23932291666666666 0.2300925925925926 0.0171875 0.013888888888888888
4 0.25416666666666665 0.22962962962962963 0.015625 0.014814814814814815
4 0.2640625 0.22870370370370371 0.015625 0.012962962962962963
4 0.29296875 0.23194444444444445 0.019270833333333334 0.017592592592592594
4 0.22265625 0.26157407407407407 0.0140625 0.017592592592592594
4 0.8630208333333333 0.32546296296296295 0.021875 0.01574074074074074
4 0.57890625 0.25416666666666665 0.0109375 0.013888888888888888
4 0.5932291666666667 0.24768518518518517 0.010416666666666666 0.012037037037037037
4 0.6213541666666667 0.23472222222222222 0.009375 0.012037037037037037
4 0.5619791666666667 0.2513888888888889 0.009375 0.01574074074074074
4 0.5440104166666667 0.24768518518518517 0.009895833333333333 0.012037037037037037
4 0.5903645833333333 0.23194444444444445 0.0078125 0.012037037037037037
4 0.5768229166666666 0.22268518518518518 0.009895833333333333 0.013888888888888888
4 0.6036458333333333 0.22685185185185186 0.008333333333333333 0.012962962962962963
4 0.60078125 0.2152777777777778 0.0078125 0.012037037037037037
4 0.609375 0.20462962962962963 0.007291666666666667 0.009259259259259259
4 0.6075520833333333 0.19583333333333333 0.0067708333333333336 0.010185185185185186
4 0.5200520833333333 0.21944444444444444 0.0078125 0.011111111111111112
4 0.52890625 0.21296296296296297 0.008854166666666666 0.011111111111111112
4 0.53359375 0.20879629629629629 0.005729166666666666 0.008333333333333333
4 0.521875 0.20787037037037037 0.008333333333333333 0.012037037037037037
4 0.48802083333333335 0.2074074074074074 0.0125 0.014814814814814815
4 0.5166666666666667 0.19953703703703704 0.008333333333333333 0.012037037037037037
4 0.5091145833333334 0.19675925925925927 0.009895833333333333 0.012037037037037037
4 0.5143229166666666 0.1875 0.0078125 0.008333333333333333
4 0.5346354166666667 0.20046296296296295 0.0078125 0.012037037037037037
4 0.53046875 0.1935185185185185 0.0078125 0.011111111111111112
4 0.5260416666666666 0.18935185185185185 0.007291666666666667 0.010185185185185186
4 0.55234375 0.2 0.009895833333333333 0.011111111111111112
4 0.5515625 0.18981481481481483 0.008333333333333333 0.011111111111111112
4 0.5486979166666667 0.18472222222222223 0.0078125 0.012037037037037037
4 0.54765625 0.17314814814814813 0.0067708333333333336 0.009259259259259259
4 0.56796875 0.1726851851851852 0.0067708333333333336 0.008333333333333333
4 0.6302083333333334 0.1884259259259259 0.005208333333333333 0.008333333333333333
4 0.6294270833333333 0.17824074074074073 0.005729166666666666 0.008333333333333333
4 0.61640625 0.18055555555555555 0.0067708333333333336 0.007407407407407408
4 0.6385416666666667 0.1824074074074074 0.005208333333333333 0.007407407407407408
4 0.6544270833333333 0.15833333333333333 0.0046875 0.007407407407407408
4 0.6578125 0.15648148148148147 0.004166666666666667 0.005555555555555556
4 0.6578125 0.1527777777777778 0.004166666666666667 0.007407407407407408
4 0.6669270833333333 0.15324074074074073 0.0046875 0.006481481481481481
4 0.6661458333333333 0.1439814814814815 0.003125 0.006481481481481481
4 0.6690104166666667 0.13703703703703704 0.0036458333333333334 0.005555555555555556
4 0.675 0.13564814814814816 0.003125 0.004629629629629629
