0 0.3125 0.46111111111111114 0.03125 0.07592592592592592
0 0.3015625 0.37407407407407406 0.021875 0.044444444444444446
0 0.29453125 0.32592592592592595 0.018229166666666668 0.03148148148148148
0 0.28854166666666664 0.2949074074074074 0.014583333333333334 0.026851851851851852
0 0.28515625 0.26851851851851855 0.013020833333333334 0.025925925925925925
0 0.2828125 0.2513888888888889 0.010416666666666666 0.019444444444444445
0 0.27578125 0.23425925925925925 0.009895833333333333 0.018518518518518517
0 0.2786458333333333 0.22175925925925927 0.008333333333333333 0.013888888888888888
0 0.278125 0.21296296296296297 0.007291666666666667 0.012962962962962963
0 0.27708333333333335 0.2023148148148148 0.007291666666666667 0.012037037037037037
0 0.2760416666666667 0.19444444444444445 0.00625 0.011111111111111112
0 0.26953125 0.18611111111111112 0.0067708333333333336 0.011111111111111112
0 0.27265625 0.17731481481481481 0.005729166666666666 0.008333333333333333
0 0.27109375 0.17037037037037037 0.0046875 0.007407407407407408
0 0.253125 0.24953703703703703 0.009375 0.019444444444444445
0 0.11354166666666667 0.45416666666666666 0.046875 0.0824074074074074
0 0.14557291666666666 0.3763888888888889 0.034895833333333334 0.06388888888888888
0 0.17083333333333334 0.32175925925925924 0.022916666666666665 0.03796296296296296
0 0.21067708333333332 0.22037037037037038 0.009895833333333333 0.016666666666666666
0 0.21588541666666666 0.2111111111111111 0.008854166666666666 0.016666666666666666
0 0.22265625 0.19583333333333333 0.0067708333333333336 0.013888888888888888
0 0.22708333333333333 0.1824074074074074 0.00625 0.011111111111111112
0 0.22890625 0.17777777777777778 0.005729166666666666 0.009259259259259259
0 0.2328125 0.1736111111111111 0.009375 0.010185185185185186
0 0.23333333333333334 0.1675925925925926 0.005208333333333333 0.007407407407407408
0 0.23463541666666668 0.16296296296296298 0.005729166666666666 0.009259259259259259
0 0.22890625 0.1587962962962963 0.0067708333333333336 0.008333333333333333
0 0.25859375 0.15555555555555556 0.0036458333333333334 0.007407407407407408
0 0.2596354166666667 0.14583333333333334 0.0036458333333333334 0.006481481481481481
0 0.23880208333333333 0.14675925925925926 0.005729166666666666 0.006481481481481481
0 0.24453125 0.1449074074074074 0.0036458333333333334 0.004629629629629629
0 0.2552083333333333 0.12962962962962962 0.0020833333333333333 0.003703703703703704
0 0.26276041666666666 0.13194444444444445 0.0026041666666666665 0.002777777777777778
0 0.24609375 0.13935185185185187 0.0015625 0.004629629629629629
0 0.26848958333333334 0.14629629629629629 0.0036458333333333334 0.005555555555555556
0 0.359375 0.1726851851851852 0.008333333333333333 0.008333333333333333
0 0.4505208333333333 0.2324074074074074 0.01875 0.016666666666666666
0 0.43385416666666665 0.21851851851851853 0.015625 0.014814814814814815
0 0.4700520833333333 0.23425925925925925 0.0203125 0.016666666666666666
0 0.4830729166666667 0.23333333333333334 0.0203125 0.016666666666666666
0 0.4557291666666667 0.21898148148148147 0.019791666666666666 0.013888888888888888
0 0.46901041666666665 0.21898148148148147 0.018229166666666668 0.013888888888888888
0 0.4817708333333333 0.21898148148148147 0.019791666666666666 0.013888888888888888
0 0.49375 0.21805555555555556 0.0125 0.013888888888888888
0 0.4921875 0.20833333333333334 0.015625 0.009259259259259259
0 0.4557291666666667 0.20694444444444443 0.016666666666666666 0.013888888888888888
0 0.42239583333333336 0.20833333333333334 0.014583333333333334 0.014814814814814815
0 0.40598958333333335 0.19675925925925927 0.013020833333333334 0.012037037037037037
0 0.4166666666666667 0.1962962962962963 0.011458333333333333 0.011111111111111112
0 0.42916666666666664 0.19722222222222222 0.015625 0.012962962962962963
0 0.45234375 0.19768518518518519 0.016145833333333335 0.012037037037037037
0 0.39166666666666666 0.18564814814814815 0.010416666666666666 0.010185185185185186
0 0.4114583333333333 0.18611111111111112 0.011458333333333333 0.011111111111111112
0 0.421875 0.18703703703703703 0.011458333333333333 0.011111111111111112
0 0.43307291666666664 0.18611111111111112 0.009895833333333333 0.011111111111111112
0 0.4432291666666667 0.1865740740740741 0.0125 0.012037037037037037
0 0.4549479166666667 0.1875 0.011979166666666667 0.010185185185185186
0 0.46536458333333336 0.1865740740740741 0.011979166666666667 0.012037037037037037
0 0.47734375 0.18703703703703703 0.0140625 0.011111111111111112
0 0.48932291666666666 0.1875 0.013020833333333334 0.010185185185185186
0 0.37942708333333336 0.17777777777777778 0.009895833333333333 0.009259259259259259
0 0.3888020833333333 0.17731481481481481 0.008854166666666666 0.008333333333333333
0 0.3815104166666667 0.17175925925925925 0.009895833333333333 0.010185185185185186
0 0.40598958333333335 0.17824074074074073 0.009895833333333333 0.010185185185185186
0 0.42552083333333335 0.17777777777777778 0.011458333333333333 0.009259259259259259
0 0.4359375 0.1787037037037037 0.011458333333333333 0.009259259259259259
0 0.44765625 0.17916666666666667 0.011979166666666667 0.008333333333333333
0 0.45651041666666664 0.1787037037037037 0.009895833333333333 0.007407407407407408
0 0.46796875 0.1787037037037037 0.011979166666666667 0.009259259259259259
0 0.48463541666666665 0.1787037037037037 0.0140625 0.009259259259259259
0 0.49583333333333335 0.17916666666666667 0.008333333333333333 0.010185185185185186
0 0.3671875 0.17175925925925925 0.00625 0.008333333333333333
0 0.39765625 0.1726851851851852 0.0067708333333333336 0.008333333333333333
0 0.40546875 0.1712962962962963 0.0078125 0.007407407407407408
0 0.4127604166666667 0.17222222222222222 0.009895833333333333 0.009259259259259259
0 0.42161458333333335 0.17222222222222222 0.008854166666666666 0.007407407407407408
0 0.43072916666666666 0.17175925925925925 0.010416666666666666 0.008333333333333333
0 0.45 0.1712962962962963 0.011458333333333333 0.009259259259259259
0 0.4700520833333333 0.1726851851851852 0.009895833333333333 0.008333333333333333
0 0.4791666666666667 0.17314814814814813 0.008333333333333333 0.009259259259259259
0 0.48776041666666664 0.17314814814814813 0.009895833333333333 0.009259259259259259
0 0.45677083333333335 0.14629629629629629 0.007291666666666667 0.005555555555555556
0 0.4234375 0.13796296296296295 0.00625 0.003703703703703704
