4 0.4359375 0.32222222222222224 0.07291666666666667 0.06666666666666667
4 0.6203125 0.2773148148148148 0.04375 0.06944444444444445
4 0.6953125 0.10277777777777777 0.026041666666666668 0.040740740740740744
4 0.67578125 0.0763888888888889 0.0421875 0.03981481481481482
4 0.6169270833333333 0.041666666666666664 0.024479166666666666 0.037037037037037035
4 0.5408854166666667 0.06944444444444445 0.0265625 0.040740740740740744
4 0.5018229166666667 0.07685185185185185 0.025520833333333333 0.03888888888888889
4 0.48463541666666665 0.010185185185185186 0.019270833333333334 0.020370370370370372
4 0.4432291666666667 0.10833333333333334 0.022916666666666665 0.05
4 0.2955729166666667 0.027314814814814816 0.034895833333333334 0.030555555555555555
4 0.3458333333333333 0.004629629629629629 0.015625 0.009259259259259259
4 0.33828125 0.16805555555555557 0.0234375 0.058333333333333334
4 0.2638020833333333 0.12685185185185185 0.050520833333333334 0.04259259259259259
4 0.27109375 0.2013888888888889 0.058854166666666666 0.04537037037037037
4 0.13541666666666666 0.03611111111111111 0.041666666666666664 0.04259259259259259
4 0.13229166666666667 0.15185185185185185 0.05 0.10555555555555556
4 0.15364583333333334 0.18472222222222223 0.020833333333333332 0.025
4 0.3494791666666667 0.5365740740740741 0.041666666666666664 0.13425925925925927
4 0.2986979166666667 0.47453703703703703 0.043229166666666666 0.13055555555555556
4 0.284375 0.6217592592592592 0.05416666666666667 0.17314814814814813
