4 0.08177083333333333 0.22037037037037038 0.015625 0.016666666666666666
4 0.11536458333333334 0.21203703703703702 0.022395833333333334 0.016666666666666666
4 0.17890625 0.2490740740740741 0.024479166666666666 0.018518518518518517
4 0.24791666666666667 0.16296296296296298 0.015625 0.014814814814814815
4 0.28020833333333334 0.2175925925925926 0.017708333333333333 0.016666666666666666
4 0.2955729166666667 0.20277777777777778 0.0171875 0.014814814814814815
4 0.3234375 0.19537037037037036 0.017708333333333333 0.014814814814814815
4 0.32057291666666665 0.18611111111111112 0.018229166666666668 0.011111111111111112
4 0.35520833333333335 0.19490740740740742 0.01875 0.01574074074074074
4 0.35625 0.18611111111111112 0.016666666666666666 0.011111111111111112
4 0.27265625 0.15787037037037038 0.016145833333333335 0.010185185185185186
4 0.365625 0.14305555555555555 0.013541666666666667 0.010185185185185186
4 0.48125 0.22268518518518518 0.011458333333333333 0.026851851851851852
4 0.4861979166666667 0.13703703703703704 0.013020833333333334 0.011111111111111112
4 0.49453125 0.1398148148148148 0.0109375 0.011111111111111112
