0 0.062239583333333334 0.1111111111111111 0.03177083333333333 0.046296296296296294
0 0.2671875 0.1476851851851852 0.029166666666666667 0.023148148148148147
0 0.26145833333333335 0.3587962962962963 0.030208333333333334 0.04537037037037037
0 0.36171875 0.26990740740740743 0.0296875 0.03611111111111111
0 0.3697916666666667 0.31574074074074077 0.03229166666666667 0.040740740740740744
0 0.378125 0.39861111111111114 0.030208333333333334 0.041666666666666664
0 0.44192708333333336 0.43842592592592594 0.027604166666666666 0.03981481481481482
0 0.5205729166666667 0.5675925925925925 0.027604166666666666 0.040740740740740744
0 0.42291666666666666 0.6842592592592592 0.030208333333333334 0.03148148148148148
0 0.24765625 0.6837962962962963 0.021354166666666667 0.04722222222222222
0 0.43411458333333336 0.06759259259259259 0.024479166666666666 0.05
0 0.615625 0.16018518518518518 0.021875 0.053703703703703705
