4 0.5044270833333333 0.625462962962963 0.05260416666666667 0.125
4 0.38671875 0.412962962962963 0.0328125 0.07592592592592592
4 0.3229166666666667 0.5439814814814815 0.036458333333333336 0.11574074074074074
4 0.30182291666666666 0.38657407407407407 0.033854166666666664 0.09166666666666666
4 0.39557291666666666 0.12685185185185185 0.018229166666666668 0.03333333333333333
4 0.35885416666666664 0.04814814814814815 0.016666666666666666 0.02962962962962963
4 0.5002604166666667 0.12546296296296297 0.034895833333333334 0.028703703703703703
4 0.565625 0.1824074074074074 0.041666666666666664 0.03518518518518519
4 0.27734375 0.11064814814814815 0.021354166666666667 0.032407407407407406
4 0.23489583333333333 0.017592592592592594 0.014583333333333334 0.027777777777777776
4 0.27708333333333335 0.15787037037037038 0.023958333333333335 0.05462962962962963
4 0.14713541666666666 0.05925925925925926 0.030729166666666665 0.025925925925925925
4 0.05416666666666667 0.10601851851851851 0.03958333333333333 0.03981481481481482
4 0.018229166666666668 0.1837962962962963 0.036458333333333336 0.04351851851851852
