0 0.32838541666666665 0.6675925925925926 0.027604166666666666 0.044444444444444446
0 0.7596354166666667 0.8217592592592593 0.10989583333333333 0.08611111111111111
0 0.8388020833333333 0.8722222222222222 0.14010416666666667 0.10185185185185185
0 0.6888020833333334 0.7888888888888889 0.0484375 0.06666666666666667
0 0.6848958333333334 0.7759259259259259 0.08333333333333333 0.06481481481481481
0 0.6734375 0.750462962962963 0.07395833333333333 0.075
0 0.484375 0.7074074074074074 0.042708333333333334 0.053703703703703705
0 0.07135416666666666 0.6888888888888889 0.05 0.053703703703703705
0 0.28177083333333336 0.6208333333333333 0.021875 0.026851851851851852
0 0.2078125 0.6277777777777778 0.028125 0.02962962962962963
0 0.46822916666666664 0.687037037037037 0.029166666666666667 0.046296296296296294
0 0.4315104166666667 0.6375 0.024479166666666666 0.028703703703703703
0 0.41875 0.6300925925925925 0.020833333333333332 0.026851851851851852
0 0.38229166666666664 0.6222222222222222 0.023958333333333335 0.03333333333333333
0 0.4869791666666667 0.6689814814814815 0.057291666666666664 0.03796296296296296
0 0.2559895833333333 0.5888888888888889 0.016145833333333335 0.018518518518518517
0 0.0625 0.6416666666666667 0.051041666666666666 0.037037037037037035
0 0.07864583333333333 0.6300925925925925 0.040625 0.030555555555555555
0 0.16588541666666667 0.6282407407407408 0.028645833333333332 0.030555555555555555
0 0.19739583333333333 0.6143518518518518 0.04479166666666667 0.025
0 0.59296875 0.7027777777777777 0.059895833333333336 0.040740740740740744
0 0.3802083333333333 0.6111111111111112 0.015625 0.020370370370370372
0 0.375 0.6055555555555555 0.014583333333333334 0.016666666666666666
0 0.37213541666666666 0.6 0.013020833333333334 0.018518518518518517
0 0.36822916666666666 0.5916666666666667 0.011458333333333333 0.014814814814814815
0 0.359375 0.5814814814814815 0.010416666666666666 0.012962962962962963
0 0.3296875 0.5634259259259259 0.007291666666666667 0.010185185185185186
0 0.88515625 0.9120370370370371 0.15885416666666666 0.1
