0 0.2526041666666667 0.2671296296296296 0.022916666666666665 0.04351851851851852
0 0.22604166666666667 0.2523148148148148 0.019791666666666666 0.03796296296296296
0 0.22473958333333333 0.14814814814814814 0.009895833333333333 0.020370370370370372
0 0.2 0.12175925925925926 0.011458333333333333 0.021296296296296296
0 0.15963541666666667 0.16574074074074074 0.025520833333333333 0.024074074074074074
0 0.15598958333333332 0.15601851851851853 0.013020833333333334 0.025
0 0.234375 0.09166666666666666 0.007291666666666667 0.011111111111111112
0 0.27786458333333336 0.20972222222222223 0.0171875 0.030555555555555555
0 0.3359375 0.2773148148148148 0.029166666666666667 0.04351851851851852
0 0.3171875 0.23842592592592593 0.020833333333333332 0.04351851851851852
0 0.16302083333333334 0.11666666666666667 0.007291666666666667 0.011111111111111112
0 0.1703125 0.1 0.008333333333333333 0.012962962962962963
0 0.2203125 0.06435185185185185 0.004166666666666667 0.006481481481481481
0 0.20703125 0.06157407407407407 0.0036458333333333334 0.004629629629629629
0 0.21067708333333332 0.0587962962962963 0.0036458333333333334 0.002777777777777778
