0 0.61171875 0.6236111111111111 0.0609375 0.10833333333333334
0 0.5317708333333333 0.39305555555555555 0.03125 0.05462962962962963
0 0.5067708333333333 0.32731481481481484 0.027083333333333334 0.04537037037037037
0 0.4518229166666667 0.18009259259259258 0.013020833333333334 0.019444444444444445
0 0.40729166666666666 0.2273148148148148 0.015625 0.026851851851851852
0 0.3671875 0.1685185185185185 0.013541666666666667 0.024074074074074074
0 0.33828125 0.24166666666666667 0.016145833333333335 0.03333333333333333
0 0.32109375 0.2050925925925926 0.015104166666666667 0.028703703703703703
0 0.2875 0.25925925925925924 0.01875 0.037037037037037035
0 0.27786458333333336 0.29305555555555557 0.021354166666666667 0.03611111111111111
0 0.3078125 0.3277777777777778 0.020833333333333332 0.04814814814814815
0 0.26510416666666664 0.3685185185185185 0.028125 0.05555555555555555
0 0.23854166666666668 0.4652777777777778 0.034375 0.07314814814814814
0 0.07578125 0.6064814814814815 0.058854166666666666 0.10925925925925926
0 0.029166666666666667 0.6907407407407408 0.05416666666666667 0.03518518518518519
0 0.16119791666666666 0.3875 0.03802083333333333 0.058333333333333334
0 0.1921875 0.3148148148148148 0.027083333333333334 0.04259259259259259
0 0.20911458333333333 0.28194444444444444 0.0234375 0.03796296296296296
0 0.2296875 0.22268518518518518 0.01875 0.03611111111111111
0 0.2518229166666667 0.17546296296296296 0.016145833333333335 0.030555555555555555
0 0.30963541666666666 0.125 0.0171875 0.018518518518518517
0 0.34739583333333335 0.11990740740740741 0.021875 0.019444444444444445
0 0.36770833333333336 0.12777777777777777 0.022916666666666665 0.018518518518518517
0 0.3424479166666667 0.09907407407407408 0.008854166666666666 0.016666666666666666
0 0.32890625 0.09398148148148149 0.008854166666666666 0.017592592592592594
0 0.41953125 0.09398148148148149 0.008854166666666666 0.01574074074074074
0 0.41302083333333334 0.07175925925925926 0.009375 0.01574074074074074
0 0.38125 0.07314814814814814 0.008333333333333333 0.012962962962962963
0 0.37890625 0.046296296296296294 0.005729166666666666 0.012962962962962963
0 0.34791666666666665 0.062037037037037036 0.007291666666666667 0.012962962962962963
0 0.33619791666666665 0.07453703703703704 0.0078125 0.013888888888888888
0 0.3263020833333333 0.06435185185185185 0.0078125 0.013888888888888888
0 0.34348958333333335 0.05092592592592592 0.005729166666666666 0.011111111111111112
0 0.34375 0.04027777777777778 0.00625 0.010185185185185186
0 0.34453125 0.015277777777777777 0.0046875 0.008333333333333333
0 0.35234375 0.01898148148148148 0.0046875 0.008333333333333333
0 0.3502604166666667 0.005555555555555556 0.0036458333333333334 0.007407407407407408
0 0.29973958333333334 0.062037037037037036 0.0067708333333333336 0.011111111111111112
