4 0.5028645833333333 0.01712962962962963 0.025520833333333333 0.028703703703703703
4 0.4934895833333333 0.06388888888888888 0.0265625 0.03148148148148148
4 0.39348958333333334 0.06574074074074074 0.030729166666666665 0.025925925925925925
4 0.40234375 0.13333333333333333 0.03697916666666667 0.040740740740740744
4 0.46328125 0.22824074074074074 0.05677083333333333 0.06574074074074074
4 0.4356770833333333 0.26481481481481484 0.05364583333333333 0.05185185185185185
4 0.359375 0.3537037037037037 0.0625 0.05
4 0.3125 0.45555555555555555 0.06354166666666666 0.07407407407407407
4 0.3111979166666667 0.10601851851851851 0.0359375 0.04537037037037037
4 0.26536458333333335 0.5333333333333333 0.08385416666666666 0.08148148148148149
4 0.23515625 0.5930555555555556 0.0921875 0.075
4 0.0203125 0.30092592592592593 0.029166666666666667 0.053703703703703705
4 0.13151041666666666 0.22083333333333333 0.05260416666666667 0.04722222222222222
4 0.17942708333333332 0.19166666666666668 0.0515625 0.040740740740740744
