0 0.3815104166666667 0.5944444444444444 0.013020833333333334 0.05
0 0.35833333333333334 0.5902777777777778 0.011458333333333333 0.04722222222222222
0 0.4083333333333333 0.5111111111111111 0.011458333333333333 0.05
0 0.43697916666666664 0.6523148148148148 0.027083333333333334 0.023148148148148147
0 0.35833333333333334 0.4759259259259259 0.0125 0.04814814814814815
0 0.3375 0.4759259259259259 0.0125 0.04814814814814815
0 0.30625 0.44537037037037036 0.026041666666666668 0.027777777777777776
0 0.30703125 0.4023148148148148 0.027604166666666666 0.03425925925925926
0 0.30052083333333335 0.36342592592592593 0.023958333333333335 0.028703703703703703
0 0.3489583333333333 0.28425925925925927 0.0125 0.04259259259259259
0 0.3723958333333333 0.4009259259259259 0.0125 0.04814814814814815
0 0.38776041666666666 0.19166666666666668 0.011979166666666667 0.044444444444444446
0 0.21588541666666666 0.19768518518518519 0.025520833333333333 0.025
0 0.16848958333333333 0.23194444444444445 0.0171875 0.03425925925925926
0 0.14166666666666666 0.22685185185185186 0.025 0.03888888888888889
0 0.12135416666666667 0.23333333333333334 0.022916666666666665 0.03888888888888889
0 0.07135416666666666 0.24722222222222223 0.013541666666666667 0.044444444444444446
0 0.07578125 0.21342592592592594 0.005729166666666666 0.010185185185185186
0 0.09479166666666666 0.14537037037037037 0.023958333333333335 0.02962962962962963
0 0.09505208333333333 0.12037037037037036 0.021354166666666667 0.020370370370370372
0 0.15911458333333334 0.13842592592592592 0.022395833333333334 0.023148148148148147
0 0.20729166666666668 0.12824074074074074 0.028125 0.021296296296296296
0 0.021875 0.24259259259259258 0.016666666666666666 0.044444444444444446
0 0.00703125 0.25 0.0140625 0.044444444444444446
0 0.020833333333333332 0.15555555555555556 0.027083333333333334 0.025925925925925925
0 0.3375 0.03148148148148148 0.011458333333333333 0.040740740740740744
0 0.35859375 0.032407407407407406 0.011979166666666667 0.04259259259259259
0 0.4505208333333333 0.07731481481481481 0.021875 0.03981481481481482
0 0.49583333333333335 0.06666666666666667 0.019791666666666666 0.044444444444444446
0 0.515625 0.05925925925925926 0.020833333333333332 0.04259259259259259
0 0.5372395833333333 0.05555555555555555 0.022395833333333334 0.040740740740740744
0 0.5721354166666667 0.0587962962962963 0.0109375 0.03611111111111111
0 0.65859375 0.047685185185185185 0.016145833333333335 0.041666666666666664
0 0.70078125 0.03333333333333333 0.015104166666666667 0.025925925925925925
