0 0.7200520833333334 0.7847222222222222 0.05260416666666667 0.11203703703703703
0 0.84375 0.8138888888888889 0.05416666666666667 0.11296296296296296
0 0.8356770833333333 0.600462962962963 0.0390625 0.06574074074074074
0 0.7544270833333333 0.5791666666666667 0.04114583333333333 0.06944444444444445
0 0.6669270833333333 0.700925925925926 0.05572916666666667 0.08148148148148149
0 0.7471354166666667 0.5018518518518519 0.03177083333333333 0.05740740740740741
0 0.8786458333333333 0.5291666666666667 0.034375 0.05462962962962963
0 0.8065104166666667 0.4935185185185185 0.027604166666666666 0.05185185185185185
0 0.778125 0.42962962962962964 0.027083333333333334 0.040740740740740744
0 0.8184895833333333 0.43703703703703706 0.025520833333333333 0.03888888888888889
0 0.9151041666666667 0.4361111111111111 0.030208333333333334 0.044444444444444446
0 0.8716145833333333 0.36435185185185187 0.019270833333333334 0.023148148148148147
0 0.846875 0.3263888888888889 0.015625 0.023148148148148147
0 0.8234375 0.35 0.016666666666666666 0.027777777777777776
0 0.78046875 0.3736111111111111 0.021354166666666667 0.030555555555555555
0 0.79375 0.3449074074074074 0.01875 0.032407407407407406
0 0.75625 0.3175925925925926 0.016666666666666666 0.02962962962962963
0 0.7830729166666667 0.31203703703703706 0.016145833333333335 0.024074074074074074
0 0.7981770833333334 0.3050925925925926 0.013020833333333334 0.023148148148148147
0 0.8033854166666666 0.2865740740740741 0.0140625 0.017592592592592594
0 0.77734375 0.27685185185185185 0.011979166666666667 0.022222222222222223
0 0.9880208333333333 0.5837962962962963 0.020833333333333332 0.06388888888888888
0 0.48385416666666664 0.4412037037037037 0.03333333333333333 0.041666666666666664
0 0.5203125 0.3638888888888889 0.027083333333333334 0.03148148148148148
0 0.6893229166666667 0.34120370370370373 0.0296875 0.032407407407407406
0 0.64921875 0.3101851851851852 0.019270833333333334 0.027777777777777776
0 0.8049479166666667 0.26944444444444443 0.013020833333333334 0.016666666666666666
