0 0.5536458333333333 0.9458333333333333 0.07916666666666666 0.10833333333333334
0 0.48671875 0.40185185185185185 0.024479166666666666 0.04259259259259259
0 0.5796875 0.16574074074074074 0.0125 0.016666666666666666
0 0.5453125 0.15462962962962962 0.008333333333333333 0.011111111111111112
0 0.53359375 0.14305555555555555 0.0026041666666666665 0.004629629629629629
0 0.5471354166666667 0.14583333333333334 0.0026041666666666665 0.004629629629629629
0 0.5471354166666667 0.14027777777777778 0.0026041666666666665 0.004629629629629629
0 0.5515625 0.1412037037037037 0.003125 0.004629629629629629
0 0.5518229166666667 0.13703703703703704 0.0026041666666666665 0.003703703703703704
0 0.5544270833333333 0.13240740740740742 0.0026041666666666665 0.003703703703703704
0 0.5611979166666666 0.13055555555555556 0.0015625 0.003703703703703704
0 0.5651041666666666 0.12916666666666668 0.0020833333333333333 0.002777777777777778
0 0.5369791666666667 0.13148148148148148 0.0020833333333333333 0.003703703703703704
0 0.5348958333333333 0.13055555555555556 0.0020833333333333333 0.003703703703703704
0 0.7106770833333333 0.14166666666666666 0.0046875 0.003703703703703704
0 0.7385416666666667 0.14166666666666666 0.004166666666666667 0.003703703703703704
