0 0.25859375 0.1259259259259259 0.0171875 0.02962962962962963
0 0.09713541666666667 0.1935185185185185 0.043229166666666666 0.040740740740740744
0 0.10989583333333333 0.2013888888888889 0.03333333333333333 0.03796296296296296
0 0.11953125 0.13333333333333333 0.028645833333333332 0.03148148148148148
0 0.2752604166666667 0.10972222222222222 0.015104166666666667 0.026851851851851852
0 0.27421875 0.08148148148148149 0.0140625 0.024074074074074074
0 0.26458333333333334 0.04675925925925926 0.0125 0.019444444444444445
0 0.265625 0.0375 0.0125 0.021296296296296296
0 0.3346354166666667 0.04953703703703704 0.011979166666666667 0.01574074074074074
0 0.3614583333333333 0.04027777777777778 0.020833333333333332 0.019444444444444445
0 0.3729166666666667 0.06388888888888888 0.013541666666666667 0.024074074074074074
0 0.37421875 0.0875 0.025520833333333333 0.017592592592592594
0 0.39739583333333334 0.2810185185185185 0.046875 0.05648148148148148
0 0.39114583333333336 0.3384259259259259 0.035416666666666666 0.062037037037037036
0 0.4552083333333333 0.2962962962962963 0.05625 0.046296296296296294
0 0.47161458333333334 0.1375 0.019270833333333334 0.026851851851851852
0 0.44114583333333335 0.475462962962963 0.04479166666666667 0.08796296296296297
0 0.51171875 0.4935185185185185 0.0546875 0.09814814814814815
