4 0.3536458333333333 0.14953703703703702 0.009375 0.006481481481481481
4 0.3731770833333333 0.16574074074074074 0.009895833333333333 0.009259259259259259
4 0.39088541666666665 0.15925925925925927 0.009895833333333333 0.005555555555555556
4 0.40260416666666665 0.1625 0.008333333333333333 0.006481481481481481
4 0.39088541666666665 0.1476851851851852 0.008854166666666666 0.006481481481481481
4 0.4296875 0.14537037037037037 0.007291666666666667 0.005555555555555556
4 0.43671875 0.14537037037037037 0.0067708333333333336 0.005555555555555556
4 0.44557291666666665 0.1449074074074074 0.0078125 0.006481481481481481
4 0.2828125 0.15694444444444444 0.009375 0.006481481481481481
4 0.19427083333333334 0.3333333333333333 0.0125 0.025925925925925925
4 0.01328125 0.4351851851851852 0.0265625 0.04814814814814815
4 0.11614583333333334 0.35462962962962963 0.017708333333333333 0.03333333333333333
4 0.14817708333333332 0.2611111111111111 0.009895833333333333 0.016666666666666666
4 0.20807291666666666 0.22824074074074074 0.0067708333333333336 0.012037037037037037
4 0.190625 0.19444444444444445 0.010416666666666666 0.009259259259259259
4 0.1796875 0.14305555555555555 0.004166666666666667 0.006481481481481481
4 0.18125 0.12546296296296297 0.004166666666666667 0.004629629629629629
4 0.18958333333333333 0.12824074074074074 0.004166666666666667 0.004629629629629629
4 0.20364583333333333 0.12546296296296297 0.003125 0.004629629629629629
4 0.20989583333333334 0.12361111111111112 0.003125 0.004629629629629629
4 0.1953125 0.12407407407407407 0.003125 0.003703703703703704
4 0.22057291666666667 0.12777777777777777 0.0067708333333333336 0.005555555555555556
4 0.22239583333333332 0.12407407407407407 0.003125 0.003703703703703704
4 0.2 0.12962962962962962 0.003125 0.005555555555555556
4 0.19791666666666666 0.1375 0.004166666666666667 0.004629629629629629
4 0.19609375 0.1425925925925926 0.0036458333333333334 0.005555555555555556
4 0.19479166666666667 0.15601851851851853 0.004166666666666667 0.006481481481481481
4 0.20494791666666667 0.13842592592592592 0.0036458333333333334 0.004629629629629629
4 0.18359375 0.16018518518518518 0.0046875 0.007407407407407408
4 0.19557291666666668 0.16712962962962963 0.005729166666666666 0.006481481481481481
4 0.20130208333333333 0.14907407407407408 0.0036458333333333334 0.005555555555555556
