4 0.5908854166666667 0.6597222222222222 0.0796875 0.09722222222222222
4 0.5268229166666667 0.44583333333333336 0.059895833333333336 0.05462962962962963
4 0.47421875 0.3675925925925926 0.027604166666666666 0.03888888888888889
4 0.3736979166666667 0.4203703703703704 0.028645833333333332 0.04814814814814815
4 0.32838541666666665 0.38287037037037036 0.021354166666666667 0.04351851851851852
4 0.24375 0.45 0.034375 0.06851851851851852
4 0.26927083333333335 0.3416666666666667 0.021875 0.040740740740740744
4 0.33671875 0.2300925925925926 0.013020833333333334 0.025
4 0.3026041666666667 0.2273148148148148 0.014583333333333334 0.025
4 0.14635416666666667 0.15787037037037038 0.008333333333333333 0.012037037037037037
4 0.1625 0.1587962962962963 0.013541666666666667 0.012037037037037037
4 0.18515625 0.1597222222222222 0.018229166666666668 0.013888888888888888
4 0.17369791666666667 0.17083333333333334 0.0234375 0.012037037037037037
4 0.17291666666666666 0.1814814814814815 0.026041666666666668 0.014814814814814815
4 0.2171875 0.16064814814814815 0.011458333333333333 0.013888888888888888
4 0.24375 0.16111111111111112 0.007291666666666667 0.012962962962962963
4 0.25364583333333335 0.15833333333333333 0.016666666666666666 0.011111111111111112
4 0.26901041666666664 0.15694444444444444 0.0078125 0.012037037037037037
4 0.24375 0.13657407407407407 0.010416666666666666 0.013888888888888888
4 0.271875 0.15138888888888888 0.007291666666666667 0.012037037037037037
4 0.2747395833333333 0.1476851851851852 0.0078125 0.012037037037037037
4 0.27708333333333335 0.14305555555555555 0.00625 0.012037037037037037
4 0.2682291666666667 0.12175925925925926 0.0125 0.006481481481481481
4 0.27395833333333336 0.13287037037037036 0.005208333333333333 0.010185185185185186
4 0.28020833333333334 0.12546296296296297 0.010416666666666666 0.008333333333333333
4 0.28411458333333334 0.13333333333333333 0.005729166666666666 0.011111111111111112
4 0.2828125 0.13796296296296295 0.00625 0.011111111111111112
4 0.2786458333333333 0.1425925925925926 0.00625 0.009259259259259259
4 0.3216145833333333 0.12777777777777777 0.0046875 0.009259259259259259
4 0.33203125 0.1259259259259259 0.0046875 0.009259259259259259
4 0.34921875 0.1439814814814815 0.0067708333333333336 0.010185185185185186
4 0.3497395833333333 0.12962962962962962 0.005729166666666666 0.009259259259259259
4 0.34348958333333335 0.10787037037037037 0.0046875 0.008333333333333333
4 0.35078125 0.10277777777777777 0.0036458333333333334 0.007407407407407408
4 0.34322916666666664 0.09398148148148149 0.003125 0.004629629629629629
4 0.34661458333333334 0.08796296296296297 0.0026041666666666665 0.005555555555555556
4 0.33932291666666664 0.08611111111111111 0.0026041666666666665 0.003703703703703704
4 0.33567708333333335 0.08425925925925926 0.0026041666666666665 0.003703703703703704
4 0.34296875 0.07731481481481481 0.0015625 0.002777777777777778
4 0.3390625 0.075 0.0020833333333333333 0.003703703703703704
4 0.31979166666666664 0.11435185185185186 0.007291666666666667 0.010185185185185186
4 0.28151041666666665 0.1175925925925926 0.005729166666666666 0.007407407407407408
4 0.23151041666666666 0.1587962962962963 0.0067708333333333336 0.012037037037037037
4 0.11588541666666667 0.21481481481481482 0.019270833333333334 0.022222222222222223
4 0.13463541666666667 0.21388888888888888 0.027604166666666666 0.024074074074074074
4 0.14973958333333334 0.21944444444444444 0.0234375 0.020370370370370372
4 0.18828125 0.26990740740740743 0.024479166666666666 0.028703703703703703
4 0.18932291666666667 0.25277777777777777 0.033854166666666664 0.025925925925925925
4 0.18515625 0.2361111111111111 0.03177083333333333 0.020370370370370372
4 0.18098958333333334 0.2199074074074074 0.028645833333333332 0.01574074074074074
4 0.14869791666666668 0.28703703703703703 0.04635416666666667 0.03148148148148148
4 0.1453125 0.3013888888888889 0.046875 0.03425925925925926
4 0.13385416666666666 0.337037037037037 0.034375 0.05185185185185185
4 0.3888020833333333 0.18287037037037038 0.021354166666666667 0.017592592592592594
4 0.4627604166666667 0.18611111111111112 0.022395833333333334 0.014814814814814815
4 0.4515625 0.15694444444444444 0.014583333333333334 0.012037037037037037
4 0.46536458333333336 0.1597222222222222 0.011979166666666667 0.013888888888888888
4 0.47708333333333336 0.1638888888888889 0.011458333333333333 0.012962962962962963
4 0.47239583333333335 0.1837962962962963 0.016666666666666666 0.012037037037037037
4 0.5013020833333334 0.1875 0.022395833333333334 0.01574074074074074
4 0.51171875 0.18518518518518517 0.0171875 0.011111111111111112
4 0.53203125 0.18935185185185185 0.021354166666666667 0.013888888888888888
4 0.51640625 0.2125 0.0265625 0.01574074074074074
4 0.5026041666666666 0.21574074074074073 0.025 0.016666666666666666
4 0.48411458333333335 0.21851851851851853 0.0265625 0.018518518518518517
4 0.4783854166666667 0.22268518518518518 0.0265625 0.019444444444444445
4 0.4375 0.23796296296296296 0.019791666666666666 0.020370370370370372
4 0.43333333333333335 0.2759259259259259 0.015625 0.024074074074074074
4 0.46119791666666665 0.32546296296296295 0.0203125 0.032407407407407406
4 0.44947916666666665 0.2962962962962963 0.015625 0.02962962962962963
4 0.5614583333333333 0.2449074074074074 0.005208333333333333 0.019444444444444445
