4 0.20807291666666666 0.25925925925925924 0.015104166666666667 0.025925925925925925
4 0.25234375 0.225 0.011979166666666667 0.020370370370370372
4 0.234375 0.18703703703703703 0.010416666666666666 0.016666666666666666
4 0.21770833333333334 0.19027777777777777 0.010416666666666666 0.017592592592592594
4 0.24765625 0.16620370370370371 0.008854166666666666 0.01574074074074074
4 0.234375 0.16342592592592592 0.009375 0.013888888888888888
4 0.36328125 0.16018518518518518 0.0171875 0.014814814814814815
4 0.3640625 0.1550925925925926 0.016666666666666666 0.013888888888888888
4 0.36328125 0.14074074074074075 0.011979166666666667 0.012962962962962963
4 0.20494791666666667 0.1310185185185185 0.005729166666666666 0.008333333333333333
4 0.20598958333333334 0.12731481481481483 0.005729166666666666 0.008333333333333333
4 0.20729166666666668 0.10833333333333334 0.003125 0.007407407407407408
4 0.1953125 0.13287037037037036 0.004166666666666667 0.006481481481481481
