0 0.2140625 0.46944444444444444 0.059375 0.05
0 0.21614583333333334 0.4185185185185185 0.04791666666666667 0.03518518518518519
0 0.24869791666666666 0.36898148148148147 0.0203125 0.06759259259259259
0 0.29453125 0.26990740740740743 0.016145833333333335 0.03425925925925926
0 0.28098958333333335 0.23425925925925925 0.013020833333333334 0.024074074074074074
0 0.3111979166666667 0.24259259259259258 0.0171875 0.024074074074074074
0 0.2828125 0.14351851851851852 0.008333333333333333 0.012962962962962963
0 0.2734375 0.1375 0.008333333333333333 0.01574074074074074
0 0.35260416666666666 0.3476851851851852 0.042708333333333334 0.032407407407407406
0 0.34713541666666664 0.3194444444444444 0.04114583333333333 0.03333333333333333
0 0.39140625 0.44675925925925924 0.05572916666666667 0.049074074074074076
0 0.23697916666666666 0.2449074074074074 0.025 0.023148148148148147
0 0.23958333333333334 0.23055555555555557 0.029166666666666667 0.018518518518518517
0 0.2453125 0.19166666666666668 0.026041666666666668 0.014814814814814815
0 0.24583333333333332 0.18194444444444444 0.020833333333333332 0.013888888888888888
0 0.24817708333333333 0.1726851851851852 0.021354166666666667 0.012037037037037037
0 0.24661458333333333 0.16342592592592592 0.021354166666666667 0.010185185185185186
0 0.24635416666666668 0.15833333333333333 0.01875 0.011111111111111112
0 0.24791666666666667 0.15462962962962962 0.016666666666666666 0.009259259259259259
0 0.25 0.14675925925925926 0.016666666666666666 0.010185185185185186
0 0.25104166666666666 0.13194444444444445 0.017708333333333333 0.010185185185185186
0 0.25 0.14027777777777778 0.016666666666666666 0.010185185185185186
0 0.30494791666666665 0.1449074074074074 0.018229166666666668 0.012037037037037037
0 0.2981770833333333 0.1300925925925926 0.0171875 0.010185185185185186
