4 0.13515625 0.4689814814814815 0.019270833333333334 0.05648148148148148
4 0.253125 0.32314814814814813 0.0125 0.020370370370370372
4 0.34270833333333334 0.4134259259259259 0.019791666666666666 0.03611111111111111
4 0.16770833333333332 0.2712962962962963 0.009375 0.024074074074074074
4 0.23411458333333332 0.25 0.0078125 0.014814814814814815
4 0.17734375 0.2300925925925926 0.0078125 0.013888888888888888
4 0.19010416666666666 0.22037037037037038 0.007291666666666667 0.012962962962962963
4 0.17734375 0.20833333333333334 0.0067708333333333336 0.011111111111111112
4 0.20416666666666666 0.20046296296296295 0.009375 0.010185185185185186
4 0.21536458333333333 0.1675925925925926 0.005729166666666666 0.007407407407407408
4 0.21614583333333334 0.18518518518518517 0.010416666666666666 0.009259259259259259
4 0.21901041666666668 0.21574074074074073 0.0067708333333333336 0.012962962962962963
4 0.25859375 0.2550925925925926 0.008854166666666666 0.01574074074074074
4 0.21510416666666668 0.1935185185185185 0.00625 0.009259259259259259
4 0.22161458333333334 0.16018518518518518 0.0046875 0.007407407407407408
4 0.2125 0.1574074074074074 0.004166666666666667 0.007407407407407408
4 0.22291666666666668 0.1736111111111111 0.005208333333333333 0.008333333333333333
4 0.22421875 0.18194444444444444 0.005729166666666666 0.008333333333333333
4 0.13619791666666667 0.18796296296296297 0.0078125 0.009259259259259259
4 0.14453125 0.18564814814814815 0.008854166666666666 0.010185185185185186
4 0.14244791666666667 0.2 0.005729166666666666 0.009259259259259259
4 0.16197916666666667 0.1787037037037037 0.0125 0.007407407407407408
4 0.1625 0.17592592592592593 0.0125 0.007407407407407408
4 0.16458333333333333 0.17314814814814813 0.0125 0.007407407407407408
4 0.17760416666666667 0.16527777777777777 0.004166666666666667 0.006481481481481481
4 0.16927083333333334 0.1574074074074074 0.003125 0.005555555555555556
4 0.2359375 0.1699074074074074 0.004166666666666667 0.006481481481481481
4 0.24973958333333332 0.17731481481481481 0.013020833333333334 0.008333333333333333
4 0.16328125 0.15601851851851853 0.0046875 0.004629629629629629
4 0.25078125 0.19074074074074074 0.0036458333333333334 0.009259259259259259
