0 0.23307291666666666 0.12083333333333333 0.022395833333333334 0.017592592592592594
0 0.22135416666666666 0.13472222222222222 0.022916666666666665 0.019444444444444445
0 0.20989583333333334 0.18194444444444444 0.017708333333333333 0.025
0 0.20078125 0.20185185185185187 0.021354166666666667 0.025925925925925925
0 0.1859375 0.2263888888888889 0.020833333333333332 0.028703703703703703
0 0.16614583333333333 0.19583333333333333 0.020833333333333332 0.032407407407407406
0 0.13723958333333333 0.2935185185185185 0.0296875 0.03888888888888889
0 0.10364583333333334 0.36064814814814816 0.03125 0.058333333333333334
0 0.24869791666666666 0.24305555555555555 0.0234375 0.03981481481481482
0 0.21744791666666666 0.35462962962962963 0.03802083333333333 0.05925925925925926
0 0.26119791666666664 0.2175925925925926 0.019270833333333334 0.037037037037037035
0 0.265625 0.19166666666666668 0.015625 0.027777777777777776
0 0.2721354166666667 0.17083333333333334 0.016145833333333335 0.025
0 0.2786458333333333 0.15 0.013541666666666667 0.022222222222222223
0 0.28177083333333336 0.13842592592592592 0.013541666666666667 0.025
0 0.29010416666666666 0.12037037037037036 0.011458333333333333 0.016666666666666666
0 0.29192708333333334 0.1111111111111111 0.009895833333333333 0.016666666666666666
0 0.2950520833333333 0.10462962962962963 0.0109375 0.014814814814814815
0 0.29713541666666665 0.09212962962962963 0.0078125 0.01574074074074074
0 0.3026041666666667 0.07731481481481481 0.008333333333333333 0.013888888888888888
0 0.30442708333333335 0.07361111111111111 0.0078125 0.013888888888888888
0 0.30833333333333335 0.04814814814814815 0.013541666666666667 0.011111111111111112
0 0.32916666666666666 0.0625 0.00625 0.012037037037037037
0 0.3255208333333333 0.06944444444444445 0.008333333333333333 0.014814814814814815
0 0.3294270833333333 0.08472222222222223 0.009895833333333333 0.01574074074074074
0 0.35052083333333334 0.1648148148148148 0.013541666666666667 0.024074074074074074
0 0.35494791666666664 0.14537037037037037 0.013020833333333334 0.020370370370370372
0 0.3307291666666667 0.029166666666666667 0.005208333333333333 0.008333333333333333
0 0.33307291666666666 0.01574074074074074 0.0036458333333333334 0.007407407407407408
0 0.32473958333333336 0.010648148148148148 0.0046875 0.006481481481481481
0 0.31953125 0.024074074074074074 0.005729166666666666 0.007407407407407408
0 0.27734375 0.2375 0.019270833333333334 0.032407407407407406
0 0.26197916666666665 0.29074074074074074 0.023958333333333335 0.04259259259259259
0 0.290625 0.3074074074074074 0.023958333333333335 0.05
0 0.28828125 0.3537037037037037 0.025520833333333333 0.053703703703703705
0 0.030989583333333334 0.5027777777777778 0.059895833333333336 0.09444444444444444
0 0.24140625 0.3763888888888889 0.0296875 0.058333333333333334
0 0.2747395833333333 0.4337962962962963 0.0328125 0.075
0 0.21484375 0.4583333333333333 0.0390625 0.07777777777777778
0 0.25026041666666665 0.5370370370370371 0.0390625 0.10185185185185185
0 0.18723958333333332 0.5560185185185185 0.049479166666666664 0.10277777777777777
0 0.11510416666666666 0.6435185185185185 0.06770833333333333 0.12962962962962962
0 0.2950520833333333 0.13796296296296295 0.0036458333333333334 0.020370370370370372
0 0.28984375 0.13703703703703704 0.0036458333333333334 0.018518518518518517
0 0.31640625 0.03657407407407407 0.0046875 0.008333333333333333
0 0.4 0.08009259259259259 0.00625 0.013888888888888888
0 0.3921875 0.056018518518518516 0.004166666666666667 0.008333333333333333
0 0.37786458333333334 0.15694444444444444 0.011979166666666667 0.021296296296296296
0 0.38203125 0.21898148148148147 0.015104166666666667 0.032407407407407406
0 0.39114583333333336 0.2865740740740741 0.020833333333333332 0.03611111111111111
0 0.47578125 0.2800925925925926 0.028645833333333332 0.05092592592592592
0 0.4625 0.1875 0.025 0.023148148148148147
0 0.5385416666666667 0.4412037037037037 0.03854166666666667 0.06759259259259259
0 0.6755208333333333 0.5643518518518519 0.065625 0.06944444444444445
