0 0.14088541666666668 0.31527777777777777 0.05572916666666667 0.0824074074074074
0 0.19192708333333333 0.3194444444444444 0.0453125 0.07777777777777778
0 0.2625 0.27546296296296297 0.040625 0.08611111111111111
0 0.3307291666666667 0.23657407407407408 0.06354166666666666 0.05648148148148148
0 0.0296875 0.12731481481481483 0.059375 0.041666666666666664
0 0.0421875 0.10694444444444444 0.057291666666666664 0.03981481481481482
0 0.07005208333333333 0.09212962962962963 0.05572916666666667 0.041666666666666664
0 0.08515625 0.06157407407407407 0.0390625 0.032407407407407406
0 0.09453125 0.04537037037037037 0.04635416666666667 0.03518518518518519
0 0.11822916666666666 0.021296296296296296 0.036458333333333336 0.03148148148148148
0 0.19244791666666666 0.13148148148148148 0.0546875 0.040740740740740744
0 0.20026041666666666 0.1050925925925926 0.0421875 0.032407407407407406
0 0.20546875 0.08888888888888889 0.04739583333333333 0.03518518518518519
0 0.21588541666666666 0.06620370370370371 0.043229166666666666 0.032407407407407406
0 0.21927083333333333 0.05555555555555555 0.03958333333333333 0.02962962962962963
0 0.23385416666666667 0.031018518518518518 0.0375 0.030555555555555555
0 0.23828125 0.013888888888888888 0.044270833333333336 0.027777777777777776
0 0.2677083333333333 0.1050925925925926 0.025 0.049074074074074076
0 0.278125 0.07453703703703704 0.046875 0.03611111111111111
0 0.27734375 0.058333333333333334 0.043229166666666666 0.03518518518518519
0 0.29401041666666666 0.017592592592592594 0.03697916666666667 0.027777777777777776
0 0.57265625 0.3388888888888889 0.0890625 0.08148148148148149
0 0.66171875 0.36018518518518516 0.09322916666666667 0.09074074074074075
