0 0.2947916666666667 0.4462962962962963 0.028125 0.06296296296296296
0 0.36875 0.44722222222222224 0.027083333333333334 0.05925925925925926
0 0.4276041666666667 0.5138888888888888 0.030208333333333334 0.07037037037037037
0 0.31536458333333334 0.31296296296296294 0.0203125 0.04259259259259259
0 0.35651041666666666 0.2800925925925926 0.0171875 0.032407407407407406
0 0.35104166666666664 0.12962962962962962 0.0125 0.016666666666666666
0 0.3578125 0.10925925925925926 0.007291666666666667 0.012962962962962963
0 0.37552083333333336 0.13240740740740742 0.009375 0.014814814814814815
0 0.384375 0.16574074074074074 0.010416666666666666 0.018518518518518517
0 0.32395833333333335 0.09583333333333334 0.007291666666666667 0.012037037037037037
0 0.09296875 0.5018518518518519 0.049479166666666664 0.06851851851851852
0 0.1375 0.412962962962963 0.036458333333333336 0.04814814814814815
0 0.22786458333333334 0.20462962962962963 0.025520833333333333 0.018518518518518517
0 0.36614583333333334 0.6449074074074074 0.03958333333333333 0.10092592592592593
0 0.51640625 0.4337962962962963 0.0390625 0.06018518518518518
0 0.4752604166666667 0.3162037037037037 0.0234375 0.03981481481481482
0 0.43802083333333336 0.21666666666666667 0.013541666666666667 0.025925925925925925
0 0.46197916666666666 0.22962962962962963 0.017708333333333333 0.024074074074074074
0 0.46822916666666664 0.2037037037037037 0.029166666666666667 0.020370370370370372
0 0.60625 0.6722222222222223 0.06041666666666667 0.07222222222222222
0 0.40520833333333334 0.10046296296296296 0.009375 0.012037037037037037
0 0.29192708333333334 0.10787037037037037 0.009895833333333333 0.013888888888888888
0 0.296875 0.10277777777777777 0.00625 0.011111111111111112
0 0.29765625 0.09722222222222222 0.0067708333333333336 0.011111111111111112
0 0.3033854166666667 0.08611111111111111 0.0067708333333333336 0.011111111111111112
0 0.3067708333333333 0.08009259259259259 0.00625 0.010185185185185186
0 0.30026041666666664 0.06944444444444445 0.011979166666666667 0.009259259259259259
0 0.32005208333333335 0.06666666666666667 0.009895833333333333 0.007407407407407408
0 0.35625 0.07685185185185185 0.00625 0.011111111111111112
0 0.3416666666666667 0.06712962962962964 0.005208333333333333 0.008333333333333333
