4 0.12682291666666667 0.08287037037037037 0.0484375 0.0824074074074074
4 0.13984375 0.1361111111111111 0.044270833333333336 0.07777777777777778
4 0.013541666666666667 0.20462962962962963 0.027083333333333334 0.08703703703703704
4 0.0625 0.23425925925925925 0.03958333333333333 0.0962962962962963
4 0.15703125 0.19166666666666668 0.049479166666666664 0.08333333333333333
4 0.13880208333333333 0.300462962962963 0.033854166666666664 0.09537037037037037
4 0.17682291666666666 0.23472222222222222 0.0390625 0.08611111111111111
4 0.037760416666666664 0.35833333333333334 0.0390625 0.09444444444444444
4 0.1828125 0.3013888888888889 0.03958333333333333 0.08796296296296297
4 0.052083333333333336 0.6601851851851852 0.042708333333333334 0.0962962962962963
4 0.38046875 0.5837962962962963 0.0546875 0.062037037037037036
4 0.4328125 0.6657407407407407 0.052083333333333336 0.06296296296296296
4 0.4473958333333333 0.5375 0.052083333333333336 0.06018518518518518
4 0.5546875 0.5615740740740741 0.058333333333333334 0.0787037037037037
4 0.6145833333333334 0.3962962962962963 0.05520833333333333 0.08703703703703704
4 0.66328125 0.5583333333333333 0.05677083333333333 0.07407407407407407
4 0.4666666666666667 0.1050925925925926 0.03958333333333333 0.08981481481481482
4 0.4752604166666667 0.024074074074074074 0.05260416666666667 0.04814814814814815
