0 0.4388020833333333 0.22314814814814815 0.030729166666666665 0.05925925925925926
0 0.421875 0.1574074074074074 0.022916666666666665 0.03888888888888889
0 0.37864583333333335 0.0962962962962963 0.020833333333333332 0.037037037037037035
0 0.3171875 0.11527777777777778 0.019791666666666666 0.04537037037037037
0 0.5859375 0.11157407407407408 0.03854166666666667 0.03981481481481482
0 0.6057291666666667 0.14444444444444443 0.042708333333333334 0.03518518518518519
0 0.5411458333333333 0.04212962962962963 0.03229166666666667 0.028703703703703703
0 0.5388020833333333 0.022222222222222223 0.033854166666666664 0.027777777777777776
0 0.509375 0.010648148148148148 0.021875 0.021296296296296296
0 0.4739583333333333 0.07824074074074074 0.03125 0.030555555555555555
0 0.4734375 0.06435185185185185 0.030208333333333334 0.023148148148148147
0 0.41432291666666665 0.016203703703703703 0.016145833333333335 0.028703703703703703
0 0.69609375 0.2050925925925926 0.022395833333333334 0.025
0 0.67265625 0.2111111111111111 0.03177083333333333 0.037037037037037035
