4 0.19557291666666668 0.5550925925925926 0.0328125 0.062037037037037036
4 0.11380208333333333 0.3925925925925926 0.021354166666666667 0.03148148148148148
4 0.08515625 0.399537037037037 0.0265625 0.026851851851851852
4 0.11640625 0.37962962962962965 0.0296875 0.024074074074074074
4 0.40729166666666666 0.2953703703703704 0.008333333333333333 0.012962962962962963
4 0.40625 0.2712962962962963 0.00625 0.009259259259259259
4 0.41744791666666664 0.26481481481481484 0.0067708333333333336 0.011111111111111112
4 0.3494791666666667 0.24814814814814815 0.015625 0.009259259259259259
4 0.31197916666666664 0.24074074074074073 0.008333333333333333 0.011111111111111112
4 0.3020833333333333 0.23287037037037037 0.008333333333333333 0.008333333333333333
4 0.29322916666666665 0.21712962962962962 0.005208333333333333 0.006481481481481481
4 0.27447916666666666 0.21805555555555556 0.004166666666666667 0.006481481481481481
4 0.2794270833333333 0.20787037037037037 0.0036458333333333334 0.006481481481481481
4 0.32708333333333334 0.22685185185185186 0.009375 0.007407407407407408
4 0.32135416666666666 0.2300925925925926 0.010416666666666666 0.008333333333333333
4 0.19635416666666666 0.32314814814814813 0.030208333333333334 0.014814814814814815
4 0.2903645833333333 0.19444444444444445 0.0026041666666666665 0.005555555555555556
4 0.24244791666666668 0.20833333333333334 0.0036458333333333334 0.005555555555555556
4 0.24375 0.20416666666666666 0.005208333333333333 0.004629629629629629
