0 0.02421875 0.46620370370370373 0.0484375 0.06388888888888888
0 0.15234375 0.17453703703703705 0.0109375 0.017592592592592594
0 0.18046875 0.1300925925925926 0.0067708333333333336 0.013888888888888888
0 0.2328125 0.28564814814814815 0.019791666666666666 0.03425925925925926
0 0.21223958333333334 0.14305555555555555 0.0078125 0.012037037037037037
0 0.21901041666666668 0.1125 0.0046875 0.008333333333333333
0 0.23776041666666667 0.1476851851851852 0.008854166666666666 0.012037037037037037
0 0.23645833333333333 0.12037037037037036 0.00625 0.009259259259259259
0 0.24635416666666668 0.11388888888888889 0.005208333333333333 0.009259259259259259
0 0.30026041666666664 0.22037037037037038 0.015104166666666667 0.025925925925925925
