0 0.38333333333333336 0.9587962962962963 0.18333333333333332 0.0824074074074074
0 0.25338541666666664 0.8134259259259259 0.12760416666666666 0.19537037037037036
0 0.026041666666666668 0.7472222222222222 0.04791666666666667 0.09814814814814815
0 0.32473958333333336 0.6111111111111112 0.043229166666666666 0.05925925925925926
0 0.37083333333333335 0.6282407407407408 0.051041666666666666 0.075
0 0.4140625 0.6111111111111112 0.041666666666666664 0.05925925925925926
0 0.3377604166666667 0.5925925925925926 0.03697916666666667 0.04259259259259259
0 0.3703125 0.562037037037037 0.023958333333333335 0.03333333333333333
0 0.37890625 0.5578703703703703 0.018229166666666668 0.028703703703703703
0 0.384375 0.5481481481481482 0.017708333333333333 0.03148148148148148
0 0.37265625 0.5268518518518519 0.0203125 0.022222222222222223
0 0.41458333333333336 0.5564814814814815 0.025 0.03518518518518519
0 0.41770833333333335 0.5328703703703703 0.014583333333333334 0.023148148148148147
0 0.42213541666666665 0.5282407407407408 0.0109375 0.019444444444444445
0 0.42734375 0.513425925925926 0.008854166666666666 0.013888888888888888
0 0.4390625 0.5300925925925926 0.0125 0.01574074074074074
0 0.46197916666666666 0.5453703703703704 0.019791666666666666 0.025925925925925925
0 0.4630208333333333 0.5606481481481481 0.022916666666666665 0.03611111111111111
0 0.4674479166666667 0.5675925925925925 0.021354166666666667 0.037037037037037035
0 0.48541666666666666 0.6222222222222222 0.03229166666666667 0.05740740740740741
0 0.5361979166666667 0.7106481481481481 0.06822916666666666 0.14351851851851852
