4 0.10416666666666667 0.9375 0.041666666666666664 0.07314814814814814
4 0.1703125 0.8222222222222222 0.040625 0.06481481481481481
4 0.22109375 0.8625 0.03802083333333333 0.06759259259259259
4 0.2565104166666667 0.7652777777777777 0.0296875 0.049074074074074076
4 0.30494791666666665 0.6171296296296296 0.0234375 0.032407407407407406
4 0.33098958333333334 0.9125 0.030729166666666665 0.058333333333333334
4 0.3828125 0.8171296296296297 0.022916666666666665 0.05092592592592592
4 0.35520833333333335 0.7319444444444444 0.025 0.041666666666666664
4 0.3028645833333333 0.6763888888888889 0.024479166666666666 0.03981481481481482
4 0.38255208333333335 0.6504629629629629 0.022395833333333334 0.032407407407407406
4 0.39505208333333336 0.6902777777777778 0.021354166666666667 0.03425925925925926
4 0.35494791666666664 0.5736111111111111 0.018229166666666668 0.026851851851851852
4 0.40625 0.6578703703703703 0.019791666666666666 0.032407407407407406
4 0.40182291666666664 0.612037037037037 0.019270833333333334 0.027777777777777776
4 0.4153645833333333 0.6282407407407408 0.018229166666666668 0.026851851851851852
4 0.35598958333333336 0.5055555555555555 0.018229166666666668 0.025925925925925925
4 0.3802083333333333 0.5157407407407407 0.017708333333333333 0.025925925925925925
4 0.4080729166666667 0.5875 0.0171875 0.021296296296296296
4 0.4239583333333333 0.6013888888888889 0.01875 0.026851851851851852
4 0.42239583333333336 0.562037037037037 0.015625 0.022222222222222223
4 0.42578125 0.5398148148148149 0.0140625 0.020370370370370372
4 0.43828125 0.575462962962963 0.013020833333333334 0.021296296296296296
4 0.44244791666666666 0.5083333333333333 0.016145833333333335 0.018518518518518517
4 0.4588541666666667 0.5111111111111111 0.013541666666666667 0.020370370370370372
4 0.44817708333333334 0.5314814814814814 0.016145833333333335 0.022222222222222223
4 0.47369791666666666 0.5361111111111111 0.016145833333333335 0.020370370370370372
4 0.3953125 0.43472222222222223 0.013541666666666667 0.013888888888888888
4 0.415625 0.4527777777777778 0.011458333333333333 0.016666666666666666
4 0.43515625 0.4203703703703704 0.011979166666666667 0.020370370370370372
4 0.44192708333333336 0.4324074074074074 0.0109375 0.016666666666666666
4 0.42942708333333335 0.38842592592592595 0.008854166666666666 0.012037037037037037
4 0.43411458333333336 0.38101851851851853 0.008854166666666666 0.010185185185185186
4 0.4390625 0.3763888888888889 0.008333333333333333 0.010185185185185186
4 0.4588541666666667 0.4064814814814815 0.010416666666666666 0.014814814814814815
4 0.45390625 0.3962962962962963 0.009895833333333333 0.012962962962962963
4 0.4661458333333333 0.39444444444444443 0.009375 0.012962962962962963
4 0.46510416666666665 0.37407407407407406 0.009375 0.011111111111111112
4 0.48046875 0.3685185185185185 0.008854166666666666 0.011111111111111112
4 0.47369791666666666 0.38055555555555554 0.008854166666666666 0.012962962962962963
4 0.4861979166666667 0.3453703703703704 0.0067708333333333336 0.011111111111111112
4 0.49661458333333336 0.3458333333333333 0.0078125 0.010185185185185186
4 0.48541666666666666 0.33564814814814814 0.008333333333333333 0.008333333333333333
4 0.4666666666666667 0.4550925925925926 0.0125 0.012037037037037037
4 0.47369791666666666 0.4162037037037037 0.009895833333333333 0.013888888888888888
4 0.47578125 0.43703703703703706 0.009895833333333333 0.014814814814814815
4 0.48098958333333336 0.42592592592592593 0.009895833333333333 0.014814814814814815
4 0.48671875 0.41435185185185186 0.0109375 0.01574074074074074
4 0.48671875 0.44722222222222224 0.009895833333333333 0.016666666666666666
4 0.49270833333333336 0.43194444444444446 0.010416666666666666 0.013888888888888888
4 0.4981770833333333 0.41944444444444445 0.009895833333333333 0.012962962962962963
4 0.5083333333333333 0.43425925925925923 0.009375 0.014814814814814815
4 0.51171875 0.42314814814814816 0.0109375 0.012962962962962963
4 0.5270833333333333 0.4064814814814815 0.007291666666666667 0.012962962962962963
4 0.5190104166666667 0.40185185185185185 0.0078125 0.012962962962962963
4 0.5005208333333333 0.39166666666666666 0.007291666666666667 0.012962962962962963
4 0.5015625 0.37824074074074077 0.008333333333333333 0.012037037037037037
4 0.5197916666666667 0.3907407407407407 0.010416666666666666 0.014814814814814815
4 0.5075520833333333 0.3662037037037037 0.005729166666666666 0.010185185185185186
4 0.5260416666666666 0.3861111111111111 0.007291666666666667 0.012962962962962963
4 0.5265625 0.3800925925925926 0.007291666666666667 0.010185185185185186
4 0.5260416666666666 0.37407407407407406 0.00625 0.009259259259259259
4 0.5296875 0.3699074074074074 0.007291666666666667 0.012037037037037037
4 0.5338541666666666 0.3638888888888889 0.00625 0.011111111111111112
4 0.5299479166666666 0.3541666666666667 0.0078125 0.008333333333333333
4 0.5109375 0.35 0.007291666666666667 0.009259259259259259
4 0.51796875 0.35185185185185186 0.0067708333333333336 0.009259259259259259
4 0.5197916666666667 0.3453703703703704 0.007291666666666667 0.009259259259259259
4 0.5234375 0.3388888888888889 0.00625 0.009259259259259259
4 0.53359375 0.33564814814814814 0.0078125 0.008333333333333333
4 0.49270833333333336 0.30787037037037035 0.00625 0.008333333333333333
4 0.49973958333333335 0.31342592592592594 0.005729166666666666 0.008333333333333333
4 0.5075520833333333 0.3138888888888889 0.0046875 0.007407407407407408
4 0.50625 0.3013888888888889 0.005208333333333333 0.008333333333333333
4 0.5174479166666667 0.30694444444444446 0.005729166666666666 0.008333333333333333
4 0.5138020833333333 0.30092592592592593 0.005729166666666666 0.009259259259259259
4 0.51875 0.2962962962962963 0.00625 0.007407407407407408
4 0.5109375 0.29583333333333334 0.005208333333333333 0.006481481481481481
4 0.5252604166666667 0.29212962962962963 0.005729166666666666 0.008333333333333333
4 0.5161458333333333 0.2833333333333333 0.004166666666666667 0.007407407407407408
4 0.5122395833333333 0.27685185185185185 0.0046875 0.012962962962962963
4 0.5385416666666667 0.3055555555555556 0.005208333333333333 0.007407407407407408
4 0.5510416666666667 0.3087962962962963 0.005208333333333333 0.008333333333333333
4 0.55078125 0.29305555555555557 0.0046875 0.006481481481481481
4 0.5473958333333333 0.28425925925925927 0.004166666666666667 0.005555555555555556
4 0.5252604166666667 0.28425925925925927 0.005729166666666666 0.005555555555555556
4 0.5315104166666667 0.2800925925925926 0.0046875 0.006481481481481481
4 0.5190104166666667 0.2773148148148148 0.0046875 0.006481481481481481
4 0.56875 0.2814814814814815 0.004166666666666667 0.011111111111111112
4 0.5622395833333333 0.2740740740740741 0.0036458333333333334 0.005555555555555556
