4 0.30911458333333336 0.6944444444444444 0.0265625 0.027777777777777776
4 0.31171875 0.6324074074074074 0.022395833333333334 0.05
4 0.2640625 0.5902777777777778 0.019791666666666666 0.041666666666666664
4 0.31145833333333334 0.5763888888888888 0.020833333333333332 0.04351851851851852
4 0.38307291666666665 0.5708333333333333 0.0390625 0.04351851851851852
4 0.3776041666666667 0.49583333333333335 0.016666666666666666 0.03425925925925926
4 0.18984375 0.6759259259259259 0.0296875 0.06481481481481481
4 0.17838541666666666 0.5217592592592593 0.0203125 0.03611111111111111
4 0.24088541666666666 0.449537037037037 0.016145833333333335 0.028703703703703703
4 0.278125 0.45 0.014583333333333334 0.025925925925925925
4 0.25416666666666665 0.41435185185185186 0.014583333333333334 0.025
4 0.2046875 0.4462962962962963 0.016666666666666666 0.025925925925925925
4 0.21328125 0.425462962962963 0.015104166666666667 0.026851851851851852
4 0.21796875 0.4101851851851852 0.0140625 0.022222222222222223
4 0.22421875 0.3962962962962963 0.0140625 0.022222222222222223
4 0.22760416666666666 0.38333333333333336 0.014583333333333334 0.024074074074074074
4 0.1875 0.3800925925925926 0.014583333333333334 0.021296296296296296
4 0.16145833333333334 0.3962962962962963 0.023958333333333335 0.022222222222222223
4 0.17552083333333332 0.36527777777777776 0.025 0.017592592592592594
4 0.047135416666666666 0.6291666666666667 0.03802083333333333 0.06759259259259259
4 0.07369791666666667 0.5717592592592593 0.03697916666666667 0.05648148148148148
4 0.3958333333333333 0.4351851851851852 0.020833333333333332 0.024074074074074074
4 0.41432291666666665 0.41388888888888886 0.0171875 0.024074074074074074
4 0.39036458333333335 0.40694444444444444 0.022395833333333334 0.025
4 0.39557291666666666 0.38055555555555554 0.0140625 0.022222222222222223
4 0.3927083333333333 0.36944444444444446 0.021875 0.018518518518518517
4 0.3684895833333333 0.462037037037037 0.016145833333333335 0.025925925925925925
4 0.36380208333333336 0.4393518518518518 0.0140625 0.032407407407407406
4 0.3614583333333333 0.4166666666666667 0.014583333333333334 0.024074074074074074
4 0.365625 0.38981481481481484 0.019791666666666666 0.018518518518518517
4 0.3541666666666667 0.37592592592592594 0.0125 0.020370370370370372
4 0.346875 0.34953703703703703 0.010416666666666666 0.017592592592592594
4 0.4270833333333333 0.3050925925925926 0.009375 0.012037037037037037
4 0.42083333333333334 0.29444444444444445 0.0125 0.011111111111111112
4 0.42890625 0.29444444444444445 0.0109375 0.011111111111111112
4 0.396875 0.29583333333333334 0.009375 0.012037037037037037
4 0.38776041666666666 0.2953703703703704 0.009895833333333333 0.011111111111111112
4 0.37786458333333334 0.3060185185185185 0.0140625 0.01574074074074074
4 0.375 0.3 0.014583333333333334 0.012962962962962963
4 0.34401041666666665 0.31851851851851853 0.008854166666666666 0.011111111111111112
4 0.33828125 0.30324074074074076 0.0067708333333333336 0.012037037037037037
4 0.20885416666666667 0.3384259259259259 0.011458333333333333 0.01574074074074074
4 0.21927083333333333 0.32037037037037036 0.011458333333333333 0.016666666666666666
4 0.22447916666666667 0.3101851851851852 0.009375 0.016666666666666666
4 0.23854166666666668 0.3578703703703704 0.013541666666666667 0.019444444444444445
4 0.24348958333333334 0.3476851851851852 0.0109375 0.017592592592592594
4 0.24739583333333334 0.34074074074074073 0.011458333333333333 0.016666666666666666
4 0.2484375 0.33240740740740743 0.009375 0.018518518518518517
4 0.2515625 0.3236111111111111 0.010416666666666666 0.017592592592592594
4 0.2557291666666667 0.31574074074074077 0.009375 0.014814814814814815
4 0.25729166666666664 0.30462962962962964 0.009375 0.014814814814814815
4 0.25859375 0.3472222222222222 0.0109375 0.016666666666666666
4 0.2747395833333333 0.3388888888888889 0.008854166666666666 0.016666666666666666
4 0.27682291666666664 0.32037037037037036 0.008854166666666666 0.014814814814814815
4 0.29296875 0.32314814814814813 0.008854166666666666 0.012962962962962963
4 0.2799479166666667 0.30416666666666664 0.0078125 0.012037037037037037
4 0.29609375 0.2986111111111111 0.0067708333333333336 0.012037037037037037
4 0.2635416666666667 0.29444444444444445 0.007291666666666667 0.011111111111111112
4 0.2671875 0.28194444444444444 0.007291666666666667 0.010185185185185186
4 0.30104166666666665 0.27175925925925926 0.00625 0.010185185185185186
4 0.2908854166666667 0.25833333333333336 0.005729166666666666 0.009259259259259259
4 0.28411458333333334 0.25277777777777777 0.0046875 0.009259259259259259
4 0.29296875 0.2490740740740741 0.0046875 0.009259259259259259
4 0.30182291666666666 0.2537037037037037 0.005729166666666666 0.011111111111111112
4 0.30442708333333335 0.23425925925925925 0.0046875 0.009259259259259259
4 0.2921875 0.23425925925925925 0.005208333333333333 0.009259259259259259
4 0.29713541666666665 0.23148148148148148 0.0036458333333333334 0.007407407407407408
4 0.29739583333333336 0.2263888888888889 0.004166666666666667 0.006481481481481481
