4 0.3372395833333333 0.14537037037037037 0.0046875 0.007407407407407408
4 0.35052083333333334 0.14953703703703702 0.004166666666666667 0.006481481481481481
4 0.3533854166666667 0.1527777777777778 0.0046875 0.007407407407407408
4 0.35598958333333336 0.16064814814814815 0.0046875 0.008333333333333333
4 0.35703125 0.16342592592592592 0.005729166666666666 0.008333333333333333
4 0.36041666666666666 0.16944444444444445 0.007291666666666667 0.011111111111111112
4 0.3619791666666667 0.17407407407407408 0.007291666666666667 0.007407407407407408
4 0.3625 0.17916666666666667 0.007291666666666667 0.010185185185185186
4 0.37109375 0.19490740740740742 0.0109375 0.01574074074074074
4 0.3372395833333333 0.16111111111111112 0.005729166666666666 0.009259259259259259
4 0.34869791666666666 0.1814814814814815 0.0078125 0.012962962962962963
4 0.35234375 0.20601851851851852 0.009895833333333333 0.013888888888888888
4 0.34088541666666666 0.1962962962962963 0.008854166666666666 0.014814814814814815
4 0.3260416666666667 0.1935185185185185 0.009375 0.016666666666666666
4 0.31302083333333336 0.1935185185185185 0.008333333333333333 0.014814814814814815
4 0.3177083333333333 0.1837962962962963 0.008333333333333333 0.012037037037037037
4 0.31145833333333334 0.16944444444444445 0.007291666666666667 0.011111111111111112
4 0.29973958333333334 0.20185185185185187 0.0067708333333333336 0.011111111111111112
4 0.2986979166666667 0.2101851851851852 0.011979166666666667 0.018518518518518517
4 0.15989583333333332 0.2791666666666667 0.03958333333333333 0.026851851851851852
4 0.17317708333333334 0.2722222222222222 0.03697916666666667 0.024074074074074074
4 0.17213541666666668 0.2611111111111111 0.034895833333333334 0.024074074074074074
4 0.19713541666666667 0.18611111111111112 0.0171875 0.014814814814814815
4 0.23723958333333334 0.19537037037037036 0.0171875 0.016666666666666666
4 0.24661458333333333 0.19027777777777777 0.019270833333333334 0.012037037037037037
4 0.24661458333333333 0.18472222222222223 0.0171875 0.012037037037037037
4 0.21276041666666667 0.16898148148148148 0.0078125 0.010185185185185186
4 0.22526041666666666 0.1712962962962963 0.0078125 0.011111111111111112
4 0.22890625 0.17916666666666667 0.008854166666666666 0.012037037037037037
4 0.23333333333333334 0.17222222222222222 0.008333333333333333 0.011111111111111112
4 0.3765625 0.2125 0.008333333333333333 0.013888888888888888
4 0.36614583333333334 0.2152777777777778 0.014583333333333334 0.017592592592592594
4 0.3815104166666667 0.22361111111111112 0.009895833333333333 0.017592592592592594
4 0.3703125 0.22824074074074074 0.025 0.019444444444444445
4 0.3453125 0.24583333333333332 0.013541666666666667 0.023148148148148147
4 0.34791666666666665 0.2638888888888889 0.016666666666666666 0.025925925925925925
4 0.36432291666666666 0.34675925925925927 0.0234375 0.03981481481481482
4 0.44244791666666666 0.37916666666666665 0.0296875 0.05092592592592592
4 0.40234375 0.2828703703703704 0.018229166666666668 0.026851851851851852
4 0.39817708333333335 0.2675925925925926 0.016145833333333335 0.022222222222222223
4 0.3890625 0.2439814814814815 0.019791666666666666 0.017592592592592594
4 0.5661458333333333 0.31851851851851853 0.03958333333333333 0.03518518518518519
