4 0.17317708333333334 0.7393518518518518 0.058854166666666666 0.08611111111111111
4 0.11979166666666667 0.7324074074074074 0.065625 0.08148148148148149
4 0.21171875 0.537962962962963 0.0609375 0.07592592592592592
4 0.19322916666666667 0.49027777777777776 0.065625 0.05092592592592592
4 0.18619791666666666 0.31342592592592594 0.0265625 0.028703703703703703
4 0.31145833333333334 0.49537037037037035 0.04791666666666667 0.053703703703703705
4 0.26458333333333334 0.3125 0.017708333333333333 0.03425925925925926
4 0.27317708333333335 0.2916666666666667 0.0203125 0.03148148148148148
4 0.28567708333333336 0.2712962962962963 0.018229166666666668 0.027777777777777776
4 0.29739583333333336 0.25462962962962965 0.01875 0.027777777777777776
4 0.30442708333333335 0.2375 0.018229166666666668 0.025
4 0.31640625 0.2212962962962963 0.0171875 0.027777777777777776
4 0.39791666666666664 0.2652777777777778 0.017708333333333333 0.032407407407407406
4 0.5911458333333334 0.45694444444444443 0.059375 0.04722222222222222
