4 0.3536458333333333 0.6013888888888889 0.03125 0.08796296296296297
4 0.4015625 0.5300925925925926 0.027083333333333334 0.07314814814814814
4 0.36223958333333334 0.49027777777777776 0.024479166666666666 0.06574074074074074
4 0.39375 0.42453703703703705 0.025 0.05648148148148148
4 0.3880208333333333 0.36064814814814816 0.022916666666666665 0.05092592592592592
4 0.38619791666666664 0.3060185185185185 0.018229166666666668 0.03611111111111111
4 0.3619791666666667 0.27870370370370373 0.016666666666666666 0.025925925925925925
4 0.36171875 0.23055555555555557 0.015104166666666667 0.02962962962962963
4 0.37864583333333335 0.20601851851851852 0.013541666666666667 0.026851851851851852
4 0.37552083333333336 0.17546296296296296 0.013541666666666667 0.025
4 0.35494791666666664 0.1648148148148148 0.011979166666666667 0.020370370370370372
4 0.37578125 0.14444444444444443 0.011979166666666667 0.020370370370370372
4 0.3346354166666667 0.1388888888888889 0.013020833333333334 0.025925925925925925
4 0.35703125 0.12546296296296297 0.0109375 0.023148148148148147
4 0.3729166666666667 0.1050925925925926 0.010416666666666666 0.017592592592592594
4 0.3580729166666667 0.10833333333333334 0.009895833333333333 0.016666666666666666
4 0.3885416666666667 0.08287037037037037 0.013541666666666667 0.01574074074074074
4 0.3294270833333333 0.07777777777777778 0.009895833333333333 0.018518518518518517
4 0.32838541666666665 0.06574074074074074 0.008854166666666666 0.014814814814814815
4 0.3416666666666667 0.05925925925925926 0.008333333333333333 0.014814814814814815
4 0.33229166666666665 0.046296296296296294 0.007291666666666667 0.014814814814814815
4 0.24453125 0.5291666666666667 0.030729166666666665 0.07314814814814814
4 0.2598958333333333 0.42407407407407405 0.027083333333333334 0.05555555555555555
4 0.09557291666666666 0.5962962962962963 0.07864583333333333 0.06481481481481481
4 0.11588541666666667 0.5555555555555556 0.07135416666666666 0.05185185185185185
4 0.12682291666666667 0.5189814814814815 0.06614583333333333 0.049074074074074076
4 0.13854166666666667 0.4837962962962963 0.059375 0.04351851851851852
4 0.011197916666666667 0.41898148148148145 0.022395833333333334 0.06574074074074074
4 0.140625 0.2337962962962963 0.036458333333333336 0.028703703703703703
4 0.3927083333333333 0.04027777777777778 0.017708333333333333 0.013888888888888888
4 0.42239583333333336 0.04537037037037037 0.015625 0.012962962962962963
4 0.60078125 0.04490740740740741 0.016145833333333335 0.01574074074074074
4 0.68984375 0.06574074074074074 0.0171875 0.012962962962962963
4 0.6895833333333333 0.04027777777777778 0.014583333333333334 0.012037037037037037
4 0.7044270833333334 0.06388888888888888 0.0078125 0.011111111111111112
4 0.07890625 0.07037037037037037 0.022395833333333334 0.016666666666666666
4 0.09427083333333333 0.06296296296296296 0.020833333333333332 0.016666666666666666
4 0.11041666666666666 0.06898148148148148 0.021875 0.01574074074074074
4 0.12109375 0.07453703703703704 0.022395833333333334 0.017592592592592594
4 0.1234375 0.0625 0.021875 0.01574074074074074
4 0.15026041666666667 0.07453703703703704 0.024479166666666666 0.01574074074074074
4 0.15546875 0.06342592592592593 0.019270833333333334 0.013888888888888888
4 0.17447916666666666 0.0787037037037037 0.023958333333333335 0.016666666666666666
4 0.18802083333333333 0.07268518518518519 0.023958333333333335 0.013888888888888888
4 0.1765625 0.06712962962962964 0.021875 0.013888888888888888
4 0.18567708333333333 0.06296296296296296 0.0234375 0.016666666666666666
4 0.21588541666666666 0.0763888888888889 0.019270833333333334 0.01574074074074074
4 0.22057291666666667 0.07083333333333333 0.019270833333333334 0.013888888888888888
4 0.21223958333333334 0.06620370370370371 0.022395833333333334 0.017592592592592594
4 0.21380208333333334 0.062037037037037036 0.021354166666666667 0.014814814814814815
4 0.24713541666666666 0.075 0.0234375 0.018518518518518517
4 0.24036458333333333 0.06527777777777778 0.018229166666666668 0.013888888888888888
4 0.23802083333333332 0.06018518518518518 0.017708333333333333 0.012962962962962963
4 0.3458333333333333 0.022222222222222223 0.007291666666666667 0.011111111111111112
4 0.34322916666666664 0.015277777777777777 0.00625 0.012037037037037037
4 0.3671875 0.020370370370370372 0.007291666666666667 0.011111111111111112
4 0.3567708333333333 0.012037037037037037 0.00625 0.011111111111111112
4 0.35963541666666665 0.004629629629629629 0.005729166666666666 0.009259259259259259
4 0.34713541666666664 0.007407407407407408 0.0067708333333333336 0.011111111111111112
4 0.33619791666666665 0.005092592592592593 0.005729166666666666 0.010185185185185186
