4 0.67578125 0.5962962962962963 0.06510416666666667 0.06481481481481481
4 0.6065104166666667 0.624537037037037 0.06822916666666666 0.12314814814814815
4 0.4513020833333333 0.5828703703703704 0.034895833333333334 0.08425925925925926
4 0.5528645833333333 0.5263888888888889 0.04739583333333333 0.06759259259259259
4 0.57109375 0.4671296296296296 0.0546875 0.05277777777777778
4 0.024739583333333332 0.6189814814814815 0.049479166666666664 0.11944444444444445
4 0.09713541666666667 0.38333333333333336 0.0453125 0.04814814814814815
4 0.50390625 0.38472222222222224 0.028645833333333332 0.03981481481481482
4 0.5033854166666667 0.35324074074074074 0.0390625 0.03611111111111111
4 0.46536458333333336 0.26296296296296295 0.025520833333333333 0.024074074074074074
4 0.44765625 0.25277777777777777 0.016145833333333335 0.022222222222222223
4 0.440625 0.22685185185185186 0.017708333333333333 0.022222222222222223
4 0.4296875 0.19814814814814816 0.013541666666666667 0.016666666666666666
4 0.4080729166666667 0.16805555555555557 0.0203125 0.012037037037037037
4 0.3875 0.16898148148148148 0.019791666666666666 0.013888888888888888
4 0.3880208333333333 0.18333333333333332 0.010416666666666666 0.018518518518518517
4 0.39010416666666664 0.21435185185185185 0.013541666666666667 0.017592592592592594
4 0.4 0.25972222222222224 0.013541666666666667 0.021296296296296296
4 0.346875 0.13518518518518519 0.007291666666666667 0.012962962962962963
4 0.36015625 0.15046296296296297 0.0078125 0.012037037037037037
4 0.38385416666666666 0.16111111111111112 0.008333333333333333 0.012962962962962963
4 0.3658854166666667 0.19675925925925927 0.0109375 0.01574074074074074
4 0.3580729166666667 0.17175925925925925 0.009895833333333333 0.013888888888888888
4 0.3809895833333333 0.15185185185185185 0.0067708333333333336 0.011111111111111112
4 0.33958333333333335 0.15601851851851853 0.008333333333333333 0.01574074074074074
4 0.33567708333333335 0.16944444444444445 0.009895833333333333 0.014814814814814815
4 0.34088541666666666 0.17777777777777778 0.008854166666666666 0.014814814814814815
4 0.33151041666666664 0.14814814814814814 0.013020833333333334 0.011111111111111112
4 0.33567708333333335 0.11666666666666667 0.0046875 0.007407407407407408
4 0.34791666666666665 0.11296296296296296 0.005208333333333333 0.007407407407407408
4 0.2955729166666667 0.1398148148148148 0.0067708333333333336 0.012962962962962963
4 0.30494791666666665 0.13425925925925927 0.0067708333333333336 0.011111111111111112
4 0.30494791666666665 0.12962962962962962 0.0067708333333333336 0.009259259259259259
4 0.2796875 0.1712962962962963 0.010416666666666666 0.014814814814814815
4 0.27057291666666666 0.16666666666666666 0.009895833333333333 0.014814814814814815
4 0.2638020833333333 0.19583333333333333 0.015104166666666667 0.023148148148148147
4 0.2513020833333333 0.18287037037037038 0.0234375 0.01574074074074074
4 0.25234375 0.21481481481481482 0.0140625 0.018518518518518517
4 0.31536458333333334 0.17407407407407408 0.009895833333333333 0.014814814814814815
4 0.3190104166666667 0.16435185185185186 0.009895833333333333 0.019444444444444445
4 0.34791666666666665 0.1050925925925926 0.004166666666666667 0.006481481481481481
4 0.32708333333333334 0.2851851851851852 0.016666666666666666 0.02962962962962963
4 0.37604166666666666 0.3851851851851852 0.020833333333333332 0.03888888888888889
4 0.29401041666666666 0.3263888888888889 0.024479166666666666 0.03981481481481482
