4 0.19921875 0.34305555555555556 0.05677083333333333 0.04537037037037037
4 0.23567708333333334 0.4912037037037037 0.0359375 0.08796296296296297
4 0.34791666666666665 0.5425925925925926 0.0375 0.09444444444444444
4 0.4049479166666667 0.5606481481481481 0.04010416666666667 0.09166666666666666
4 0.3359375 0.23842592592592593 0.016666666666666666 0.030555555555555555
4 0.33828125 0.18935185185185185 0.016145833333333335 0.023148148148148147
4 0.08489583333333334 0.275 0.035416666666666666 0.037037037037037035
4 0.26484375 0.24351851851851852 0.018229166666666668 0.03333333333333333
4 0.2942708333333333 0.2388888888888889 0.017708333333333333 0.03518518518518519
4 0.44192708333333336 0.2162037037037037 0.0171875 0.026851851851851852
4 0.36041666666666666 0.1375 0.009375 0.019444444444444445
4 0.2953125 0.13194444444444445 0.008333333333333333 0.017592592592592594
4 0.3065104166666667 0.13935185185185187 0.009895833333333333 0.025
4 0.30520833333333336 0.16712962962962963 0.014583333333333334 0.021296296296296296
4 0.30572916666666666 0.18518518518518517 0.011458333333333333 0.022222222222222223
4 0.3020833333333333 0.20972222222222223 0.016666666666666666 0.026851851851851852
4 0.271875 0.21712962962962962 0.017708333333333333 0.026851851851851852
4 0.2799479166666667 0.19537037037037036 0.015104166666666667 0.027777777777777776
4 0.2747395833333333 0.14444444444444443 0.0140625 0.025925925925925925
4 0.28125 0.13472222222222222 0.008333333333333333 0.019444444444444445
4 0.28411458333333334 0.11574074074074074 0.009895833333333333 0.022222222222222223
4 0.28828125 0.0962962962962963 0.0109375 0.018518518518518517
4 0.2911458333333333 0.08333333333333333 0.009375 0.016666666666666666
4 0.18307291666666667 0.2310185185185185 0.0203125 0.03611111111111111
4 0.20026041666666666 0.18888888888888888 0.013020833333333334 0.024074074074074074
4 0.4192708333333333 0.16018518518518518 0.014583333333333334 0.027777777777777776
4 0.5018229166666667 0.24768518518518517 0.0390625 0.028703703703703703
4 0.6846354166666667 0.32592592592592595 0.04114583333333333 0.03333333333333333
4 0.6403645833333333 0.6708333333333333 0.06822916666666666 0.075
4 0.359375 0.10462962962962963 0.008333333333333333 0.014814814814814815
4 0.14661458333333333 0.22916666666666666 0.03802083333333333 0.03981481481481482
4 0.2296875 0.13657407407407407 0.0125 0.017592592592592594
4 0.36770833333333336 0.16435185185185186 0.013541666666666667 0.023148148148148147
4 0.29609375 0.06620370370370371 0.005729166666666666 0.010185185185185186
4 0.29973958333333334 0.05925925925925926 0.0078125 0.011111111111111112
4 0.30078125 0.05462962962962963 0.0067708333333333336 0.014814814814814815
4 0.3776041666666667 0.05694444444444444 0.007291666666666667 0.012037037037037037
4 0.21328125 0.12361111111111112 0.0109375 0.019444444444444445
4 0.2390625 0.09027777777777778 0.023958333333333335 0.017592592592592594
4 0.23645833333333333 0.12685185185185185 0.014583333333333334 0.020370370370370372
4 0.24270833333333333 0.11527777777777778 0.010416666666666666 0.019444444444444445
4 0.2484375 0.11018518518518519 0.013541666666666667 0.016666666666666666
4 0.32109375 0.034722222222222224 0.0046875 0.008333333333333333
4 0.3190104166666667 0.027777777777777776 0.0036458333333333334 0.009259259259259259
4 0.3221354166666667 0.024537037037037038 0.005729166666666666 0.008333333333333333
4 0.31328125 0.08009259259259259 0.008854166666666666 0.017592592592592594
