4 0.24921875 0.1925925925925926 0.0046875 0.007407407407407408
4 0.23151041666666666 0.20046296296296295 0.0067708333333333336 0.010185185185185186
4 0.23020833333333332 0.2101851851851852 0.00625 0.009259259259259259
4 0.22682291666666668 0.22175925925925927 0.0067708333333333336 0.010185185185185186
4 0.2708333333333333 0.2361111111111111 0.008333333333333333 0.014814814814814815
4 0.27447916666666666 0.25787037037037036 0.008333333333333333 0.01574074074074074
4 0.27317708333333335 0.24953703703703703 0.008854166666666666 0.013888888888888888
4 0.2830729166666667 0.29259259259259257 0.018229166666666668 0.040740740740740744
4 0.27057291666666666 0.4601851851851852 0.024479166666666666 0.05
4 0.3106770833333333 0.4462962962962963 0.0234375 0.044444444444444446
