0 0.37578125 0.6393518518518518 0.0453125 0.12314814814814815
0 0.6388020833333333 0.6337962962962963 0.06614583333333333 0.08981481481481482
0 0.58828125 0.5157407407407407 0.04635416666666667 0.07592592592592592
0 0.69453125 0.5708333333333333 0.027604166666666666 0.05648148148148148
0 0.66875 0.5282407407407408 0.07916666666666666 0.062037037037037036
0 0.6692708333333334 0.4842592592592593 0.07395833333333333 0.05555555555555555
0 0.6510416666666666 0.4476851851851852 0.078125 0.05277777777777778
0 0.12708333333333333 0.40694444444444444 0.036458333333333336 0.06018518518518518
0 0.17473958333333334 0.32037037037037036 0.0296875 0.03518518518518519
0 0.30833333333333335 0.41898148148148145 0.023958333333333335 0.05277777777777778
0 0.3580729166666667 0.36574074074074076 0.0234375 0.040740740740740744
0 0.48359375 0.30648148148148147 0.022395833333333334 0.03333333333333333
0 0.515625 0.3819444444444444 0.03229166666666667 0.04537037037037037
0 0.5453125 0.4074074074074074 0.05 0.046296296296296294
0 0.6333333333333333 0.4222222222222222 0.06875 0.05
0 0.6049479166666667 0.4 0.06302083333333333 0.044444444444444446
0 0.62734375 0.3648148148148148 0.0359375 0.046296296296296294
0 0.6989583333333333 0.3402777777777778 0.01875 0.028703703703703703
0 0.6768229166666667 0.3300925925925926 0.044270833333333336 0.032407407407407406
0 0.66484375 0.31574074074074077 0.043229166666666666 0.02962962962962963
0 0.6713541666666667 0.30416666666666664 0.046875 0.030555555555555555
0 0.6588541666666666 0.28888888888888886 0.04583333333333333 0.024074074074074074
0 0.15338541666666666 0.2814814814814815 0.050520833333333334 0.025925925925925925
0 0.28463541666666664 0.26064814814814813 0.016145833333333335 0.028703703703703703
0 0.18567708333333333 0.25 0.03697916666666667 0.020370370370370372
0 0.22838541666666667 0.23657407407407408 0.022395833333333334 0.025
0 0.35390625 0.2050925925925926 0.013020833333333334 0.021296296296296296
0 0.4578125 0.25601851851851853 0.019791666666666666 0.03425925925925926
0 0.4484375 0.24074074074074073 0.01875 0.03148148148148148
0 0.43697916666666664 0.22685185185185186 0.016666666666666666 0.020370370370370372
0 0.6783854166666666 0.24212962962962964 0.03697916666666667 0.021296296296296296
0 0.6505208333333333 0.2273148148148148 0.034375 0.017592592592592594
0 0.4265625 0.19768518518518519 0.011458333333333333 0.017592592592592594
0 0.43125 0.18935185185185185 0.022916666666666665 0.01574074074074074
0 0.28125 0.14166666666666666 0.008333333333333333 0.011111111111111112
0 0.28619791666666666 0.13425925925925927 0.008854166666666666 0.012962962962962963
0 0.29322916666666665 0.12129629629629629 0.00625 0.011111111111111112
0 0.2869791666666667 0.11898148148148148 0.007291666666666667 0.010185185185185186
0 0.31927083333333334 0.12453703703703704 0.007291666666666667 0.010185185185185186
0 0.32109375 0.11944444444444445 0.005729166666666666 0.011111111111111112
0 0.33359375 0.12129629629629629 0.0067708333333333336 0.012962962962962963
0 0.35494791666666664 0.16805555555555557 0.009895833333333333 0.01574074074074074
0 0.3776041666666667 0.16018518518518518 0.008333333333333333 0.012962962962962963
0 0.35104166666666664 0.14351851851851852 0.008333333333333333 0.012962962962962963
0 0.37213541666666666 0.14212962962962963 0.008854166666666666 0.012037037037037037
0 0.3296875 0.09166666666666666 0.003125 0.007407407407407408
0 0.30078125 0.10555555555555556 0.0046875 0.007407407407407408
0 0.3065104166666667 0.09953703703703703 0.0046875 0.008333333333333333
0 0.309375 0.09490740740740741 0.004166666666666667 0.008333333333333333
0 0.31536458333333334 0.08472222222222223 0.0026041666666666665 0.004629629629629629
0 0.37135416666666665 0.12731481481481483 0.007291666666666667 0.012037037037037037
0 0.36328125 0.12685185185185185 0.008854166666666666 0.009259259259259259
0 0.3684895833333333 0.11805555555555555 0.005729166666666666 0.008333333333333333
0 0.35052083333333334 0.11157407407407408 0.00625 0.008333333333333333
0 0.34921875 0.10601851851851851 0.005729166666666666 0.008333333333333333
0 0.34036458333333336 0.09490740740740741 0.0046875 0.006481481481481481
0 0.33515625 0.0837962962962963 0.0036458333333333334 0.006481481481481481
0 0.35104166666666664 0.09351851851851851 0.004166666666666667 0.005555555555555556
0 0.3567708333333333 0.09027777777777778 0.004166666666666667 0.006481481481481481
0 0.3497395833333333 0.08703703703703704 0.0036458333333333334 0.005555555555555556
0 0.3497395833333333 0.08055555555555556 0.0036458333333333334 0.005555555555555556
0 0.35052083333333334 0.075 0.003125 0.007407407407407408
0 0.35572916666666665 0.08148148148148149 0.003125 0.005555555555555556
0 0.3416666666666667 0.08657407407407407 0.003125 0.004629629629629629
0 0.33958333333333335 0.07777777777777778 0.003125 0.005555555555555556
0 0.3341145833333333 0.07592592592592592 0.0036458333333333334 0.005555555555555556
0 0.41640625 0.16157407407407406 0.0140625 0.012037037037037037
0 0.4083333333333333 0.15787037037037038 0.009375 0.012037037037037037
0 0.4044270833333333 0.1486111111111111 0.009895833333333333 0.013888888888888888
0 0.4 0.13472222222222222 0.010416666666666666 0.008333333333333333
0 0.38671875 0.11342592592592593 0.0067708333333333336 0.008333333333333333
0 0.3927083333333333 0.11481481481481481 0.008333333333333333 0.009259259259259259
0 0.3848958333333333 0.10416666666666667 0.004166666666666667 0.004629629629629629
0 0.37734375 0.08657407407407407 0.0036458333333333334 0.008333333333333333
0 0.38046875 0.09583333333333334 0.0036458333333333334 0.010185185185185186
0 0.25026041666666665 0.6939814814814815 0.04114583333333333 0.028703703703703703
