4 0.025520833333333333 0.5814814814814815 0.051041666666666666 0.10740740740740741
4 0.10963541666666667 0.34120370370370373 0.0390625 0.04722222222222222
4 0.17682291666666666 0.23055555555555557 0.034895833333333334 0.025925925925925925
4 0.18177083333333333 0.21944444444444444 0.036458333333333336 0.020370370370370372
4 0.1875 0.2101851851851852 0.030208333333333334 0.020370370370370372
4 0.234375 0.19953703703703704 0.013541666666666667 0.021296296296296296
4 0.2955729166666667 0.1814814814814815 0.013020833333333334 0.022222222222222223
4 0.33958333333333335 0.1449074074074074 0.017708333333333333 0.019444444444444445
4 0.31640625 0.11712962962962963 0.008854166666666666 0.013888888888888888
4 0.3341145833333333 0.07314814814814814 0.0067708333333333336 0.009259259259259259
4 0.42994791666666665 0.25925925925925924 0.018229166666666668 0.025925925925925925
4 0.4239583333333333 0.2337962962962963 0.017708333333333333 0.03425925925925926
4 0.6700520833333333 0.6587962962962963 0.0765625 0.0712962962962963
4 0.5231770833333333 0.43657407407407406 0.03697916666666667 0.07314814814814814
4 0.5106770833333333 0.3111111111111111 0.0421875 0.03518518518518519
4 0.5127604166666667 0.2726851851851852 0.034895833333333334 0.026851851851851852
4 0.4942708333333333 0.24583333333333332 0.03958333333333333 0.028703703703703703
4 0.46640625 0.17037037037037037 0.024479166666666666 0.020370370370370372
4 0.153125 0.15833333333333333 0.027083333333333334 0.014814814814814815
4 0.14895833333333333 0.1638888888888889 0.027083333333333334 0.018518518518518517
4 0.140625 0.17453703703703705 0.026041666666666668 0.017592592592592594
4 0.16536458333333334 0.14675925925925926 0.024479166666666666 0.013888888888888888
4 0.34739583333333335 0.04027777777777778 0.009375 0.006481481481481481
4 0.36770833333333336 0.03518518518518519 0.004166666666666667 0.007407407407407408
4 0.39505208333333336 0.032407407407407406 0.0036458333333333334 0.007407407407407408
4 0.3984375 0.03425925925925926 0.003125 0.005555555555555556
4 0.41822916666666665 0.05185185185185185 0.0125 0.009259259259259259
4 0.42578125 0.05185185185185185 0.009895833333333333 0.009259259259259259
4 0.3578125 0.03888888888888889 0.007291666666666667 0.007407407407407408
4 0.35104166666666664 0.02962962962962963 0.004166666666666667 0.007407407407407408
4 0.36015625 0.03425925925925926 0.005729166666666666 0.005555555555555556
4 0.33671875 0.025 0.0046875 0.007407407407407408
4 0.3372395833333333 0.033796296296296297 0.0067708333333333336 0.006481481481481481
