4 0.17291666666666666 0.4449074074074074 0.052083333333333336 0.08425925925925926
4 0.146875 0.3486111111111111 0.06666666666666667 0.058333333333333334
4 0.21276041666666667 0.3416666666666667 0.0296875 0.07592592592592592
4 0.22317708333333333 0.20324074074074075 0.0203125 0.03981481481481482
4 0.20885416666666667 0.16805555555555557 0.04895833333333333 0.032407407407407406
4 0.44583333333333336 0.5824074074074074 0.057291666666666664 0.12222222222222222
4 0.5018229166666667 0.4847222222222222 0.08697916666666666 0.0712962962962963
4 0.4875 0.4361111111111111 0.06979166666666667 0.05555555555555555
4 0.39557291666666666 0.3560185185185185 0.0359375 0.06759259259259259
4 0.37526041666666665 0.2791666666666667 0.027604166666666666 0.05277777777777778
4 0.36744791666666665 0.23842592592592593 0.024479166666666666 0.041666666666666664
4 0.26875 0.1175925925925926 0.01875 0.03333333333333333
4 0.29375 0.10925925925925926 0.014583333333333334 0.02962962962962963
4 0.3338541666666667 0.10416666666666667 0.016666666666666666 0.025
4 0.3484375 0.16944444444444445 0.022916666666666665 0.03518518518518519
4 0.34270833333333334 0.14444444444444443 0.017708333333333333 0.027777777777777776
4 0.428125 0.22175925925925927 0.036458333333333336 0.03796296296296296
4 0.42265625 0.2564814814814815 0.05260416666666667 0.046296296296296294
4 0.2375 0.11944444444444445 0.013541666666666667 0.027777777777777776
4 0.2859375 0.6578703703703703 0.04791666666666667 0.10092592592592593
4 0.4375 0.30092592592592593 0.04895833333333333 0.03518518518518519
4 0.23489583333333333 0.06620370370370371 0.010416666666666666 0.021296296296296296
