4 0.3296875 0.4046296296296296 0.021875 0.025925925925925925
4 0.33828125 0.38472222222222224 0.0265625 0.017592592592592594
4 0.34869791666666666 0.38101851851851853 0.016145833333333335 0.013888888888888888
4 0.3653645833333333 0.37824074074074077 0.0203125 0.01574074074074074
4 0.38515625 0.375 0.022395833333333334 0.024074074074074074
4 0.4 0.375 0.022916666666666665 0.016666666666666666
4 0.4205729166666667 0.3736111111111111 0.024479166666666666 0.017592592592592594
4 0.39557291666666666 0.4111111111111111 0.0234375 0.02962962962962963
4 0.4140625 0.41712962962962963 0.025 0.023148148148148147
4 0.434375 0.4236111111111111 0.027083333333333334 0.028703703703703703
4 0.45729166666666665 0.42685185185185187 0.029166666666666667 0.025925925925925925
4 0.47942708333333334 0.43472222222222223 0.021354166666666667 0.023148148148148147
4 0.4986979166666667 0.4398148148148148 0.024479166666666666 0.03148148148148148
4 0.5364583333333334 0.4439814814814815 0.029166666666666667 0.030555555555555555
4 0.55234375 0.43472222222222223 0.033854166666666664 0.030555555555555555
4 0.5450520833333333 0.41898148148148145 0.015104166666666667 0.028703703703703703
4 0.5671875 0.4217592592592593 0.017708333333333333 0.030555555555555555
4 0.6986979166666667 0.42453703703703705 0.019270833333333334 0.028703703703703703
4 0.603125 0.43148148148148147 0.019791666666666666 0.02962962962962963
4 0.6140625 0.4023148148148148 0.028125 0.021296296296296296
4 0.5924479166666666 0.39814814814814814 0.0203125 0.020370370370370372
4 0.5708333333333333 0.39305555555555555 0.01875 0.019444444444444445
4 0.5544270833333333 0.38657407407407407 0.016145833333333335 0.021296296296296296
4 0.5388020833333333 0.38472222222222224 0.0171875 0.021296296296296296
4 0.5247395833333334 0.4134259259259259 0.019270833333333334 0.028703703703703703
4 0.4984375 0.4115740740740741 0.016666666666666666 0.025
4 0.47942708333333334 0.40555555555555556 0.021354166666666667 0.024074074074074074
4 0.45598958333333334 0.4046296296296296 0.019270833333333334 0.024074074074074074
4 0.5114583333333333 0.3976851851851852 0.014583333333333334 0.028703703703703703
4 0.49375 0.3976851851851852 0.015625 0.021296296296296296
4 0.47161458333333334 0.3962962962962963 0.0171875 0.024074074074074074
4 0.45234375 0.39305555555555555 0.021354166666666667 0.021296296296296296
4 0.43385416666666665 0.387037037037037 0.01875 0.020370370370370372
4 0.4453125 0.37777777777777777 0.016666666666666666 0.014814814814814815
4 0.61796875 0.37083333333333335 0.0296875 0.025
4 0.56640625 0.3638888888888889 0.030729166666666665 0.016666666666666666
4 0.6075520833333333 0.3638888888888889 0.028645833333333332 0.020370370370370372
4 0.5700520833333333 0.36018518518518516 0.022395833333333334 0.014814814814814815
4 0.51328125 0.35509259259259257 0.022395833333333334 0.01574074074074074
4 0.640625 0.2875 0.008333333333333333 0.004629629629629629
4 0.6416666666666667 0.29444444444444445 0.009375 0.007407407407407408
4 0.6388020833333333 0.2962962962962963 0.009895833333333333 0.005555555555555556
4 0.6361979166666667 0.29768518518518516 0.008854166666666666 0.006481481481481481
4 0.6317708333333333 0.3 0.005208333333333333 0.007407407407407408
4 0.6302083333333334 0.29074074074074074 0.003125 0.007407407407407408
4 0.6255208333333333 0.29768518518518516 0.009375 0.010185185185185186
4 0.615625 0.2949074074074074 0.007291666666666667 0.006481481481481481
4 0.6223958333333334 0.29907407407407405 0.008333333333333333 0.007407407407407408
4 0.6143229166666667 0.29953703703703705 0.009895833333333333 0.008333333333333333
4 0.6135416666666667 0.3013888888888889 0.011458333333333333 0.008333333333333333
4 0.6083333333333333 0.300462962962963 0.007291666666666667 0.010185185185185186
4 0.6018229166666667 0.30185185185185187 0.0078125 0.007407407407407408
4 0.59765625 0.30185185185185187 0.008854166666666666 0.007407407407407408
4 0.59375 0.30277777777777776 0.008333333333333333 0.012962962962962963
4 0.5888020833333333 0.3037037037037037 0.0067708333333333336 0.007407407407407408
4 0.5856770833333333 0.30462962962962964 0.0067708333333333336 0.009259259259259259
4 0.571875 0.3074074074074074 0.013541666666666667 0.009259259259259259
4 0.5541666666666667 0.3106481481481482 0.013541666666666667 0.010185185185185186
4 0.51953125 0.3194444444444444 0.0109375 0.012962962962962963
4 0.4986979166666667 0.31157407407407406 0.008854166666666666 0.008333333333333333
4 0.48359375 0.3162037037037037 0.011979166666666667 0.010185185185185186
4 0.46796875 0.3162037037037037 0.009895833333333333 0.010185185185185186
4 0.43333333333333335 0.30972222222222223 0.010416666666666666 0.008333333333333333
4 0.4276041666666667 0.30925925925925923 0.011458333333333333 0.011111111111111112
4 0.42265625 0.30972222222222223 0.011979166666666667 0.008333333333333333
4 0.41692708333333334 0.3101851851851852 0.0109375 0.009259259259259259
4 0.42604166666666665 0.30324074074074076 0.009375 0.008333333333333333
4 0.41875 0.30277777777777776 0.007291666666666667 0.007407407407407408
4 0.4125 0.30092592592592593 0.009375 0.007407407407407408
4 0.40598958333333335 0.3 0.008854166666666666 0.007407407407407408
4 0.39557291666666666 0.30092592592592593 0.008854166666666666 0.007407407407407408
4 0.3885416666666667 0.29907407407407405 0.007291666666666667 0.005555555555555556
4 0.3729166666666667 0.29814814814814816 0.009375 0.007407407407407408
4 0.35520833333333335 0.3013888888888889 0.007291666666666667 0.006481481481481481
4 0.3776041666666667 0.3050925925925926 0.008333333333333333 0.008333333333333333
4 0.25078125 0.3125 0.016145833333333335 0.008333333333333333
4 0.24192708333333332 0.3111111111111111 0.009895833333333333 0.009259259259259259
4 0.25729166666666664 0.3037037037037037 0.011458333333333333 0.009259259259259259
4 0.2557291666666667 0.29768518518518516 0.00625 0.006481481481481481
4 0.24947916666666667 0.2967592592592593 0.008333333333333333 0.008333333333333333
4 0.23958333333333334 0.2967592592592593 0.009375 0.008333333333333333
4 0.228125 0.2953703703703704 0.007291666666666667 0.007407407407407408
4 0.2359375 0.2898148148148148 0.007291666666666667 0.005555555555555556
4 0.25703125 0.28935185185185186 0.008854166666666666 0.008333333333333333
4 0.2518229166666667 0.2851851851851852 0.009895833333333333 0.005555555555555556
4 0.25104166666666666 0.28888888888888886 0.007291666666666667 0.005555555555555556
4 0.24661458333333333 0.28888888888888886 0.0078125 0.005555555555555556
4 0.24609375 0.2851851851851852 0.0078125 0.007407407407407408
4 0.23958333333333334 0.2861111111111111 0.009375 0.007407407407407408
4 0.234375 0.2828703703703704 0.007291666666666667 0.004629629629629629
4 0.22604166666666667 0.28564814814814815 0.00625 0.006481481481481481
4 0.21822916666666667 0.29814814814814816 0.011458333333333333 0.007407407407407408
4 0.21432291666666667 0.29907407407407405 0.009895833333333333 0.009259259259259259
4 0.20052083333333334 0.29768518518518516 0.0125 0.008333333333333333
