4 0.12005208333333334 0.19305555555555556 0.0234375 0.049074074074074076
4 0.19557291666666668 0.2310185185185185 0.0265625 0.06759259259259259
4 0.14166666666666666 0.4236111111111111 0.0375 0.10648148148148148
4 0.24296875 0.014351851851851852 0.016145833333333335 0.025
4 0.22552083333333334 0.20324074074074075 0.023958333333333335 0.04722222222222222
4 0.26510416666666664 0.1763888888888889 0.028125 0.03796296296296296
4 0.2955729166666667 0.2689814814814815 0.04114583333333333 0.06388888888888888
4 0.34375 0.32407407407407407 0.03229166666666667 0.06296296296296296
4 0.3729166666666667 0.4837962962962963 0.06145833333333333 0.10277777777777777
4 0.4161458333333333 0.5763888888888888 0.040625 0.12314814814814815
4 0.6924479166666667 0.3384259259259259 0.03177083333333333 0.06018518518518518
