0 0.32838541666666665 0.1962962962962963 0.005729166666666666 0.012962962962962963
0 0.33515625 0.19212962962962962 0.0036458333333333334 0.010185185185185186
0 0.40572916666666664 0.1287037037037037 0.004166666666666667 0.009259259259259259
0 0.42552083333333335 0.1884259259259259 0.008333333333333333 0.01574074074074074
0 0.43697916666666664 0.2050925925925926 0.007291666666666667 0.01574074074074074
0 0.32890625 0.21712962962962962 0.005729166666666666 0.013888888888888888
0 0.3359375 0.20833333333333334 0.005208333333333333 0.014814814814814815
0 0.3333333333333333 0.23194444444444445 0.004166666666666667 0.017592592592592594
0 0.3338541666666667 0.25555555555555554 0.005208333333333333 0.014814814814814815
0 0.3416666666666667 0.22175925925925927 0.005208333333333333 0.017592592592592594
0 0.3419270833333333 0.23981481481481481 0.005729166666666666 0.012962962962962963
0 0.34713541666666664 0.26157407407407407 0.005729166666666666 0.021296296296296296
0 0.3453125 0.2800925925925926 0.00625 0.013888888888888888
0 0.34817708333333336 0.3 0.0046875 0.018518518518518517
0 0.34401041666666665 0.3425925925925926 0.0036458333333333334 0.012962962962962963
0 0.34453125 0.36064814814814816 0.0067708333333333336 0.017592592592592594
0 0.3533854166666667 0.350462962962963 0.005729166666666666 0.021296296296296296
0 0.353125 0.3726851851851852 0.00625 0.019444444444444445
0 0.35598958333333336 0.3976851851851852 0.005729166666666666 0.023148148148148147
0 0.34817708333333336 0.4060185185185185 0.0067708333333333336 0.023148148148148147
0 0.35546875 0.42314814814814816 0.0067708333333333336 0.024074074074074074
0 0.35520833333333335 0.45787037037037037 0.009375 0.025
0 0.39375 0.6837962962962963 0.013541666666666667 0.032407407407407406
0 0.24583333333333332 0.6388888888888888 0.01875 0.02962962962962963
0 0.49973958333333335 0.6819444444444445 0.011979166666666667 0.030555555555555555
0 0.56328125 0.5435185185185185 0.013020833333333334 0.02962962962962963
0 0.5484375 0.48935185185185187 0.0125 0.023148148148148147
0 0.5231770833333333 0.4597222222222222 0.0109375 0.028703703703703703
0 0.37916666666666665 0.20416666666666666 0.00625 0.013888888888888888
0 0.3419270833333333 0.16620370370370371 0.005729166666666666 0.013888888888888888
0 0.37526041666666665 0.1597222222222222 0.005729166666666666 0.012037037037037037
0 0.3671875 0.5101851851851852 0.007291666666666667 0.025925925925925925
0 0.3765625 0.5023148148148148 0.010416666666666666 0.025
0 0.38619791666666664 0.5217592592592593 0.009895833333333333 0.026851851851851852
0 0.35572916666666665 0.31666666666666665 0.00625 0.020370370370370372
0 0.33567708333333335 0.17453703703703705 0.0078125 0.01574074074074074
0 0.33177083333333335 0.16203703703703703 0.007291666666666667 0.012962962962962963
0 0.32421875 0.15555555555555556 0.005729166666666666 0.012962962962962963
0 0.3302083333333333 0.14907407407407408 0.00625 0.009259259259259259
0 0.32864583333333336 0.13703703703703704 0.00625 0.011111111111111112
0 0.32109375 0.1412037037037037 0.005729166666666666 0.012037037037037037
0 0.3268229166666667 0.12222222222222222 0.005729166666666666 0.016666666666666666
0 0.33229166666666665 0.10925925925925926 0.007291666666666667 0.012962962962962963
0 0.3171875 0.11712962962962963 0.00625 0.010185185185185186
0 0.31927083333333334 0.10416666666666667 0.005208333333333333 0.012037037037037037
0 0.32421875 0.09074074074074075 0.0046875 0.009259259259259259
0 0.3138020833333333 0.09537037037037037 0.005729166666666666 0.011111111111111112
0 0.31536458333333334 0.08287037037037037 0.0046875 0.010185185185185186
0 0.321875 0.07777777777777778 0.005208333333333333 0.011111111111111112
0 0.315625 0.062037037037037036 0.004166666666666667 0.009259259259259259
0 0.3145833333333333 0.07268518518518519 0.004166666666666667 0.008333333333333333
0 0.31145833333333334 0.04675925925925926 0.005208333333333333 0.012037037037037037
0 0.31614583333333335 0.04351851851851852 0.005208333333333333 0.009259259259259259
0 0.3078125 0.03425925925925926 0.004166666666666667 0.009259259259259259
0 0.3143229166666667 0.03287037037037037 0.0046875 0.010185185185185186
0 0.3390625 0.011574074074074073 0.00625 0.008333333333333333
0 0.32786458333333335 0.11388888888888889 0.0046875 0.009259259259259259
0 0.3059895833333333 0.02361111111111111 0.0036458333333333334 0.008333333333333333
0 0.31223958333333335 0.023148148148148147 0.0046875 0.009259259259259259
0 0.3177083333333333 0.0125 0.004166666666666667 0.008333333333333333
0 0.31223958333333335 0.010185185185185186 0.0046875 0.009259259259259259
0 0.30755208333333334 0.003703703703703704 0.0046875 0.007407407407407408
