0 0.1734375 0.44907407407407407 0.023958333333333335 0.06296296296296296
0 0.22109375 0.22083333333333333 0.0078125 0.012037037037037037
0 0.15390625 0.20694444444444443 0.0109375 0.008333333333333333
0 0.2203125 0.20416666666666666 0.007291666666666667 0.012037037037037037
0 0.23515625 0.2662037037037037 0.009895833333333333 0.01574074074074074
0 0.26145833333333335 0.22962962962962963 0.013541666666666667 0.012962962962962963
0 0.26067708333333334 0.20833333333333334 0.0109375 0.011111111111111112
0 0.22213541666666667 0.175 0.0046875 0.007407407407407408
0 0.2171875 0.1675925925925926 0.004166666666666667 0.005555555555555556
0 0.22395833333333334 0.16944444444444445 0.004166666666666667 0.005555555555555556
