0 0.059895833333333336 0.45787037037037037 0.075 0.05648148148148148
0 0.084375 0.4199074074074074 0.06770833333333333 0.05462962962962963
0 0.10208333333333333 0.38981481481481484 0.0625 0.05
0 0.11770833333333333 0.3574074074074074 0.06041666666666667 0.05
0 0.13307291666666668 0.33055555555555555 0.050520833333333334 0.046296296296296294
0 0.07916666666666666 0.29953703703703705 0.03229166666666667 0.03796296296296296
0 0.20182291666666666 0.20787037037037037 0.043229166666666666 0.03796296296296296
0 0.21796875 0.19537037037037036 0.03802083333333333 0.03518518518518519
0 0.21770833333333334 0.15925925925925927 0.03125 0.027777777777777776
0 0.26614583333333336 0.018055555555555554 0.0125 0.019444444444444445
0 0.21979166666666666 0.5726851851851852 0.075 0.06574074074074074
0 0.23203125 0.5111111111111111 0.07447916666666667 0.05925925925925926
0 0.24140625 0.46296296296296297 0.07239583333333334 0.053703703703703705
0 0.24661458333333333 0.4236111111111111 0.06614583333333333 0.05092592592592592
0 0.25833333333333336 0.3912037037037037 0.059375 0.04722222222222222
0 0.2833333333333333 0.29583333333333334 0.05416666666666667 0.041666666666666664
0 0.39088541666666665 0.021296296296296296 0.008854166666666666 0.014814814814814815
0 0.36276041666666664 0.3101851851851852 0.049479166666666664 0.03148148148148148
0 0.38359375 0.06527777777777778 0.03697916666666667 0.04722222222222222
