0 0.21927083333333333 0.6050925925925926 0.04375 0.09907407407407408
0 0.24921875 0.4597222222222222 0.030729166666666665 0.06759259259259259
0 0.2598958333333333 0.37592592592592594 0.025 0.05185185185185185
0 0.2671875 0.33611111111111114 0.019791666666666666 0.037037037037037035
0 0.31484375 0.3537037037037037 0.022395833333333334 0.044444444444444446
0 0.19427083333333334 0.22083333333333333 0.030208333333333334 0.021296296296296296
0 0.19869791666666667 0.21435185185185185 0.030729166666666665 0.021296296296296296
0 0.5143229166666666 0.674537037037037 0.05364583333333333 0.06759259259259259
0 0.47213541666666664 0.5365740740740741 0.03697916666666667 0.06574074074074074
0 0.6278645833333333 0.42962962962962964 0.06197916666666667 0.04814814814814815
0 0.6658854166666667 0.3800925925925926 0.044270833333333336 0.03796296296296296
0 0.54375 0.4166666666666667 0.04791666666666667 0.037037037037037035
0 0.41432291666666665 0.3421296296296296 0.0203125 0.03981481481481482
0 0.40963541666666664 0.31296296296296294 0.024479166666666666 0.03518518518518519
0 0.3265625 0.28425925925925927 0.016666666666666666 0.03148148148148148
0 0.37734375 0.29768518518518516 0.027604166666666666 0.032407407407407406
0 0.38958333333333334 0.23472222222222222 0.013541666666666667 0.023148148148148147
0 0.328125 0.20879629629629629 0.0125 0.021296296296296296
0 0.38177083333333334 0.20555555555555555 0.0125 0.018518518518518517
0 0.3723958333333333 0.1625 0.009375 0.013888888888888888
0 0.24635416666666668 0.19537037037037036 0.013541666666666667 0.020370370370370372
0 0.2557291666666667 0.1736111111111111 0.0125 0.017592592592592594
0 0.13177083333333334 0.2152777777777778 0.03125 0.019444444444444445
0 0.16901041666666666 0.1685185185185185 0.015104166666666667 0.018518518518518517
0 0.21588541666666666 0.15833333333333333 0.011979166666666667 0.016666666666666666
0 0.23515625 0.1685185185185185 0.0234375 0.016666666666666666
0 0.23046875 0.13564814814814816 0.0078125 0.013888888888888888
0 0.23541666666666666 0.12453703703703704 0.009375 0.012037037037037037
0 0.26901041666666664 0.15092592592592594 0.009895833333333333 0.014814814814814815
0 0.27317708333333335 0.1361111111111111 0.008854166666666666 0.016666666666666666
0 0.4296875 0.19074074074074074 0.016666666666666666 0.018518518518518517
0 0.3919270833333333 0.12916666666666668 0.009895833333333333 0.013888888888888888
0 0.3658854166666667 0.13518518518518519 0.0078125 0.012962962962962963
0 0.32786458333333335 0.13425925925925927 0.0078125 0.012962962962962963
0 0.325 0.1175925925925926 0.00625 0.011111111111111112
0 0.34401041666666665 0.1259259259259259 0.0078125 0.012962962962962963
0 0.36484375 0.07361111111111111 0.005729166666666666 0.008333333333333333
0 0.030989583333333334 0.45231481481481484 0.04635416666666667 0.06759259259259259
0 0.06796875 0.2759259259259259 0.0296875 0.03518518518518519
