4 0.3640625 0.3962962962962963 0.029166666666666667 0.06296296296296296
4 0.34375 0.32546296296296295 0.023958333333333335 0.04351851851851852
4 0.3416666666666667 0.2824074074074074 0.019791666666666666 0.03888888888888889
4 0.33697916666666666 0.23287037037037037 0.019791666666666666 0.032407407407407406
4 0.33203125 0.20185185185185187 0.016145833333333335 0.02962962962962963
4 0.334375 0.1625 0.015625 0.028703703703703703
4 0.36015625 0.15601851851851853 0.015104166666666667 0.021296296296296296
4 0.18645833333333334 0.5041666666666667 0.040625 0.10092592592592593
4 0.22734375 0.2972222222222222 0.025520833333333333 0.05555555555555555
4 0.12447916666666667 0.3143518518518518 0.03854166666666667 0.062037037037037036
4 0.15364583333333334 0.15 0.03229166666666667 0.03148148148148148
4 0.11510416666666666 0.12268518518518519 0.025 0.021296296296296296
4 0.15026041666666667 0.0912037037037037 0.0296875 0.019444444444444445
4 0.26666666666666666 0.09583333333333334 0.026041666666666668 0.01574074074074074
4 0.28828125 0.0787037037037037 0.022395833333333334 0.016666666666666666
4 0.3184895833333333 0.07453703703703704 0.0171875 0.01574074074074074
4 0.35390625 0.06342592592592593 0.018229166666666668 0.01574074074074074
4 0.3333333333333333 0.04675925925925926 0.008333333333333333 0.013888888888888888
4 0.421875 0.06712962962962964 0.01875 0.01574074074074074
4 0.43802083333333336 0.06435185185185185 0.015625 0.013888888888888888
4 0.32109375 0.1037037037037037 0.024479166666666666 0.020370370370370372
4 0.0359375 0.06435185185185185 0.025 0.013888888888888888
4 0.0359375 0.07546296296296297 0.022916666666666665 0.013888888888888888
4 0.04479166666666667 0.0824074074074074 0.03125 0.014814814814814815
4 0.12994791666666666 0.06527777777777778 0.0234375 0.013888888888888888
4 0.15885416666666666 0.06435185185185185 0.020833333333333332 0.01574074074074074
4 0.19270833333333334 0.020370370370370372 0.011458333333333333 0.011111111111111112
4 0.2598958333333333 0.02546296296296296 0.008333333333333333 0.010185185185185186
4 0.12682291666666667 0.13518518518518519 0.022395833333333334 0.022222222222222223
4 0.30963541666666666 0.052314814814814814 0.008854166666666666 0.013888888888888888
4 0.3671875 0.03148148148148148 0.007291666666666667 0.011111111111111112
4 0.41875 0.05925925925925926 0.016666666666666666 0.014814814814814815
4 0.41067708333333336 0.055092592592592596 0.016145833333333335 0.013888888888888888
4 0.403125 0.05 0.015625 0.012962962962962963
4 0.396875 0.047685185185185185 0.013541666666666667 0.012037037037037037
4 0.38307291666666665 0.043055555555555555 0.0067708333333333336 0.012037037037037037
4 0.3997395833333333 0.038425925925925926 0.016145833333333335 0.012037037037037037
4 0.39375 0.03148148148148148 0.008333333333333333 0.012962962962962963
4 0.30026041666666664 0.0125 0.0067708333333333336 0.012037037037037037
4 0.22005208333333334 0.02824074074074074 0.021354166666666667 0.01574074074074074
4 0.5677083333333334 0.1425925925925926 0.027083333333333334 0.024074074074074074
4 0.5578125 0.13333333333333333 0.023958333333333335 0.016666666666666666
4 0.5338541666666666 0.07268518518518519 0.019791666666666666 0.017592592592592594
