4 0.12083333333333333 0.038425925925925926 0.04375 0.07685185185185185
4 0.08151041666666667 0.2310185185185185 0.0453125 0.10277777777777777
4 0.06979166666666667 0.37175925925925923 0.04479166666666667 0.11574074074074074
4 0.01953125 0.46435185185185185 0.0390625 0.11944444444444445
4 0.08515625 0.625462962962963 0.049479166666666664 0.11944444444444445
4 0.042708333333333334 0.8935185185185185 0.052083333333333336 0.13148148148148148
4 0.14322916666666666 0.6865740740740741 0.04791666666666667 0.13055555555555556
4 0.23177083333333334 0.7689814814814815 0.04479166666666667 0.13055555555555556
4 0.2596354166666667 0.5958333333333333 0.043229166666666666 0.1175925925925926
4 0.27369791666666665 0.024074074074074074 0.028645833333333332 0.04814814814814815
4 0.35859375 0.03148148148148148 0.033854166666666664 0.06296296296296296
4 0.28671875 0.45046296296296295 0.04010416666666667 0.10833333333333334
4 0.3106770833333333 0.30833333333333335 0.03697916666666667 0.1
4 0.3411458333333333 0.1625 0.036458333333333336 0.10277777777777777
4 0.37838541666666664 0.15601851851851853 0.033854166666666664 0.08981481481481482
4 0.36380208333333336 0.4064814814814815 0.03697916666666667 0.10555555555555556
4 0.45286458333333335 0.4777777777777778 0.033854166666666664 0.10740740740740741
4 0.4708333333333333 0.34814814814814815 0.029166666666666667 0.08518518518518518
4 0.4786458333333333 0.22083333333333333 0.03229166666666667 0.10462962962962963
4 0.5044270833333333 0.09814814814814815 0.0328125 0.1037037037037037
4 0.4375 0.6189814814814815 0.034375 0.11574074074074074
4 0.4125 0.7680555555555556 0.042708333333333334 0.13055555555555556
4 0.3958333333333333 0.9333333333333333 0.042708333333333334 0.13333333333333333
4 0.8747395833333333 0.03194444444444444 0.059895833333333336 0.06018518518518518
4 0.8705729166666667 0.13425925925925927 0.059895833333333336 0.06296296296296296
4 0.8682291666666667 0.29305555555555557 0.058333333333333334 0.05462962962962963
4 0.86875 0.34953703703703703 0.058333333333333334 0.06018518518518518
4 0.8666666666666667 0.4074074074074074 0.06041666666666667 0.05925925925925926
4 0.86171875 0.5949074074074074 0.0671875 0.058333333333333334
4 0.8591145833333333 0.7287037037037037 0.07760416666666667 0.06481481481481481
4 0.85859375 0.8694444444444445 0.0671875 0.06666666666666667
4 0.8588541666666667 0.9453703703703704 0.08125 0.07592592592592592
4 0.9809895833333333 0.875462962962963 0.03802083333333333 0.10833333333333334
4 0.9765625 0.7245370370370371 0.0375 0.13425925925925927
4 0.9739583333333334 0.30277777777777776 0.034375 0.1037037037037037
4 0.97890625 0.19675925925925927 0.03802083333333333 0.06388888888888888
4 0.9731770833333333 0.11342592592592593 0.033854166666666664 0.09537037037037037
