4 0.18072916666666666 0.31574074074074077 0.013541666666666667 0.016666666666666666
4 0.18958333333333333 0.30833333333333335 0.017708333333333333 0.011111111111111112
4 0.19713541666666667 0.30462962962962964 0.0171875 0.014814814814814815
4 0.21302083333333333 0.3101851851851852 0.013541666666666667 0.012962962962962963
4 0.22109375 0.2986111111111111 0.0109375 0.01574074074074074
4 0.22578125 0.2898148148148148 0.011979166666666667 0.014814814814814815
4 0.21276041666666667 0.29212962962962963 0.016145833333333335 0.010185185185185186
4 0.5419270833333333 0.2162037037037037 0.0067708333333333336 0.010185185185185186
4 0.54140625 0.23148148148148148 0.005729166666666666 0.007407407407407408
4 0.5377604166666666 0.2388888888888889 0.0067708333333333336 0.011111111111111112
4 0.5372395833333333 0.25324074074074077 0.0067708333333333336 0.010185185185185186
4 0.534375 0.2657407407407407 0.007291666666666667 0.012962962962962963
4 0.553125 0.22546296296296298 0.005208333333333333 0.008333333333333333
4 0.55546875 0.23194444444444445 0.005729166666666666 0.010185185185185186
4 0.5536458333333333 0.26990740740740743 0.00625 0.012037037037037037
4 0.5552083333333333 0.2800925925925926 0.005208333333333333 0.008333333333333333
4 0.5223958333333333 0.32037037037037036 0.010416666666666666 0.018518518518518517
4 0.5122395833333333 0.36898148148148147 0.009895833333333333 0.019444444444444445
4 0.50703125 0.39537037037037037 0.011979166666666667 0.018518518518518517
4 0.52734375 0.3939814814814815 0.011979166666666667 0.019444444444444445
4 0.4765625 0.4310185185185185 0.014583333333333334 0.026851851851851852
4 0.4739583333333333 0.45601851851851855 0.014583333333333334 0.026851851851851852
4 0.4981770833333333 0.42777777777777776 0.0140625 0.022222222222222223
4 0.4979166666666667 0.44583333333333336 0.014583333333333334 0.026851851851851852
4 0.4903645833333333 0.46435185185185185 0.015104166666666667 0.019444444444444445
4 0.47161458333333334 0.48055555555555557 0.0171875 0.027777777777777776
4 0.5171875 0.5111111111111111 0.017708333333333333 0.03148148148148148
4 0.47630208333333335 0.538425925925926 0.019270833333333334 0.03425925925925926
4 0.51328125 0.5592592592592592 0.018229166666666668 0.03518518518518519
4 0.5151041666666667 0.6046296296296296 0.023958333333333335 0.05
4 0.5036458333333333 0.6592592592592592 0.022916666666666665 0.05185185185185185
4 0.4713541666666667 0.8675925925925926 0.035416666666666666 0.08148148148148149
4 0.3924479166666667 0.9268518518518518 0.044270833333333336 0.09444444444444444
