4 0.5703125 0.7111111111111111 0.03333333333333333 0.06481481481481481
4 0.46197916666666666 0.5652777777777778 0.01875 0.04537037037037037
4 0.45208333333333334 0.45555555555555555 0.016666666666666666 0.027777777777777776
4 0.53984375 0.48333333333333334 0.015104166666666667 0.027777777777777776
4 0.53984375 0.44027777777777777 0.0140625 0.030555555555555555
4 0.5317708333333333 0.42453703703703705 0.01875 0.030555555555555555
4 0.54921875 0.3819444444444444 0.013020833333333334 0.025
4 0.5286458333333334 0.387037037037037 0.014583333333333334 0.022222222222222223
4 0.5229166666666667 0.36898148148148147 0.013541666666666667 0.021296296296296296
4 0.5252604166666667 0.3597222222222222 0.013020833333333334 0.021296296296296296
4 0.5408854166666667 0.3611111111111111 0.011979166666666667 0.018518518518518517
4 0.5359375 0.34675925925925927 0.01875 0.019444444444444445
4 0.5369791666666667 0.3337962962962963 0.011458333333333333 0.017592592592592594
4 0.5338541666666666 0.30694444444444446 0.01875 0.019444444444444445
4 0.5192708333333333 0.32222222222222224 0.011458333333333333 0.020370370370370372
4 0.5203125 0.3162037037037037 0.010416666666666666 0.017592592592592594
