4 0.2833333333333333 0.9527777777777777 0.058333333333333334 0.09444444444444444
4 0.209375 0.9625 0.06354166666666666 0.075
4 0.25390625 0.7759259259259259 0.044270833333333336 0.09074074074074075
4 0.3177083333333333 0.7 0.035416666666666666 0.07407407407407407
4 0.10182291666666667 0.7152777777777778 0.0765625 0.07314814814814814
4 0.33255208333333336 0.6111111111111112 0.03177083333333333 0.05555555555555555
4 0.29973958333333334 0.600925925925926 0.0296875 0.05185185185185185
4 0.23359375 0.5592592592592592 0.03177083333333333 0.05
4 0.26197916666666665 0.5074074074074074 0.026041666666666668 0.040740740740740744
4 0.2638020833333333 0.38935185185185184 0.019270833333333334 0.026851851851851852
4 0.37734375 0.5560185185185185 0.027604166666666666 0.04722222222222222
4 0.34739583333333335 0.5407407407407407 0.022916666666666665 0.04259259259259259
4 0.30963541666666666 0.5504629629629629 0.025520833333333333 0.04722222222222222
4 0.2916666666666667 0.5157407407407407 0.023958333333333335 0.040740740740740744
4 0.28411458333333334 0.46064814814814814 0.0234375 0.03981481481481482
4 0.3359375 0.4615740740740741 0.021875 0.03611111111111111
4 0.3268229166666667 0.5018518518518519 0.0234375 0.03888888888888889
4 0.35989583333333336 0.48564814814814816 0.022916666666666665 0.03981481481481482
4 0.3658854166666667 0.4513888888888889 0.016145833333333335 0.032407407407407406
4 0.34739583333333335 0.42685185185185187 0.017708333333333333 0.02962962962962963
4 0.3265625 0.3921296296296296 0.016666666666666666 0.025
4 0.33125 0.37407407407407406 0.017708333333333333 0.025925925925925925
4 0.3151041666666667 0.34629629629629627 0.023958333333333335 0.018518518518518517
4 0.32265625 0.34074074074074073 0.0234375 0.018518518518518517
4 0.33619791666666665 0.32175925925925924 0.0171875 0.017592592592592594
4 0.35104166666666664 0.3712962962962963 0.015625 0.025925925925925925
4 0.36276041666666664 0.3814814814814815 0.016145833333333335 0.025925925925925925
4 0.3765625 0.4162037037037037 0.017708333333333333 0.026851851851851852
4 0.38515625 0.524537037037037 0.024479166666666666 0.04351851851851852
4 0.39166666666666666 0.48842592592592593 0.020833333333333332 0.03981481481481482
4 0.3924479166666667 0.45925925925925926 0.018229166666666668 0.03148148148148148
4 0.39869791666666665 0.43703703703703706 0.0171875 0.03148148148148148
4 0.40182291666666664 0.4152777777777778 0.0171875 0.032407407407407406
4 0.4044270833333333 0.4013888888888889 0.015104166666666667 0.025
4 0.40546875 0.37962962962962965 0.0140625 0.022222222222222223
4 0.40677083333333336 0.3699074074074074 0.0125 0.019444444444444445
4 0.4088541666666667 0.3574074074074074 0.0125 0.020370370370370372
4 0.4083333333333333 0.3486111111111111 0.010416666666666666 0.017592592592592594
4 0.38046875 0.3226851851851852 0.0109375 0.017592592592592594
4 0.38255208333333335 0.31203703703703706 0.009895833333333333 0.014814814814814815
4 0.3776041666666667 0.2912037037037037 0.008333333333333333 0.013888888888888888
4 0.38229166666666664 0.2828703703703704 0.008333333333333333 0.013888888888888888
4 0.38645833333333335 0.2759259259259259 0.007291666666666667 0.011111111111111112
4 0.3885416666666667 0.2708333333333333 0.007291666666666667 0.010185185185185186
4 0.4005208333333333 0.3055555555555556 0.009375 0.014814814814814815
4 0.4046875 0.2953703703703704 0.009375 0.014814814814814815
4 0.40520833333333334 0.2875 0.009375 0.012037037037037037
4 0.4088541666666667 0.28194444444444444 0.008333333333333333 0.012037037037037037
4 0.3927083333333333 0.2833333333333333 0.008333333333333333 0.012962962962962963
4 0.396875 0.27824074074074073 0.007291666666666667 0.012037037037037037
4 0.39817708333333335 0.26851851851851855 0.0078125 0.011111111111111112
4 0.41119791666666666 0.2712962962962963 0.0078125 0.011111111111111112
4 0.4075520833333333 0.27546296296296297 0.0078125 0.010185185185185186
4 0.37109375 0.36018518518518516 0.013020833333333334 0.022222222222222223
4 0.37734375 0.33564814814814814 0.011979166666666667 0.017592592592592594
4 0.390625 0.35 0.0125 0.018518518518518517
4 0.38567708333333334 0.36666666666666664 0.013020833333333334 0.022222222222222223
4 0.38177083333333334 0.3921296296296296 0.014583333333333334 0.023148148148148147
4 0.396875 0.33055555555555555 0.010416666666666666 0.018518518518518517
4 0.3984375 0.3143518518518518 0.010416666666666666 0.01574074074074074
4 0.3921875 0.2935185185185185 0.008333333333333333 0.014814814814814815
4 0.42109375 0.27361111111111114 0.008854166666666666 0.01574074074074074
4 0.6390625 0.9574074074074074 0.075 0.08518518518518518
4 0.5244791666666667 0.8962962962962963 0.05416666666666667 0.11296296296296296
4 0.6291666666666667 0.7902777777777777 0.053125 0.08055555555555556
4 0.49557291666666664 0.7013888888888888 0.034895833333333334 0.06388888888888888
4 0.5432291666666667 0.6564814814814814 0.03854166666666667 0.06666666666666667
4 0.5994791666666667 0.5986111111111111 0.035416666666666666 0.04722222222222222
4 0.56796875 0.5421296296296296 0.0234375 0.03981481481481482
4 0.47604166666666664 0.48194444444444445 0.01875 0.03425925925925926
4 0.4427083333333333 0.5921296296296297 0.027083333333333334 0.04722222222222222
4 0.43802083333333336 0.5101851851851852 0.021875 0.037037037037037035
4 0.43723958333333335 0.45787037037037037 0.0203125 0.03796296296296296
4 0.44192708333333336 0.40879629629629627 0.016145833333333335 0.026851851851851852
4 0.4557291666666667 0.38287037037037036 0.0125 0.025
4 0.43411458333333336 0.3819444444444444 0.0140625 0.023148148148148147
4 0.4348958333333333 0.3574074074074074 0.0125 0.018518518518518517
4 0.44036458333333334 0.3287037037037037 0.0109375 0.016666666666666666
4 0.47265625 0.3537037037037037 0.011979166666666667 0.018518518518518517
4 0.47369791666666666 0.325 0.0109375 0.018518518518518517
4 0.45 0.30277777777777776 0.009375 0.014814814814814815
4 0.43697916666666664 0.2967592592592593 0.008333333333333333 0.013888888888888888
4 0.4479166666666667 0.28379629629629627 0.008333333333333333 0.013888888888888888
4 0.43802083333333336 0.2675925925925926 0.007291666666666667 0.011111111111111112
4 0.46588541666666666 0.29398148148148145 0.008854166666666666 0.013888888888888888
4 0.4583333333333333 0.32685185185185184 0.010416666666666666 0.014814814814814815
4 0.8739583333333333 0.8976851851851851 0.09479166666666666 0.10462962962962963
4 0.78671875 0.7717592592592593 0.0546875 0.08425925925925926
4 0.9611979166666667 0.8648148148148148 0.07760416666666667 0.08333333333333333
4 0.9231770833333334 0.8231481481481482 0.09739583333333333 0.07222222222222222
4 0.8770833333333333 0.7689814814814815 0.0875 0.06759259259259259
4 0.8588541666666667 0.7319444444444444 0.08333333333333333 0.06388888888888888
4 0.8294270833333334 0.7041666666666667 0.0765625 0.06018518518518518
4 0.8200520833333333 0.6759259259259259 0.08385416666666666 0.06666666666666667
4 0.7994791666666666 0.6555555555555556 0.075 0.06111111111111111
4 0.7361979166666667 0.5796296296296296 0.058854166666666666 0.04259259259259259
4 0.7205729166666667 0.5449074074074074 0.0515625 0.03796296296296296
4 0.6989583333333333 0.5199074074074074 0.05416666666666667 0.03425925925925926
4 0.6848958333333334 0.5032407407407408 0.04895833333333333 0.03425925925925926
4 0.6739583333333333 0.49444444444444446 0.040625 0.027777777777777776
4 0.6723958333333333 0.4810185185185185 0.041666666666666664 0.025
4 0.6666666666666666 0.4722222222222222 0.05 0.027777777777777776
4 0.6486979166666667 0.44351851851851853 0.0421875 0.025925925925925925
4 0.6309895833333333 0.4310185185185185 0.0390625 0.025
4 0.6276041666666666 0.4236111111111111 0.040625 0.025
4 0.6098958333333333 0.41064814814814815 0.035416666666666666 0.023148148148148147
4 0.6041666666666666 0.4046296296296296 0.0375 0.020370370370370372
4 0.6041666666666666 0.39444444444444443 0.03333333333333333 0.020370370370370372
4 0.5971354166666667 0.38842592592592595 0.03177083333333333 0.019444444444444445
4 0.5916666666666667 0.38472222222222224 0.03125 0.019444444444444445
4 0.5888020833333333 0.37777777777777777 0.0265625 0.016666666666666666
4 0.6411458333333333 0.3837962962962963 0.01875 0.025
4 0.15130208333333334 0.42916666666666664 0.0390625 0.028703703703703703
