0 0.675 0.8444444444444444 0.096875 0.07407407407407407
0 0.6583333333333333 0.7981481481481482 0.0875 0.06666666666666667
0 0.65703125 0.7583333333333333 0.09114583333333333 0.06666666666666667
0 0.9307291666666667 0.9236111111111112 0.11145833333333334 0.0824074074074074
0 0.8549479166666667 0.8180555555555555 0.0765625 0.1175925925925926
0 0.19479166666666667 0.8837962962962963 0.071875 0.11944444444444445
0 0.14817708333333332 0.7467592592592592 0.06822916666666666 0.09907407407407408
0 0.29375 0.663425925925926 0.04583333333333333 0.08055555555555556
0 0.45729166666666665 0.47638888888888886 0.025 0.04351851851851852
0 0.30885416666666665 0.4273148148148148 0.041666666666666664 0.04537037037037037
0 0.3255208333333333 0.39444444444444443 0.027083333333333334 0.04259259259259259
0 0.34453125 0.37037037037037035 0.0265625 0.037037037037037035
0 0.3450520833333333 0.3425925925925926 0.021354166666666667 0.03518518518518519
0 0.40520833333333334 0.3527777777777778 0.020833333333333332 0.03888888888888889
0 0.010677083333333334 0.4212962962962963 0.021354166666666667 0.03333333333333333
0 0.21692708333333333 0.42083333333333334 0.028645833333333332 0.049074074074074076
0 0.2598958333333333 0.3527777777777778 0.026041666666666668 0.027777777777777776
0 0.40677083333333336 0.31342592592592594 0.016666666666666666 0.032407407407407406
0 0.39036458333333335 0.27546296296296297 0.0171875 0.026851851851851852
0 0.4705729166666667 0.2675925925925926 0.0140625 0.022222222222222223
0 0.4505208333333333 0.2638888888888889 0.015625 0.025925925925925925
0 0.4484375 0.24861111111111112 0.014583333333333334 0.023148148148148147
0 0.32916666666666666 0.24444444444444444 0.01875 0.022222222222222223
0 0.46640625 0.16111111111111112 0.009895833333333333 0.016666666666666666
0 0.403125 0.1361111111111111 0.008333333333333333 0.012962962962962963
0 0.42734375 0.13425925925925927 0.008854166666666666 0.012962962962962963
0 0.40130208333333334 0.12453703703703704 0.0078125 0.013888888888888888
0 0.46484375 0.15462962962962962 0.009895833333333333 0.012962962962962963
0 0.3984375 0.10833333333333334 0.007291666666666667 0.012962962962962963
