0 0.14140625 0.16898148148148148 0.0296875 0.04722222222222222
0 0.44635416666666666 0.6657407407407407 0.09791666666666667 0.08518518518518518
0 0.3346354166666667 0.1865740740740741 0.027604166666666666 0.04722222222222222
0 0.14140625 0.13287037037037036 0.027604166666666666 0.04722222222222222
0 0.13333333333333333 0.014351851851851852 0.014583333333333334 0.025
0 0.28932291666666665 0.1388888888888889 0.05364583333333333 0.040740740740740744
0 0.28541666666666665 0.12268518518518519 0.051041666666666666 0.03981481481481482
0 0.28098958333333335 0.10185185185185185 0.04739583333333333 0.03333333333333333
0 0.2640625 0.075 0.04791666666666667 0.03333333333333333
0 0.6864583333333333 0.175 0.04375 0.03888888888888889
0 0.059375 0.07361111111111111 0.04583333333333333 0.030555555555555555
0 0.06145833333333333 0.05324074074074074 0.04479166666666667 0.026851851851851852
0 0.06953125 0.022222222222222223 0.03177083333333333 0.018518518518518517
0 0.0890625 0.013425925925925926 0.022916666666666665 0.017592592592592594
0 0.19765625 0.010185185185185186 0.027604166666666666 0.018518518518518517
0 0.32447916666666665 0.1050925925925926 0.007291666666666667 0.017592592592592594
0 0.33255208333333336 0.10694444444444444 0.0067708333333333336 0.017592592592592594
0 0.34140625 0.11851851851851852 0.0067708333333333336 0.022222222222222223
0 0.35 0.12407407407407407 0.009375 0.022222222222222223
