4 0.012760416666666666 0.4101851851851852 0.025520833333333333 0.06481481481481481
4 0.0125 0.22361111111111112 0.025 0.049074074074074076
4 0.03229166666666667 0.18472222222222223 0.03958333333333333 0.04537037037037037
4 0.016666666666666666 0.16064814814814815 0.03333333333333333 0.04537037037037037
4 0.08776041666666666 0.09583333333333334 0.021354166666666667 0.032407407407407406
4 0.11770833333333333 0.05324074074074074 0.023958333333333335 0.03611111111111111
4 0.16770833333333332 0.022222222222222223 0.03125 0.018518518518518517
4 0.36432291666666666 0.2800925925925926 0.024479166666666666 0.05648148148148148
4 0.41484375 0.22407407407407406 0.024479166666666666 0.046296296296296294
4 0.40859375 0.17083333333333334 0.0234375 0.041666666666666664
4 0.30520833333333336 0.16574074074074074 0.020833333333333332 0.046296296296296294
4 0.3971354166666667 0.10324074074074074 0.0203125 0.03425925925925926
4 0.33671875 0.09305555555555556 0.018229166666666668 0.032407407407407406
4 0.3609375 0.0763888888888889 0.015625 0.025
4 0.3848958333333333 0.047685185185185185 0.015625 0.025
4 0.3809895833333333 0.02638888888888889 0.0140625 0.023148148148148147
4 0.31588541666666664 0.010648148148148148 0.013020833333333334 0.021296296296296296
4 0.5942708333333333 0.26296296296296295 0.035416666666666666 0.03148148148148148
4 0.5864583333333333 0.24027777777777778 0.042708333333333334 0.03796296296296296
4 0.5283854166666667 0.21157407407407408 0.03177083333333333 0.05277777777777778
4 0.44375 0.03611111111111111 0.01875 0.02962962962962963
4 0.45026041666666666 0.058333333333333334 0.0171875 0.027777777777777776
4 0.46770833333333334 0.09907407407407408 0.019791666666666666 0.027777777777777776
4 0.50234375 0.1259259259259259 0.025520833333333333 0.037037037037037035
4 0.5067708333333333 0.09027777777777778 0.027083333333333334 0.026851851851851852
4 0.50859375 0.06666666666666667 0.034895833333333334 0.025925925925925925
4 0.4940104166666667 0.05138888888888889 0.03802083333333333 0.030555555555555555
