0 0.33958333333333335 0.5291666666666667 0.053125 0.10277777777777777
0 0.290625 0.21574074074074073 0.020833333333333332 0.02962962962962963
0 0.33645833333333336 0.26851851851851855 0.029166666666666667 0.03888888888888889
0 0.27734375 0.2574074074074074 0.025520833333333333 0.040740740740740744
0 0.24583333333333332 0.27314814814814814 0.025 0.04259259259259259
0 0.19166666666666668 0.11990740740740741 0.014583333333333334 0.025
0 0.22265625 0.10138888888888889 0.0140625 0.019444444444444445
0 0.184375 0.03657407407407407 0.016666666666666666 0.013888888888888888
0 0.20416666666666666 0.03935185185185185 0.009375 0.012037037037037037
0 0.18541666666666667 0.011574074074074073 0.008333333333333333 0.012037037037037037
0 0.25104166666666666 0.13564814814814816 0.019791666666666666 0.025
0 0.24609375 0.20787037037037037 0.0234375 0.03796296296296296
0 0.16927083333333334 0.008796296296296297 0.008333333333333333 0.010185185185185186
0 0.66875 0.15185185185185185 0.028125 0.025925925925925925
0 0.6518229166666667 0.14583333333333334 0.025520833333333333 0.023148148148148147
0 0.6658854166666667 0.13518518518518519 0.027604166666666666 0.024074074074074074
0 0.6494791666666667 0.12685185185185185 0.020833333333333332 0.016666666666666666
0 0.64453125 0.12175925925925926 0.022395833333333334 0.01574074074074074
0 0.6403645833333333 0.14074074074074075 0.022395833333333334 0.018518518518518517
0 0.6182291666666667 0.11435185185185186 0.022916666666666665 0.021296296296296296
0 0.5794270833333334 0.11296296296296296 0.021354166666666667 0.018518518518518517
0 0.5768229166666666 0.09768518518518518 0.0171875 0.01574074074074074
0 0.5671875 0.10601851851851851 0.021875 0.021296296296296296
0 0.5552083333333333 0.10185185185185185 0.019791666666666666 0.020370370370370372
0 0.5471354166666667 0.09814814814814815 0.021354166666666667 0.018518518518518517
0 0.5703125 0.09212962962962963 0.019791666666666666 0.013888888888888888
0 0.5614583333333333 0.08981481481481482 0.01875 0.014814814814814815
0 0.553125 0.08564814814814815 0.021875 0.017592592592592594
0 0.6213541666666667 0.0875 0.020833333333333332 0.01574074074074074
0 0.6041666666666666 0.07777777777777778 0.017708333333333333 0.016666666666666666
0 0.59296875 0.07314814814814814 0.019270833333333334 0.016666666666666666
0 0.57421875 0.06620370370370371 0.018229166666666668 0.01574074074074074
0 0.5651041666666666 0.06342592592592593 0.017708333333333333 0.01574074074074074
0 0.5401041666666667 0.052314814814814814 0.01875 0.01574074074074074
0 0.5346354166666667 0.0912037037037037 0.021354166666666667 0.017592592592592594
0 0.54296875 0.08009259259259259 0.019270833333333334 0.01574074074074074
0 0.49765625 0.03796296296296296 0.016145833333333335 0.011111111111111112
0 0.4895833333333333 0.032407407407407406 0.014583333333333334 0.012962962962962963
0 0.48541666666666666 0.03194444444444444 0.016666666666666666 0.012037037037037037
0 0.48828125 0.056018518518518516 0.018229166666666668 0.01574074074074074
0 0.4744791666666667 0.05138888888888889 0.015625 0.01574074074074074
0 0.46041666666666664 0.04537037037037037 0.014583333333333334 0.012962962962962963
0 0.4158854166666667 0.03518518518518519 0.013020833333333334 0.012962962962962963
0 0.41354166666666664 0.005555555555555556 0.013541666666666667 0.011111111111111112
0 0.42421875 0.007407407407407408 0.0109375 0.009259259259259259
0 0.30859375 0.008333333333333333 0.0171875 0.011111111111111112
0 0.32083333333333336 0.009722222222222222 0.014583333333333334 0.010185185185185186
0 0.36614583333333334 0.004629629629629629 0.0125 0.009259259259259259
0 0.4484375 0.0412037037037037 0.013541666666666667 0.012037037037037037
0 0.42578125 0.03888888888888889 0.016145833333333335 0.012962962962962963
0 0.33255208333333336 0.21481481481481482 0.027604166666666666 0.03333333333333333
