4 0.23489583333333333 0.2657407407407407 0.01875 0.044444444444444446
4 0.25729166666666664 0.0912037037037037 0.011458333333333333 0.019444444444444445
4 0.2760416666666667 0.0837962962962963 0.011458333333333333 0.019444444444444445
4 0.30911458333333336 0.08935185185185185 0.009895833333333333 0.017592592592592594
4 0.2640625 0.04722222222222222 0.008333333333333333 0.011111111111111112
4 0.28984375 0.05138888888888889 0.0078125 0.012037037037037037
4 0.24635416666666668 0.03518518518518519 0.008333333333333333 0.011111111111111112
4 0.26119791666666664 0.024074074074074074 0.005729166666666666 0.007407407407407408
4 0.25546875 0.017592592592592594 0.0067708333333333336 0.011111111111111112
4 0.246875 0.01574074074074074 0.00625 0.011111111111111112
4 0.017708333333333333 0.5277777777777778 0.035416666666666666 0.07592592592592592
4 0.18854166666666666 0.06944444444444445 0.021875 0.014814814814814815
4 0.18984375 0.05648148148148148 0.0203125 0.012962962962962963
4 0.19713541666666667 0.046296296296296294 0.0203125 0.012962962962962963
4 0.17473958333333334 0.05138888888888889 0.0203125 0.013888888888888888
4 0.13723958333333333 0.21157407407407408 0.021354166666666667 0.03425925925925926
4 0.10885416666666667 0.21481481481481482 0.01875 0.027777777777777776
4 0.36692708333333335 0.07083333333333333 0.0140625 0.013888888888888888
4 0.35625 0.05694444444444444 0.014583333333333334 0.013888888888888888
4 0.34453125 0.03333333333333333 0.0109375 0.011111111111111112
