4 0.021354166666666667 0.5893518518518519 0.042708333333333334 0.10277777777777777
4 0.5864583333333333 0.5884259259259259 0.052083333333333336 0.06018518518518518
4 0.55625 0.38842592592592595 0.03125 0.032407407407407406
4 0.51875 0.3226851851851852 0.025 0.025
4 0.007552083333333333 0.19398148148148148 0.0109375 0.013888888888888888
4 0.0020833333333333333 0.17777777777777778 0.004166666666666667 0.009259259259259259
4 0.0018229166666666667 0.20046296296296295 0.0036458333333333334 0.012037037037037037
4 0.259375 0.3189814814814815 0.036458333333333336 0.030555555555555555
4 0.3536458333333333 0.16064814814814815 0.005208333333333333 0.010185185185185186
4 0.3385416666666667 0.14814814814814814 0.004166666666666667 0.007407407407407408
4 0.33359375 0.1375 0.0036458333333333334 0.004629629629629629
4 0.22630208333333332 0.18611111111111112 0.018229166666666668 0.011111111111111112
