4 0.4609375 0.017592592592592594 0.011458333333333333 0.009259259259259259
4 0.46822916666666664 0.02546296296296296 0.004166666666666667 0.006481481481481481
4 0.478125 0.021296296296296296 0.004166666666666667 0.005555555555555556
4 0.43333333333333335 0.06712962962962964 0.007291666666666667 0.008333333333333333
4 0.42109375 0.07824074074074074 0.0067708333333333336 0.008333333333333333
4 0.40677083333333336 0.08425925925925926 0.007291666666666667 0.009259259259259259
4 0.4 0.0763888888888889 0.007291666666666667 0.008333333333333333
4 0.3888020833333333 0.08472222222222223 0.0078125 0.010185185185185186
4 0.36666666666666664 0.09722222222222222 0.007291666666666667 0.011111111111111112
4 0.41822916666666665 0.12546296296296297 0.008333333333333333 0.010185185185185186
4 0.36223958333333334 0.13703703703703704 0.009895833333333333 0.012962962962962963
4 0.3497395833333333 0.11944444444444445 0.009895833333333333 0.012962962962962963
4 0.30104166666666665 0.1625 0.013541666666666667 0.017592592592592594
4 0.33697916666666666 0.2574074074074074 0.013541666666666667 0.020370370370370372
4 0.3541666666666667 0.25462962962962965 0.0125 0.012962962962962963
4 0.35104166666666664 0.26342592592592595 0.01875 0.01574074074074074
4 0.34088541666666666 0.27175925925925926 0.024479166666666666 0.017592592592592594
4 0.33958333333333335 0.2824074074074074 0.021875 0.018518518518518517
4 0.30885416666666665 0.30185185185185187 0.023958333333333335 0.016666666666666666
4 0.29973958333333334 0.3175925925925926 0.0265625 0.018518518518518517
4 0.30703125 0.3263888888888889 0.027604166666666666 0.019444444444444445
4 0.29453125 0.34444444444444444 0.027604166666666666 0.022222222222222223
4 0.28567708333333336 0.36342592592592593 0.027604166666666666 0.025
4 0.2604166666666667 0.39351851851851855 0.030208333333333334 0.022222222222222223
4 0.27786458333333336 0.2263888888888889 0.016145833333333335 0.017592592592592594
4 0.23567708333333334 0.2023148148148148 0.0203125 0.013888888888888888
4 0.23072916666666668 0.23148148148148148 0.019791666666666666 0.020370370370370372
4 0.21223958333333334 0.24166666666666667 0.0203125 0.022222222222222223
4 0.20520833333333333 0.2222222222222222 0.01875 0.016666666666666666
4 0.22161458333333334 0.2810185185185185 0.021354166666666667 0.025
4 0.17291666666666666 0.2513888888888889 0.022916666666666665 0.019444444444444445
4 0.16197916666666667 0.2587962962962963 0.020833333333333332 0.017592592592592594
4 0.09895833333333333 0.31296296296296294 0.01875 0.022222222222222223
4 0.1125 0.33425925925925926 0.022916666666666665 0.02962962962962963
4 0.004427083333333333 0.4759259259259259 0.008854166666666666 0.027777777777777776
4 0.015104166666666667 0.42592592592592593 0.030208333333333334 0.025925925925925925
4 0.0109375 0.3888888888888889 0.021875 0.027777777777777776
4 0.06927083333333334 0.33287037037037037 0.03125 0.019444444444444445
