4 0.4669270833333333 0.49166666666666664 0.0234375 0.05925925925925926
4 0.35442708333333334 0.4935185185185185 0.0203125 0.053703703703703705
4 0.34088541666666666 0.6226851851851852 0.0203125 0.07685185185185185
4 0.4546875 0.41712962962962963 0.021875 0.05648148148148148
4 0.4466145833333333 0.32037037037037036 0.0328125 0.02962962962962963
4 0.44114583333333335 0.3523148148148148 0.016666666666666666 0.03796296296296296
4 0.44921875 0.22824074074074074 0.0265625 0.023148148148148147
4 0.35989583333333336 0.08935185185185185 0.020833333333333332 0.028703703703703703
4 0.40520833333333334 0.12314814814814815 0.013541666666666667 0.037037037037037035
4 0.41041666666666665 0.10277777777777777 0.019791666666666666 0.025925925925925925
4 0.3958333333333333 0.06712962962962964 0.011458333333333333 0.019444444444444445
4 0.3807291666666667 0.05185185185185185 0.011458333333333333 0.025925925925925925
4 0.39088541666666665 0.043055555555555555 0.008854166666666666 0.019444444444444445
4 0.38958333333333334 0.01898148148148148 0.010416666666666666 0.019444444444444445
4 0.38619791666666664 0.0060185185185185185 0.009895833333333333 0.012037037037037037
4 0.3546875 0.025 0.009375 0.020370370370370372
4 0.6296875 0.10231481481481482 0.028125 0.019444444444444445
4 0.65859375 0.1 0.0234375 0.018518518518518517
4 0.6846354166666667 0.125 0.024479166666666666 0.020370370370370372
4 0.6481770833333333 0.1259259259259259 0.028645833333333332 0.022222222222222223
4 0.625 0.14212962962962963 0.01875 0.026851851851851852
4 0.6401041666666667 0.1425925925925926 0.020833333333333332 0.027777777777777776
4 0.6625 0.14722222222222223 0.019791666666666666 0.02962962962962963
4 0.14114583333333333 0.6467592592592593 0.03125 0.08611111111111111
4 0.15833333333333333 0.5606481481481481 0.028125 0.075
4 0.19505208333333332 0.3425925925925926 0.016145833333333335 0.044444444444444446
4 0.16640625 0.4083333333333333 0.0421875 0.040740740740740744
4 0.19453125 0.2726851851851852 0.021354166666666667 0.026851851851851852
4 0.209375 0.24814814814814815 0.015625 0.037037037037037035
4 0.30442708333333335 0.11388888888888889 0.011979166666666667 0.027777777777777776
4 0.24817708333333333 0.020833333333333332 0.009895833333333333 0.019444444444444445
4 0.24453125 0.03564814814814815 0.009895833333333333 0.021296296296296296
4 0.24244791666666668 0.05555555555555555 0.011979166666666667 0.020370370370370372
4 0.20520833333333333 0.22037037037037038 0.025 0.027777777777777776
4 0.21875 0.19074074074074074 0.016666666666666666 0.03333333333333333
4 0.20052083333333334 0.1712962962962963 0.025 0.02962962962962963
4 0.22161458333333334 0.1111111111111111 0.024479166666666666 0.024074074074074074
4 0.25729166666666664 0.5356481481481481 0.020833333333333332 0.06574074074074074
