4 0.0859375 0.7828703703703703 0.17083333333333334 0.16018518518518518
4 0.07161458333333333 0.7152777777777778 0.14322916666666666 0.12685185185185185
4 0.4041666666666667 0.6986111111111111 0.10520833333333333 0.11944444444444445
4 0.5791666666666667 0.6990740740740741 0.08854166666666667 0.1037037037037037
4 0.7341145833333333 0.8805555555555555 0.0984375 0.1685185185185185
4 0.7645833333333333 0.7592592592592593 0.07395833333333333 0.12222222222222222
4 0.4984375 0.6101851851851852 0.07291666666666667 0.08333333333333333
4 0.446875 0.5726851851851852 0.075 0.10092592592592593
4 0.22239583333333332 0.6152777777777778 0.10416666666666667 0.09351851851851851
4 0.2125 0.5513888888888889 0.08125 0.075
4 0.3229166666666667 0.5592592592592592 0.08125 0.07222222222222222
4 0.34427083333333336 0.4930555555555556 0.06145833333333333 0.058333333333333334
4 0.41432291666666665 0.5138888888888888 0.058854166666666666 0.05925925925925926
4 0.46979166666666666 0.49027777777777776 0.04791666666666667 0.05648148148148148
4 0.4283854166666667 0.48055555555555557 0.04739583333333333 0.04259259259259259
4 0.5700520833333333 0.5708333333333333 0.0484375 0.06574074074074074
4 0.58046875 0.5291666666666667 0.05364583333333333 0.05462962962962963
4 0.6130208333333333 0.4981481481481482 0.046875 0.046296296296296294
4 0.5828125 0.475462962962963 0.042708333333333334 0.05092592592592592
4 0.5497395833333333 0.4425925925925926 0.0421875 0.040740740740740744
4 0.50703125 0.4583333333333333 0.0421875 0.04259259259259259
4 0.49713541666666666 0.42083333333333334 0.03802083333333333 0.04351851851851852
4 0.5255208333333333 0.41712962962962963 0.030208333333333334 0.032407407407407406
4 0.571875 0.4217592592592593 0.03333333333333333 0.03981481481481482
4 0.565625 0.399537037037037 0.03125 0.028703703703703703
4 0.596875 0.40925925925925927 0.027083333333333334 0.027777777777777776
4 0.6158854166666666 0.3990740740740741 0.03177083333333333 0.02962962962962963
4 0.5828125 0.38425925925925924 0.022916666666666665 0.02962962962962963
4 0.6114583333333333 0.3837962962962963 0.023958333333333335 0.026851851851851852
4 0.6111979166666667 0.37175925925925923 0.0203125 0.026851851851851852
4 0.6255208333333333 0.3648148148148148 0.014583333333333334 0.024074074074074074
4 0.64140625 0.36064814814814816 0.019270833333333334 0.021296296296296296
4 0.6544270833333333 0.38101851851851853 0.024479166666666666 0.030555555555555555
4 0.6481770833333333 0.4740740740740741 0.034895833333333334 0.03888888888888889
4 0.6916666666666667 0.487962962962963 0.03333333333333333 0.046296296296296294
4 0.7515625 0.5583333333333333 0.046875 0.05740740740740741
4 0.7859375 0.675 0.05625 0.09259259259259259
4 0.7932291666666667 0.6046296296296296 0.041666666666666664 0.07037037037037037
4 0.803125 0.5699074074074074 0.04375 0.062037037037037036
4 0.8151041666666666 0.5296296296296297 0.036458333333333336 0.05
4 0.8184895833333333 0.4981481481481482 0.030729166666666665 0.03518518518518519
4 0.8255208333333334 0.4842592592592593 0.026041666666666668 0.044444444444444446
4 0.8294270833333334 0.4638888888888889 0.028645833333333332 0.044444444444444446
4 0.8291666666666667 0.4439814814814815 0.028125 0.03796296296296296
4 0.83828125 0.43194444444444446 0.019270833333333334 0.032407407407407406
4 0.8393229166666667 0.4217592592592593 0.019270833333333334 0.03981481481481482
4 0.84453125 0.4046296296296296 0.0171875 0.024074074074074074
4 0.8458333333333333 0.3875 0.014583333333333334 0.023148148148148147
4 0.6643229166666667 0.4476851851851852 0.03177083333333333 0.05092592592592592
4 0.68203125 0.4310185185185185 0.028645833333333332 0.04722222222222222
4 0.7013020833333333 0.41944444444444445 0.015104166666666667 0.02962962962962963
4 0.7169270833333333 0.4532407407407407 0.03177083333333333 0.04537037037037037
4 0.7307291666666667 0.42083333333333334 0.027083333333333334 0.032407407407407406
4 0.7661458333333333 0.4287037037037037 0.025 0.037037037037037035
4 0.7221354166666667 0.3972222222222222 0.019270833333333334 0.03333333333333333
4 0.7104166666666667 0.40925925925925927 0.016666666666666666 0.027777777777777776
4 0.7333333333333333 0.38981481481481484 0.016666666666666666 0.027777777777777776
4 0.7481770833333333 0.40370370370370373 0.024479166666666666 0.02962962962962963
4 0.8065104166666667 0.425 0.0234375 0.03518518518518519
4 0.8125 0.4050925925925926 0.016666666666666666 0.021296296296296296
4 0.7861979166666667 0.3958333333333333 0.019270833333333334 0.025
4 0.7971354166666667 0.38287037037037036 0.0171875 0.026851851851851852
4 0.76328125 0.38796296296296295 0.018229166666666668 0.025925925925925925
4 0.7481770833333333 0.37222222222222223 0.0171875 0.024074074074074074
4 0.75859375 0.3638888888888889 0.015104166666666667 0.022222222222222223
4 0.7682291666666666 0.35509259259259257 0.014583333333333334 0.017592592592592594
4 0.7739583333333333 0.37453703703703706 0.016666666666666666 0.028703703703703703
4 0.7856770833333333 0.3625 0.015104166666666667 0.019444444444444445
4 0.80703125 0.3680555555555556 0.016145833333333335 0.019444444444444445
4 0.8140625 0.3574074074074074 0.017708333333333333 0.022222222222222223
4 0.7908854166666667 0.34444444444444444 0.011979166666666667 0.016666666666666666
4 0.80859375 0.3421296296296296 0.008854166666666666 0.01574074074074074
4 0.79921875 0.3365740740740741 0.009895833333333333 0.013888888888888888
4 0.80546875 0.3296296296296296 0.0078125 0.012962962962962963
4 0.8114583333333333 0.32083333333333336 0.008333333333333333 0.012037037037037037
4 0.7984375 0.3277777777777778 0.008333333333333333 0.011111111111111112
4 0.7809895833333333 0.337037037037037 0.009895833333333333 0.016666666666666666
4 0.78515625 0.32546296296296295 0.009895833333333333 0.012037037037037037
4 0.7643229166666666 0.3263888888888889 0.0109375 0.01574074074074074
4 0.7552083333333334 0.337037037037037 0.0125 0.016666666666666666
4 0.7315104166666667 0.3449074074074074 0.015104166666666667 0.019444444444444445
4 0.7213541666666666 0.3375 0.016666666666666666 0.017592592592592594
4 0.6752604166666667 0.37546296296296294 0.0171875 0.025
4 0.690625 0.3685185185185185 0.019791666666666666 0.024074074074074074
4 0.70546875 0.3587962962962963 0.016145833333333335 0.023148148148148147
4 0.684375 0.3458333333333333 0.015625 0.017592592592592594
4 0.6658854166666667 0.34629629629629627 0.0203125 0.024074074074074074
4 0.6729166666666667 0.35509259259259257 0.014583333333333334 0.01574074074074074
