4 0.3809895833333333 0.1699074074074074 0.0046875 0.008333333333333333
4 0.38645833333333335 0.1726851851851852 0.005208333333333333 0.008333333333333333
4 0.40963541666666664 0.1736111111111111 0.0078125 0.008333333333333333
4 0.42291666666666666 0.1763888888888889 0.008333333333333333 0.008333333333333333
4 0.44505208333333335 0.23055555555555557 0.008854166666666666 0.012962962962962963
4 0.40859375 0.2351851851851852 0.008854166666666666 0.012962962962962963
4 0.40703125 0.22037037037037038 0.008854166666666666 0.012962962962962963
4 0.3984375 0.28935185185185186 0.011458333333333333 0.019444444444444445
4 0.4088541666666667 0.2111111111111111 0.008333333333333333 0.012962962962962963
4 0.45807291666666666 0.2111111111111111 0.0067708333333333336 0.009259259259259259
4 0.4734375 0.22546296296296298 0.008333333333333333 0.012037037037037037
4 0.46927083333333336 0.21805555555555556 0.00625 0.010185185185185186
4 0.4666666666666667 0.20925925925925926 0.007291666666666667 0.011111111111111112
4 0.4596354166666667 0.22407407407407406 0.008854166666666666 0.012962962962962963
4 0.4635416666666667 0.20046296296296295 0.007291666666666667 0.008333333333333333
4 0.440625 0.20416666666666666 0.00625 0.008333333333333333
4 0.43854166666666666 0.20046296296296295 0.00625 0.008333333333333333
4 0.43020833333333336 0.19398148148148148 0.007291666666666667 0.010185185185185186
4 0.44505208333333335 0.1962962962962963 0.005729166666666666 0.007407407407407408
4 0.4354166666666667 0.1884259259259259 0.00625 0.008333333333333333
4 0.44244791666666666 0.19305555555555556 0.0046875 0.008333333333333333
4 0.490625 0.2361111111111111 0.009375 0.014814814814814815
4 0.8403645833333333 0.29768518518518516 0.0234375 0.01574074074074074
4 0.8473958333333333 0.3023148148148148 0.022916666666666665 0.01574074074074074
4 0.8580729166666666 0.3060185185185185 0.0296875 0.017592592592592594
4 0.86953125 0.3106481481481482 0.027604166666666666 0.019444444444444445
4 0.884375 0.3194444444444444 0.023958333333333335 0.018518518518518517
4 0.8981770833333333 0.3263888888888889 0.025520833333333333 0.021296296296296296
4 0.9265625 0.3416666666666667 0.03125 0.020370370370370372
4 0.9427083333333334 0.3472222222222222 0.0375 0.025925925925925925
4 0.9802083333333333 0.3662037037037037 0.03333333333333333 0.026851851851851852
4 0.9598958333333333 0.37222222222222223 0.03854166666666667 0.02962962962962963
4 0.98125 0.3907407407407407 0.0375 0.03333333333333333
4 0.98828125 0.37453703703703706 0.0234375 0.026851851851851852
4 0.7716145833333333 0.3837962962962963 0.0234375 0.03611111111111111
4 0.8114583333333333 0.38287037037037036 0.028125 0.023148148148148147
4 0.78203125 0.3314814814814815 0.034895833333333334 0.022222222222222223
4 0.7765625 0.3189814814814815 0.030208333333333334 0.021296296296296296
4 0.7502604166666667 0.32546296296296295 0.033854166666666664 0.021296296296296296
4 0.7580729166666667 0.3106481481481482 0.033854166666666664 0.017592592592592594
4 0.7502604166666667 0.3060185185185185 0.0296875 0.01574074074074074
4 0.7395833333333334 0.29814814814814816 0.026041666666666668 0.018518518518518517
