4 0.20703125 0.5564814814814815 0.06927083333333334 0.13333333333333333
4 0.13359375 0.5462962962962963 0.07864583333333333 0.13703703703703704
4 0.20442708333333334 0.4273148148148148 0.07760416666666667 0.09722222222222222
4 0.22552083333333334 0.3398148148148148 0.04583333333333333 0.06481481481481481
4 0.25338541666666664 0.26157407407407407 0.028645833333333332 0.041666666666666664
4 0.2640625 0.23287037037037037 0.029166666666666667 0.041666666666666664
4 0.28020833333333334 0.20185185185185187 0.022916666666666665 0.03518518518518519
4 0.28802083333333334 0.1824074074074074 0.016666666666666666 0.02962962962962963
4 0.29296875 0.1648148148148148 0.0171875 0.027777777777777776
4 0.3268229166666667 0.17824074074074073 0.0171875 0.032407407407407406
4 0.3609375 0.20185185185185187 0.01875 0.03518518518518519
4 0.4583333333333333 0.36342592592592593 0.035416666666666666 0.06018518518518518
4 0.4513020833333333 0.3138888888888889 0.034895833333333334 0.05740740740740741
4 0.42552083333333335 0.22824074074074074 0.021875 0.041666666666666664
4 0.41901041666666666 0.20879629629629629 0.019270833333333334 0.030555555555555555
4 0.4166666666666667 0.18935185185185185 0.017708333333333333 0.023148148148148147
4 0.4080729166666667 0.17916666666666667 0.028645833333333332 0.026851851851851852
4 0.40390625 0.15787037037037038 0.033854166666666664 0.023148148148148147
4 0.4192708333333333 0.15 0.03125 0.022222222222222223
4 0.41171875 0.14212962962962963 0.027604166666666666 0.017592592592592594
4 0.41848958333333336 0.1361111111111111 0.0234375 0.020370370370370372
4 0.4109375 0.13148148148148148 0.022916666666666665 0.016666666666666666
4 0.4234375 0.125 0.022916666666666665 0.016666666666666666
4 0.40963541666666664 0.12731481481481483 0.022395833333333334 0.01574074074074074
4 0.39817708333333335 0.12222222222222222 0.0265625 0.018518518518518517
4 0.39479166666666665 0.11712962962962963 0.023958333333333335 0.01574074074074074
4 0.39453125 0.10833333333333334 0.021354166666666667 0.016666666666666666
4 0.3885416666666667 0.10185185185185185 0.017708333333333333 0.016666666666666666
4 0.39375 0.10416666666666667 0.017708333333333333 0.01574074074074074
4 0.2638020833333333 0.15648148148148147 0.0328125 0.020370370370370372
4 0.28828125 0.14212962962962963 0.0328125 0.021296296296296296
4 0.2872395833333333 0.1361111111111111 0.030729166666666665 0.018518518518518517
4 0.3106770833333333 0.1300925925925926 0.013020833333333334 0.021296296296296296
4 0.315625 0.12407407407407407 0.027083333333333334 0.018518518518518517
4 0.31328125 0.1175925925925926 0.018229166666666668 0.016666666666666666
4 0.31796875 0.11296296296296296 0.019270833333333334 0.018518518518518517
4 0.3216145833333333 0.10601851851851851 0.015104166666666667 0.017592592592592594
4 0.32109375 0.10138888888888889 0.0203125 0.017592592592592594
