0 0.65859375 0.2773148148148148 0.0421875 0.09722222222222222
0 0.6122395833333333 0.2796296296296296 0.043229166666666666 0.1
0 0.5815104166666667 0.2412037037037037 0.06614583333333333 0.062037037037037036
0 0.5416666666666666 0.175 0.058333333333333334 0.05925925925925926
0 0.4901041666666667 0.1712962962962963 0.04583333333333333 0.05925925925925926
0 0.4046875 0.10046296296296296 0.020833333333333332 0.04722222222222222
0 0.35703125 0.08657407407407407 0.04010416666666667 0.03611111111111111
0 0.33645833333333336 0.07361111111111111 0.040625 0.028703703703703703
0 0.5278645833333333 0.12638888888888888 0.0453125 0.058333333333333334
0 0.6388020833333333 0.1388888888888889 0.05364583333333333 0.044444444444444446
0 0.6903645833333333 0.16342592592592592 0.0359375 0.04537037037037037
0 0.6893229166666667 0.12916666666666668 0.03802083333333333 0.03611111111111111
0 0.6416666666666667 0.10185185185185185 0.04479166666666667 0.03888888888888889
0 0.52734375 0.08009259259259259 0.024479166666666666 0.032407407407407406
0 0.51640625 0.1 0.0421875 0.03518518518518519
0 0.5739583333333333 0.07685185185185185 0.04479166666666667 0.025925925925925925
0 0.5544270833333333 0.07083333333333333 0.0390625 0.025
0 0.4875 0.06851851851851852 0.03333333333333333 0.02962962962962963
0 0.48046875 0.09768518518518518 0.0296875 0.04537037037037037
0 0.47109375 0.047685185185185185 0.03802083333333333 0.028703703703703703
0 0.48541666666666666 0.031018518518518518 0.035416666666666666 0.025
0 0.44947916666666665 0.027314814814814816 0.025 0.028703703703703703
0 0.34817708333333336 0.03935185185185185 0.028645833333333332 0.03425925925925926
0 0.3333333333333333 0.05787037037037037 0.034375 0.025
0 0.3697916666666667 0.014351851851851852 0.021875 0.026851851851851852
0 0.35260416666666666 0.020833333333333332 0.025 0.030555555555555555
0 0.4078125 0.013425925925925926 0.025 0.026851851851851852
0 0.42421875 0.022685185185185187 0.016145833333333335 0.030555555555555555
0 0.690625 0.3333333333333333 0.035416666666666666 0.08703703703703704
