4 0.2955729166666667 0.14444444444444443 0.0036458333333333334 0.011111111111111112
4 0.284375 0.14814814814814814 0.009375 0.005555555555555556
4 0.28567708333333336 0.14583333333333334 0.0067708333333333336 0.004629629629629629
4 0.3020833333333333 0.15092592592592594 0.004166666666666667 0.005555555555555556
4 0.28072916666666664 0.1726851851851852 0.005208333333333333 0.006481481481481481
4 0.26015625 0.1875 0.005729166666666666 0.008333333333333333
4 0.284375 0.19490740740740742 0.007291666666666667 0.012037037037037037
4 0.3033854166666667 0.18287037037037038 0.005729166666666666 0.008333333333333333
4 0.24973958333333332 0.2074074074074074 0.018229166666666668 0.011111111111111112
4 0.32578125 0.1625 0.0046875 0.008333333333333333
4 0.3265625 0.1824074074074074 0.005208333333333333 0.007407407407407408
4 0.32708333333333334 0.20046296296296295 0.007291666666666667 0.012037037037037037
4 0.33697916666666666 0.18472222222222223 0.005208333333333333 0.010185185185185186
4 0.33958333333333335 0.19953703703703704 0.00625 0.010185185185185186
4 0.340625 0.2199074074074074 0.008333333333333333 0.012037037037037037
4 0.3419270833333333 0.23981481481481481 0.008854166666666666 0.016666666666666666
4 0.34270833333333334 0.15046296296296297 0.004166666666666667 0.006481481481481481
4 0.34817708333333336 0.15185185185185185 0.0036458333333333334 0.005555555555555556
4 0.3528645833333333 0.15648148148148147 0.0078125 0.007407407407407408
4 0.35234375 0.18009259259259258 0.005729166666666666 0.008333333333333333
4 0.36302083333333335 0.1787037037037037 0.011458333333333333 0.011111111111111112
4 0.36041666666666666 0.19768518518518519 0.007291666666666667 0.010185185185185186
4 0.3684895833333333 0.19953703703703704 0.0078125 0.010185185185185186
4 0.3697916666666667 0.2064814814814815 0.00625 0.011111111111111112
4 0.3807291666666667 0.19814814814814816 0.010416666666666666 0.011111111111111112
4 0.3848958333333333 0.18888888888888888 0.005208333333333333 0.009259259259259259
4 0.39166666666666666 0.18888888888888888 0.00625 0.009259259259259259
4 0.39427083333333335 0.19814814814814816 0.0125 0.011111111111111112
4 0.39166666666666666 0.21481481481481482 0.0125 0.011111111111111112
4 0.4 0.2222222222222222 0.016666666666666666 0.011111111111111112
4 0.40677083333333336 0.2375 0.021875 0.01574074074074074
4 0.42135416666666664 0.25833333333333336 0.017708333333333333 0.016666666666666666
4 0.4046875 0.3074074074074074 0.014583333333333334 0.025925925925925925
4 0.46328125 0.35694444444444445 0.0359375 0.023148148148148147
4 0.46588541666666666 0.3726851851851852 0.0390625 0.028703703703703703
4 0.46145833333333336 0.47175925925925927 0.03125 0.04351851851851852
4 0.5005208333333333 0.44583333333333336 0.04479166666666667 0.03425925925925926
4 0.5072916666666667 0.46620370370370373 0.042708333333333334 0.03796296296296296
4 0.5885416666666666 0.5805555555555556 0.057291666666666664 0.06481481481481481
4 0.27734375 0.3106481481481482 0.0140625 0.023148148148148147
4 0.23463541666666668 0.35555555555555557 0.0171875 0.03148148148148148
4 0.19088541666666667 0.37453703703703706 0.0359375 0.03425925925925926
4 0.18411458333333333 0.2722222222222222 0.0265625 0.018518518518518517
4 0.19010416666666666 0.30972222222222223 0.0375 0.019444444444444445
4 0.18880208333333334 0.31851851851851853 0.03802083333333333 0.024074074074074074
4 0.17760416666666667 0.3282407407407407 0.036458333333333336 0.023148148148148147
4 0.17786458333333333 0.3425925925925926 0.03802083333333333 0.024074074074074074
4 0.07552083333333333 0.4689814814814815 0.041666666666666664 0.05462962962962963
4 0.08723958333333333 0.6032407407407407 0.049479166666666664 0.0787037037037037
4 0.037760416666666664 0.6824074074074075 0.07552083333333333 0.05185185185185185
