4 0.303125 0.5777777777777777 0.016666666666666666 0.05
4 0.26901041666666664 0.37777777777777777 0.015104166666666667 0.027777777777777776
4 0.2942708333333333 0.30185185185185187 0.011458333333333333 0.024074074074074074
4 0.41770833333333335 0.34074074074074073 0.014583333333333334 0.020370370370370372
4 0.33489583333333334 0.2949074074074074 0.008333333333333333 0.017592592592592594
4 0.41796875 0.29398148148148145 0.009895833333333333 0.013888888888888888
4 0.30625 0.25092592592592594 0.008333333333333333 0.018518518518518517
4 0.31171875 0.19583333333333333 0.016145833333333335 0.01574074074074074
4 0.4049479166666667 0.17916666666666667 0.005729166666666666 0.010185185185185186
4 0.36953125 0.13935185185185187 0.0046875 0.006481481481481481
4 0.34427083333333336 0.11388888888888889 0.004166666666666667 0.007407407407407408
4 0.33671875 0.10833333333333334 0.0036458333333333334 0.005555555555555556
4 0.3338541666666667 0.09768518518518518 0.003125 0.006481481481481481
4 0.35703125 0.09027777777777778 0.0026041666666666665 0.004629629629629629
4 0.35208333333333336 0.06527777777777778 0.0020833333333333333 0.004629629629629629
4 0.34036458333333336 0.06111111111111111 0.0026041666666666665 0.003703703703703704
4 0.34739583333333335 0.056018518518518516 0.0020833333333333333 0.002777777777777778
4 0.3145833333333333 0.0837962962962963 0.003125 0.004629629629629629
