0 0.10989583333333333 0.47962962962962963 0.04479166666666667 0.040740740740740744
0 0.11770833333333333 0.4449074074074074 0.029166666666666667 0.049074074074074076
0 0.19270833333333334 0.39166666666666666 0.019791666666666666 0.04814814814814815
0 0.14375 0.3902777777777778 0.023958333333333335 0.04351851851851852
0 0.203125 0.2953703703703704 0.011458333333333333 0.025925925925925925
0 0.26614583333333336 0.2833333333333333 0.011458333333333333 0.022222222222222223
0 0.21432291666666667 0.2462962962962963 0.009895833333333333 0.014814814814814815
0 0.20260416666666667 0.23703703703703705 0.009375 0.016666666666666666
0 0.21979166666666666 0.22407407407407406 0.007291666666666667 0.014814814814814815
0 0.2908854166666667 0.19583333333333333 0.0109375 0.010185185185185186
0 0.2713541666666667 0.19537037037037036 0.010416666666666666 0.009259259259259259
0 0.2638020833333333 0.19212962962962962 0.008854166666666666 0.008333333333333333
0 0.25104166666666666 0.2023148148148148 0.00625 0.010185185185185186
0 0.2453125 0.19166666666666668 0.010416666666666666 0.009259259259259259
0 0.22864583333333333 0.19907407407407407 0.00625 0.011111111111111112
0 0.21666666666666667 0.16805555555555557 0.005208333333333333 0.008333333333333333
0 0.21770833333333334 0.16157407407407406 0.005208333333333333 0.006481481481481481
0 0.22447916666666667 0.16157407407407406 0.004166666666666667 0.004629629629629629
0 0.22526041666666666 0.18287037037037038 0.0046875 0.008333333333333333
0 0.22734375 0.17916666666666667 0.005729166666666666 0.008333333333333333
0 0.22786458333333334 0.1726851851851852 0.0036458333333333334 0.004629629629629629
0 0.22864583333333333 0.16898148148148148 0.004166666666666667 0.004629629629629629
0 0.2296875 0.16296296296296298 0.003125 0.005555555555555556
0 0.22734375 0.1597222222222222 0.0036458333333333334 0.004629629629629629
0 0.22708333333333333 0.15601851851851853 0.003125 0.004629629629629629
0 0.22994791666666667 0.15 0.0026041666666666665 0.005555555555555556
0 0.26145833333333335 0.17731481481481481 0.008333333333333333 0.006481481481481481
0 0.25703125 0.17407407407407408 0.0026041666666666665 0.005555555555555556
0 0.24557291666666667 0.16342592592592592 0.0026041666666666665 0.004629629629629629
0 0.24270833333333333 0.15694444444444444 0.0020833333333333333 0.002777777777777778
0 0.24661458333333333 0.15833333333333333 0.0026041666666666665 0.003703703703703704
0 0.24557291666666667 0.15601851851851853 0.0026041666666666665 0.004629629629629629
0 0.24609375 0.15416666666666667 0.0026041666666666665 0.002777777777777778
