0 0.43984375 0.5046296296296297 0.005729166666666666 0.011111111111111112
0 0.48046875 0.5162037037037037 0.009895833333333333 0.013888888888888888
0 0.48489583333333336 0.5277777777777778 0.010416666666666666 0.016666666666666666
0 0.5377604166666666 0.5550925925925926 0.015104166666666667 0.021296296296296296
0 0.478125 0.562962962962963 0.013541666666666667 0.018518518518518517
0 0.5848958333333333 0.6944444444444444 0.03229166666666667 0.03888888888888889
0 0.8145833333333333 0.8217592592592593 0.08333333333333333 0.06574074074074074
0 0.771875 0.7402777777777778 0.042708333333333334 0.08611111111111111
0 0.7138020833333333 0.7384259259259259 0.0765625 0.06388888888888888
0 0.71484375 0.9393518518518519 0.0703125 0.09351851851851851
0 0.27760416666666665 0.9013888888888889 0.06041666666666667 0.09351851851851851
0 0.30026041666666664 0.8074074074074075 0.034895833333333334 0.07777777777777778
0 0.3580729166666667 0.6754629629629629 0.019270833333333334 0.041666666666666664
0 0.4203125 0.6175925925925926 0.01875 0.03148148148148148
0 0.4510416666666667 0.5939814814814814 0.017708333333333333 0.026851851851851852
0 0.44609375 0.537962962962963 0.009895833333333333 0.016666666666666666
0 0.45260416666666664 0.5310185185185186 0.011458333333333333 0.017592592592592594
0 0.25338541666666664 0.7981481481481482 0.0453125 0.08703703703703704
0 0.3059895833333333 0.7069444444444445 0.0390625 0.06018518518518518
0 0.39375 0.5125 0.014583333333333334 0.019444444444444445
