0 0.21197916666666666 0.3824074074074074 0.013541666666666667 0.03518518518518519
0 0.19635416666666666 0.35 0.016666666666666666 0.03518518518518519
0 0.22916666666666666 0.3300925925925926 0.011458333333333333 0.026851851851851852
0 0.17552083333333332 0.3143518518518518 0.011458333333333333 0.026851851851851852
0 0.203125 0.2462962962962963 0.008333333333333333 0.018518518518518517
0 0.19973958333333333 0.21435185185185185 0.0078125 0.013888888888888888
0 0.20416666666666666 0.1935185185185185 0.00625 0.012962962962962963
0 0.2171875 0.1648148148148148 0.005208333333333333 0.009259259259259259
0 0.21223958333333334 0.1527777777777778 0.005729166666666666 0.007407407407407408
0 0.19713541666666667 0.17592592592592593 0.0067708333333333336 0.012962962962962963
0 0.18828125 0.18101851851851852 0.005729166666666666 0.010185185185185186
0 0.2591145833333333 0.2361111111111111 0.0078125 0.016666666666666666
0 0.15130208333333334 0.4125 0.018229166666666668 0.04537037037037037
0 0.12447916666666667 0.4236111111111111 0.025 0.04537037037037037
0 0.10182291666666667 0.4263888888888889 0.0234375 0.049074074074074076
0 0.05234375 0.45555555555555555 0.03802083333333333 0.03333333333333333
0 0.12838541666666667 0.37222222222222223 0.013020833333333334 0.02962962962962963
0 0.13255208333333332 0.3333333333333333 0.016145833333333335 0.02962962962962963
0 0.4083333333333333 0.4537037037037037 0.030208333333333334 0.053703703703703705
0 0.43723958333333335 0.45694444444444443 0.030729166666666665 0.058333333333333334
0 0.4466145833333333 0.4212962962962963 0.03697916666666667 0.03148148148148148
0 0.3684895833333333 0.38287037037037036 0.030729166666666665 0.030555555555555555
0 0.3645833333333333 0.3013888888888889 0.023958333333333335 0.017592592592592594
0 0.37526041666666665 0.28564814814814815 0.0234375 0.017592592592592594
0 0.3640625 0.2625 0.01875 0.01574074074074074
0 0.44088541666666664 0.29398148148148145 0.0171875 0.021296296296296296
0 0.42552083333333335 0.2824074074074074 0.019791666666666666 0.016666666666666666
0 0.40911458333333334 0.25324074074074077 0.0203125 0.013888888888888888
0 0.38229166666666664 0.2222222222222222 0.016666666666666666 0.011111111111111112
0 0.35598958333333336 0.18888888888888888 0.0078125 0.014814814814814815
0 0.3653645833333333 0.18796296296296297 0.0078125 0.014814814814814815
0 0.24973958333333332 0.4287037037037037 0.015104166666666667 0.040740740740740744
0 0.08932291666666667 0.27685185185185185 0.019270833333333334 0.016666666666666666
0 0.12890625 0.22870370370370371 0.016145833333333335 0.012962962962962963
0 0.16276041666666666 0.2152777777777778 0.0078125 0.013888888888888888
0 0.17447916666666666 0.18287037037037038 0.0125 0.008333333333333333
0 0.17838541666666666 0.1726851851851852 0.013020833333333334 0.008333333333333333
0 0.18359375 0.16018518518518518 0.005729166666666666 0.009259259259259259
0 0.18619791666666666 0.1550925925925926 0.009895833333333333 0.006481481481481481
0 0.18723958333333332 0.15046296296296297 0.009895833333333333 0.006481481481481481
0 0.19973958333333333 0.1476851851851852 0.0046875 0.008333333333333333
0 0.22057291666666667 0.11203703703703703 0.0046875 0.005555555555555556
0 0.22760416666666666 0.10740740740740741 0.004166666666666667 0.005555555555555556
0 0.23802083333333332 0.10740740740740741 0.003125 0.005555555555555556
0 0.2203125 0.10185185185185185 0.004166666666666667 0.005555555555555556
0 0.22057291666666667 0.09583333333333334 0.0036458333333333334 0.002777777777777778
0 0.23515625 0.08564814814814815 0.0026041666666666665 0.004629629629629629
0 0.2518229166666667 0.1787037037037037 0.005729166666666666 0.011111111111111112
0 0.2799479166666667 0.16157407407407406 0.009895833333333333 0.010185185185185186
0 0.2669270833333333 0.15601851851851853 0.009895833333333333 0.010185185185185186
0 0.26927083333333335 0.1476851851851852 0.008333333333333333 0.008333333333333333
0 0.2513020833333333 0.15416666666666667 0.0046875 0.008333333333333333
0 0.24817708333333333 0.13287037037037036 0.0036458333333333334 0.006481481481481481
0 0.215625 0.10231481481481482 0.003125 0.004629629629629629
0 0.21484375 0.10555555555555556 0.0036458333333333334 0.003703703703703704
0 0.21223958333333334 0.11435185185185186 0.0036458333333333334 0.006481481481481481
0 0.24869791666666666 0.4828703703703704 0.016145833333333335 0.03425925925925926
0 0.23046875 0.08101851851851852 0.0015625 0.002777777777777778
0 0.19088541666666667 0.1412037037037037 0.0109375 0.008333333333333333
