0 0.40963541666666664 0.6625 0.044270833333333336 0.09166666666666666
0 0.08854166666666667 0.44074074074074077 0.07291666666666667 0.07222222222222222
0 0.01953125 0.41064814814814815 0.0390625 0.062037037037037036
0 0.421875 0.36527777777777776 0.05 0.07314814814814814
0 0.41354166666666664 0.26851851851851855 0.028125 0.06851851851851852
0 0.42682291666666666 0.17685185185185184 0.024479166666666666 0.06111111111111111
0 0.47239583333333335 0.20185185185185187 0.028125 0.06111111111111111
0 0.5135416666666667 0.18611111111111112 0.026041666666666668 0.05555555555555555
0 0.44088541666666664 0.09907407407407408 0.022395833333333334 0.053703703703703705
0 0.52109375 0.08842592592592592 0.022395833333333334 0.04722222222222222
0 0.5278645833333333 0.05 0.019270833333333334 0.03888888888888889
0 0.48046875 0.06620370370370371 0.021354166666666667 0.04537037037037037
0 0.45416666666666666 0.027777777777777776 0.019791666666666666 0.044444444444444446
0 0.4375 0.014351851851851852 0.022916666666666665 0.028703703703703703
