4 0.4046875 0.9041666666666667 0.04583333333333333 0.10833333333333334
4 0.4192708333333333 0.7925925925925926 0.042708333333333334 0.09444444444444444
4 0.43307291666666664 0.7 0.034895833333333334 0.07592592592592592
4 0.4861979166666667 0.6805555555555556 0.03177083333333333 0.07037037037037037
4 0.440625 0.6208333333333333 0.029166666666666667 0.058333333333333334
4 0.53125 0.6060185185185185 0.028125 0.05277777777777778
4 0.44375 0.5745370370370371 0.023958333333333335 0.04351851851851852
4 0.446875 0.5319444444444444 0.022916666666666665 0.03796296296296296
4 0.44869791666666664 0.49722222222222223 0.021354166666666667 0.037037037037037035
4 0.45859375 0.4398148148148148 0.0171875 0.027777777777777776
4 0.45859375 0.4652777777777778 0.0203125 0.03425925925925926
4 0.49166666666666664 0.41805555555555557 0.016666666666666666 0.030555555555555555
4 0.46197916666666666 0.41944444444444445 0.017708333333333333 0.03148148148148148
4 0.46197916666666666 0.4009259259259259 0.014583333333333334 0.022222222222222223
4 0.46380208333333334 0.38333333333333336 0.015104166666666667 0.025925925925925925
4 0.46380208333333334 0.3662037037037037 0.013020833333333334 0.019444444444444445
4 0.4661458333333333 0.35462962962962963 0.0125 0.020370370370370372
4 0.471875 0.3435185185185185 0.0125 0.018518518518518517
4 0.4700520833333333 0.33055555555555555 0.013020833333333334 0.020370370370370372
4 0.4713541666666667 0.3194444444444444 0.011458333333333333 0.016666666666666666
4 0.47109375 0.30833333333333335 0.009895833333333333 0.014814814814814815
4 0.49322916666666666 0.28703703703703703 0.010416666666666666 0.016666666666666666
4 0.49140625 0.25462962962962965 0.008854166666666666 0.012962962962962963
4 0.5067708333333333 0.2574074074074074 0.008333333333333333 0.012962962962962963
4 0.5114583333333333 0.23981481481481481 0.015625 0.012962962962962963
4 0.4940104166666667 0.23472222222222222 0.011979166666666667 0.012037037037037037
4 0.40703125 0.2777777777777778 0.0109375 0.018518518518518517
4 0.43203125 0.2708333333333333 0.009895833333333333 0.017592592592592594
4 0.43072916666666666 0.25555555555555554 0.010416666666666666 0.012962962962962963
4 0.03046875 0.25925925925925924 0.021354166666666667 0.014814814814814815
4 0.07239583333333334 0.2490740740740741 0.022916666666666665 0.014814814814814815
4 0.0953125 0.2449074074074074 0.019791666666666666 0.012037037037037037
4 0.05703125 0.22916666666666666 0.018229166666666668 0.013888888888888888
4 0.09791666666666667 0.24212962962962964 0.019791666666666666 0.013888888888888888
4 0.10703125 0.2388888888888889 0.0171875 0.012962962962962963
4 0.11432291666666666 0.23703703703703705 0.015104166666666667 0.012962962962962963
4 0.12421875 0.23564814814814813 0.016145833333333335 0.012037037037037037
4 0.018489583333333334 0.24814814814814815 0.019270833333333334 0.012962962962962963
4 0.027083333333333334 0.24722222222222223 0.01875 0.012962962962962963
