4 0.4828125 0.6199074074074075 0.06458333333333334 0.17685185185185184
4 0.328125 0.5643518518518519 0.04791666666666667 0.175
4 0.3963541666666667 0.30694444444444446 0.0375 0.09166666666666666
4 0.528125 0.04212962962962963 0.028125 0.03981481481481482
4 0.43020833333333336 0.06296296296296296 0.030208333333333334 0.040740740740740744
4 0.13229166666666667 0.023148148148148147 0.052083333333333336 0.03148148148148148
4 0.07109375 0.07685185185185185 0.04635416666666667 0.046296296296296294
4 0.16015625 0.0912037037037037 0.030729166666666665 0.06018518518518518
4 0.025 0.2884259259259259 0.04583333333333333 0.05462962962962963
4 0.033854166666666664 0.45925925925925926 0.0625 0.1425925925925926
4 0.07265625 0.3416666666666667 0.058854166666666666 0.11481481481481481
