4 0.6307291666666667 0.5884259259259259 0.04583333333333333 0.05092592592592592
4 0.17317708333333334 0.37592592592592594 0.025520833333333333 0.018518518518518517
4 0.20833333333333334 0.4134259259259259 0.030208333333333334 0.026851851851851852
4 0.7872395833333333 0.4361111111111111 0.030729166666666665 0.03518518518518519
4 0.5388020833333333 0.38425925925925924 0.013020833333333334 0.025925925925925925
4 0.6635416666666667 0.4361111111111111 0.036458333333333336 0.022222222222222223
4 0.6768229166666667 0.42824074074074076 0.034895833333333334 0.028703703703703703
4 0.6966145833333334 0.4203703703703704 0.0359375 0.02962962962962963
4 0.38385416666666666 0.4287037037037037 0.040625 0.03148148148148148
4 0.403125 0.4060185185185185 0.03958333333333333 0.030555555555555555
4 0.4596354166666667 0.44351851851851853 0.0390625 0.025925925925925925
4 0.5041666666666667 0.4398148148148148 0.03958333333333333 0.02962962962962963
