4 0.6752604166666667 0.3384259259259259 0.03802083333333333 0.030555555555555555
4 0.6479166666666667 0.39444444444444443 0.022916666666666665 0.05
4 0.6567708333333333 0.48194444444444445 0.04895833333333333 0.04722222222222222
4 0.59609375 0.38564814814814813 0.021354166666666667 0.05092592592592592
4 0.5341145833333333 0.36574074074074076 0.025520833333333333 0.044444444444444446
4 0.5244791666666667 0.33935185185185185 0.035416666666666666 0.032407407407407406
4 0.48880208333333336 0.2712962962962963 0.0265625 0.03888888888888889
4 0.47291666666666665 0.24212962962962964 0.017708333333333333 0.03611111111111111
4 0.4713541666666667 0.18425925925925926 0.020833333333333332 0.02962962962962963
4 0.45651041666666664 0.16898148148148148 0.0140625 0.028703703703703703
4 0.44166666666666665 0.09074074074074075 0.0125 0.022222222222222223
4 0.43645833333333334 0.06574074074074074 0.0125 0.024074074074074074
4 0.4296875 0.04212962962962963 0.009375 0.01574074074074074
4 0.43333333333333335 0.02824074074074074 0.020833333333333332 0.01574074074074074
4 0.38671875 0.5203703703703704 0.0265625 0.06296296296296296
4 0.35520833333333335 0.4023148148148148 0.017708333333333333 0.05648148148148148
4 0.29192708333333334 0.6504629629629629 0.044270833333333336 0.06388888888888888
4 0.34921875 0.32314814814814813 0.016145833333333335 0.05
4 0.32369791666666664 0.2671296296296296 0.016145833333333335 0.04351851851851852
4 0.32369791666666664 0.18287037037037038 0.011979166666666667 0.03611111111111111
4 0.3216145833333333 0.09907407407407408 0.0109375 0.027777777777777776
4 0.32760416666666664 0.055092592592592596 0.010416666666666666 0.023148148148148147
4 0.2838541666666667 0.26805555555555555 0.030208333333333334 0.03611111111111111
4 0.2734375 0.006944444444444444 0.0125 0.013888888888888888
4 0.278125 0.03425925925925926 0.009375 0.020370370370370372
4 0.26588541666666665 0.055092592592592596 0.0234375 0.019444444444444445
4 0.27057291666666666 0.10555555555555556 0.011979166666666667 0.025925925925925925
4 0.26666666666666666 0.13240740740740742 0.0125 0.02962962962962963
4 0.26119791666666664 0.1685185185185185 0.0140625 0.03148148148148148
4 0.25729166666666664 0.20972222222222223 0.013541666666666667 0.03796296296296296
4 0.022916666666666665 0.5768518518518518 0.04583333333333333 0.044444444444444446
4 0.061197916666666664 0.5435185185185185 0.050520833333333334 0.040740740740740744
4 0.12890625 0.48194444444444445 0.0390625 0.04722222222222222
4 0.24895833333333334 0.30462962962962964 0.019791666666666666 0.04814814814814815
