0 0.165625 0.20925925925925926 0.014583333333333334 0.009259259259259259
0 0.1859375 0.20833333333333334 0.014583333333333334 0.011111111111111112
0 0.21953125 0.2074074074074074 0.016145833333333335 0.011111111111111112
0 0.24453125 0.20694444444444443 0.011979166666666667 0.010185185185185186
0 0.2625 0.20555555555555555 0.013541666666666667 0.011111111111111112
0 0.2794270833333333 0.20555555555555555 0.016145833333333335 0.009259259259259259
0 0.29765625 0.2037037037037037 0.016145833333333335 0.009259259259259259
0 0.3328125 0.2023148148148148 0.015625 0.010185185185185186
0 0.3515625 0.2013888888888889 0.016666666666666666 0.010185185185185186
0 0.37083333333333335 0.20046296296296295 0.015625 0.010185185185185186
0 0.3893229166666667 0.1986111111111111 0.0171875 0.010185185185185186
0 0.40729166666666666 0.19814814814814816 0.0125 0.009259259259259259
0 0.41041666666666665 0.18935185185185185 0.014583333333333334 0.010185185185185186
0 0.42578125 0.19768518518518519 0.016145833333333335 0.008333333333333333
0 0.44505208333333335 0.19490740740740742 0.015104166666666667 0.010185185185185186
0 0.44505208333333335 0.18703703703703703 0.015104166666666667 0.009259259259259259
0 0.465625 0.19305555555555556 0.016666666666666666 0.010185185185185186
0 0.471875 0.1925925925925926 0.014583333333333334 0.009259259259259259
0 0.48489583333333336 0.19212962962962962 0.015625 0.010185185185185186
0 0.5096354166666667 0.19074074074074074 0.016145833333333335 0.009259259259259259
0 0.5072916666666667 0.1814814814814815 0.016666666666666666 0.012962962962962963
0 0.5307291666666667 0.1884259259259259 0.015625 0.010185185185185186
0 0.5690104166666666 0.1837962962962963 0.016145833333333335 0.010185185185185186
0 0.5942708333333333 0.18194444444444444 0.014583333333333334 0.010185185185185186
0 0.671875 0.175 0.015625 0.011111111111111112
0 0.71796875 0.16944444444444445 0.015104166666666667 0.011111111111111112
0 0.0140625 0.788425925925926 0.028125 0.06759259259259259
0 0.03619791666666667 0.7356481481481482 0.07239583333333334 0.06944444444444445
0 0.10520833333333333 0.7842592592592592 0.071875 0.08148148148148149
0 0.12473958333333333 0.5990740740740741 0.06510416666666667 0.05
0 0.19479166666666667 0.649537037037037 0.07395833333333333 0.07314814814814814
0 0.27317708333333335 0.6504629629629629 0.06510416666666667 0.06944444444444445
0 0.41692708333333334 0.5532407407407407 0.0484375 0.04537037037037037
0 0.46067708333333335 0.5907407407407408 0.0578125 0.053703703703703705
0 0.5190104166666667 0.6027777777777777 0.050520833333333334 0.05185185185185185
0 0.5880208333333333 0.7199074074074074 0.0625 0.06574074074074074
0 0.6572916666666667 0.7550925925925925 0.07395833333333333 0.08055555555555556
0 0.5471354166666667 0.48935185185185187 0.04114583333333333 0.041666666666666664
0 0.6026041666666667 0.5101851851851852 0.05 0.053703703703703705
0 0.6244791666666667 0.47824074074074074 0.04375 0.03981481481481482
0 0.78125 0.7643518518518518 0.06145833333333333 0.0712962962962963
0 0.6447916666666667 0.5259259259259259 0.04895833333333333 0.053703703703703705
0 0.6958333333333333 0.4685185185185185 0.040625 0.04259259259259259
0 0.9067708333333333 0.7222222222222222 0.05416666666666667 0.06851851851851852
0 0.8875 0.4912037037037037 0.0375 0.041666666666666664
0 0.96484375 0.4444444444444444 0.03802083333333333 0.03518518518518519
0 0.753125 0.4685185185185185 0.03958333333333333 0.03888888888888889
0 0.7432291666666667 0.39351851851851855 0.034375 0.02962962962962963
0 0.6640625 0.4324074074074074 0.041666666666666664 0.037037037037037035
0 0.7958333333333333 0.44074074074074077 0.03854166666666667 0.03888888888888889
0 0.80546875 0.4101851851851852 0.034895833333333334 0.03333333333333333
0 0.8302083333333333 0.41898148148148145 0.0375 0.041666666666666664
0 0.98046875 0.4810185185185185 0.0390625 0.041666666666666664
0 0.98515625 0.7421296296296296 0.0296875 0.06944444444444445
0 0.82578125 0.37037037037037035 0.033854166666666664 0.03518518518518519
0 0.8052083333333333 0.362962962962963 0.030208333333333334 0.03148148148148148
0 0.8700520833333333 0.3523148148148148 0.0265625 0.028703703703703703
0 0.9049479166666666 0.3194444444444444 0.0234375 0.025925925925925925
0 0.9809895833333333 0.2652777777777778 0.0203125 0.019444444444444445
0 0.8572916666666667 0.337037037037037 0.028125 0.025925925925925925
0 0.8473958333333333 0.32083333333333336 0.026041666666666668 0.025
0 0.8796875 0.32175925925925924 0.027083333333333334 0.023148148148148147
0 0.9213541666666667 0.34814814814814815 0.029166666666666667 0.02962962962962963
0 0.9317708333333333 0.3199074074074074 0.028125 0.030555555555555555
0 0.9234375 0.29398148148148145 0.022916666666666665 0.023148148148148147
0 0.9731770833333333 0.3013888888888889 0.022395833333333334 0.023148148148148147
0 0.97421875 0.28888888888888886 0.022395833333333334 0.024074074074074074
0 0.9869791666666666 0.30833333333333335 0.025 0.02962962962962963
