4 0.21875 0.6069444444444444 0.04479166666666667 0.05277777777777778
4 0.09947916666666666 0.08888888888888889 0.028125 0.07962962962962963
4 0.1484375 0.3685185185185185 0.020833333333333332 0.07407407407407407
4 0.024479166666666666 0.6560185185185186 0.04583333333333333 0.05462962962962963
4 0.3015625 0.41203703703703703 0.04583333333333333 0.05925925925925926
4 0.11901041666666666 0.017592592592592594 0.024479166666666666 0.03518518518518519
4 0.35859375 0.5050925925925925 0.044270833333333336 0.05462962962962963
4 0.4309895833333333 0.44583333333333336 0.0453125 0.05277777777777778
4 0.415625 0.6222222222222222 0.036458333333333336 0.04814814814814815
4 0.58359375 0.1962962962962963 0.044270833333333336 0.05
4 0.48932291666666666 0.39444444444444443 0.044270833333333336 0.053703703703703705
4 0.53671875 0.5222222222222223 0.04114583333333333 0.07037037037037037
4 0.584375 0.42083333333333334 0.04479166666666667 0.04351851851851852
4 0.61328125 0.3597222222222222 0.043229166666666666 0.04351851851851852
4 0.6770833333333334 0.11851851851851852 0.04583333333333333 0.05185185185185185
4 0.5981770833333333 0.08009259259259259 0.044270833333333336 0.06944444444444445
