0 0.10625 0.3111111111111111 0.027083333333333334 0.020370370370370372
0 0.17630208333333333 0.3101851851851852 0.0265625 0.020370370370370372
0 0.5763020833333333 0.2916666666666667 0.0265625 0.020370370370370372
0 0.35598958333333336 0.6583333333333333 0.009895833333333333 0.04259259259259259
0 0.2981770833333333 0.3458333333333333 0.025520833333333333 0.041666666666666664
0 0.5182291666666666 0.324537037037037 0.027083333333333334 0.021296296296296296
0 0.42552083333333335 0.1037037037037037 0.014583333333333334 0.046296296296296294
0 0.33098958333333334 0.17314814814814813 0.008854166666666666 0.04259259259259259
0 0.23541666666666666 0.30416666666666664 0.026041666666666668 0.025
0 0.16796875 0.38425925925925924 0.0265625 0.020370370370370372
0 0.11536458333333334 0.10416666666666667 0.0265625 0.023148148148148147
0 0.0078125 0.5634259259259259 0.015625 0.04351851851851852
0 0.1 0.5597222222222222 0.028125 0.019444444444444445
