0 0.19635416666666666 0.6935185185185185 0.11354166666666667 0.02962962962962963
0 0.36223958333333334 0.6939814814814815 0.12239583333333333 0.028703703703703703
0 0.5921875 0.6939814814814815 0.13333333333333333 0.028703703703703703
0 0.1015625 0.5587962962962963 0.058333333333333334 0.16574074074074074
0 0.37526041666666665 0.5055555555555555 0.0578125 0.1814814814814815
0 0.45026041666666666 0.5097222222222222 0.0578125 0.15648148148148147
0 0.51953125 0.5263888888888889 0.06302083333333333 0.1527777777777778
0 0.5901041666666667 0.5083333333333333 0.07604166666666666 0.1537037037037037
0 0.65234375 0.5143518518518518 0.08385416666666666 0.15092592592592594
0 0.018489583333333334 0.23935185185185184 0.03697916666666667 0.062037037037037036
0 0.071875 0.25555555555555554 0.05 0.06481481481481481
0 0.12369791666666667 0.26805555555555555 0.0453125 0.0824074074074074
0 0.16953125 0.26296296296296295 0.04114583333333333 0.07037037037037037
0 0.23098958333333333 0.2564814814814815 0.033854166666666664 0.07037037037037037
0 0.2794270833333333 0.25972222222222224 0.0328125 0.06388888888888888
0 0.32369791666666664 0.25972222222222224 0.0328125 0.06388888888888888
0 0.35859375 0.25925925925925924 0.0328125 0.06481481481481481
0 0.3919270833333333 0.25324074074074077 0.0328125 0.06388888888888888
0 0.4309895833333333 0.25972222222222224 0.0296875 0.058333333333333334
0 0.475 0.25787037037037036 0.0375 0.062037037037037036
0 0.5177083333333333 0.2523148148148148 0.04895833333333333 0.062037037037037036
