4 0.303125 0.6402777777777777 0.051041666666666666 0.1361111111111111
4 0.25494791666666666 0.5106481481481482 0.04739583333333333 0.08981481481481482
4 0.12942708333333333 0.4675925925925926 0.0609375 0.09259259259259259
4 0.084375 0.6537037037037037 0.08645833333333333 0.10925925925925926
4 0.37135416666666665 0.20416666666666666 0.017708333333333333 0.03611111111111111
4 0.33098958333333334 0.1884259259259259 0.019270833333333334 0.028703703703703703
4 0.35911458333333335 0.15231481481481482 0.015104166666666667 0.025
4 0.34479166666666666 0.125 0.014583333333333334 0.018518518518518517
4 0.38203125 0.12685185185185185 0.0140625 0.022222222222222223
4 0.4049479166666667 0.12222222222222222 0.011979166666666667 0.020370370370370372
4 0.36640625 0.09166666666666666 0.009895833333333333 0.016666666666666666
4 0.3497395833333333 0.10231481481481482 0.009895833333333333 0.017592592592592594
4 0.3578125 0.07083333333333333 0.007291666666666667 0.01574074074074074
4 0.4236979166666667 0.21805555555555556 0.018229166666666668 0.03425925925925926
4 0.42942708333333335 0.2490740740740741 0.021354166666666667 0.03888888888888889
4 0.38125 0.05555555555555555 0.00625 0.011111111111111112
4 0.3703125 0.05277777777777778 0.00625 0.011111111111111112
4 0.3575520833333333 0.059722222222222225 0.005729166666666666 0.010185185185185186
4 0.35911458333333335 0.05138888888888889 0.0067708333333333336 0.012037037037037037
4 0.359375 0.04259259259259259 0.00625 0.009259259259259259
4 0.3294270833333333 0.08425925925925926 0.0109375 0.018518518518518517
4 0.33359375 0.041666666666666664 0.0067708333333333336 0.011111111111111112
4 0.33098958333333334 0.05324074074074074 0.0067708333333333336 0.012037037037037037
4 0.32708333333333334 0.06620370370370371 0.008333333333333333 0.012037037037037037
4 0.32317708333333334 0.07175925925925926 0.0078125 0.017592592592592594
4 0.3177083333333333 0.07777777777777778 0.009375 0.016666666666666666
4 0.31276041666666665 0.08842592592592592 0.009895833333333333 0.01574074074074074
4 0.3078125 0.09861111111111111 0.011458333333333333 0.017592592592592594
4 0.29661458333333335 0.11712962962962963 0.015104166666666667 0.025
4 0.2903645833333333 0.16064814814814815 0.018229166666666668 0.028703703703703703
4 0.2643229166666667 0.1824074074074074 0.019270833333333334 0.03333333333333333
4 0.25807291666666665 0.25092592592592594 0.0265625 0.044444444444444446
4 0.23229166666666667 0.23981481481481481 0.030208333333333334 0.04259259259259259
4 0.2791666666666667 0.14305555555555555 0.01875 0.030555555555555555
4 0.278125 0.11851851851851852 0.014583333333333334 0.020370370370370372
4 0.26145833333333335 0.1125 0.013541666666666667 0.021296296296296296
4 0.2677083333333333 0.10046296296296296 0.015625 0.017592592592592594
4 0.28854166666666664 0.09722222222222222 0.0125 0.020370370370370372
4 0.29635416666666664 0.08842592592592592 0.010416666666666666 0.021296296296296296
4 0.3020833333333333 0.08009259259259259 0.010416666666666666 0.019444444444444445
4 0.30364583333333334 0.07453703703703704 0.009375 0.017592592592592594
4 0.3111979166666667 0.06759259259259259 0.0078125 0.016666666666666666
4 0.31171875 0.06018518518518518 0.0078125 0.014814814814814815
4 0.31953125 0.05185185185185185 0.005729166666666666 0.012962962962962963
4 0.321875 0.04675925925925926 0.005208333333333333 0.012037037037037037
4 0.32421875 0.03888888888888889 0.005729166666666666 0.011111111111111112
4 0.19765625 0.1912037037037037 0.024479166666666666 0.03611111111111111
4 0.17395833333333333 0.22083333333333333 0.027083333333333334 0.03796296296296296
4 0.15651041666666668 0.24814814814814815 0.03697916666666667 0.037037037037037035
4 0.18177083333333333 0.2689814814814815 0.03333333333333333 0.03981481481481482
4 0.34765625 0.2791666666666667 0.025520833333333333 0.049074074074074076
4 0.3145833333333333 0.2791666666666667 0.023958333333333335 0.05462962962962963
4 0.03984375 0.3958333333333333 0.0765625 0.07314814814814814
4 0.027604166666666666 0.6277777777777778 0.05520833333333333 0.15
4 0.5236979166666667 0.19444444444444445 0.025520833333333333 0.040740740740740744
