4 0.284375 0.10648148148148148 0.003125 0.003703703703703704
4 0.29010416666666666 0.1125 0.004166666666666667 0.004629629629629629
4 0.2950520833333333 0.1162037037037037 0.0036458333333333334 0.004629629629629629
4 0.2986979166666667 0.11944444444444445 0.0036458333333333334 0.005555555555555556
4 0.29583333333333334 0.125 0.004166666666666667 0.005555555555555556
4 0.29140625 0.7759259259259259 0.04739583333333333 0.10740740740740741
4 0.31145833333333334 0.5717592592592593 0.03229166666666667 0.06574074074074074
4 0.5427083333333333 0.5962962962962963 0.028125 0.05740740740740741
4 0.47604166666666664 0.2986111111111111 0.014583333333333334 0.021296296296296296
4 0.48932291666666666 0.29212962962962963 0.015104166666666667 0.019444444444444445
4 0.4791666666666667 0.27870370370370373 0.014583333333333334 0.016666666666666666
4 0.46015625 0.25925925925925924 0.015104166666666667 0.016666666666666666
4 0.43776041666666665 0.24444444444444444 0.013020833333333334 0.014814814814814815
4 0.4234375 0.3111111111111111 0.013541666666666667 0.022222222222222223
4 0.40677083333333336 0.24444444444444444 0.011458333333333333 0.016666666666666666
4 0.38255208333333335 0.2824074074074074 0.0140625 0.020370370370370372
4 0.41953125 0.2175925925925926 0.008854166666666666 0.012962962962962963
4 0.41796875 0.21342592592592594 0.009895833333333333 0.012037037037037037
4 0.5111979166666667 0.20925925925925926 0.011979166666666667 0.011111111111111112
4 0.32786458333333335 0.23564814814814813 0.0109375 0.017592592592592594
4 0.32708333333333334 0.20879629629629629 0.009375 0.013888888888888888
4 0.3494791666666667 0.20092592592592592 0.008333333333333333 0.011111111111111112
4 0.34661458333333334 0.19305555555555556 0.009895833333333333 0.010185185185185186
4 0.36953125 0.1865740740740741 0.0078125 0.012037037037037037
4 0.3515625 0.1824074074074074 0.008333333333333333 0.011111111111111112
4 0.39739583333333334 0.19583333333333333 0.008333333333333333 0.012037037037037037
4 0.3921875 0.19166666666666668 0.008333333333333333 0.011111111111111112
4 0.43697916666666664 0.23564814814814813 0.011458333333333333 0.013888888888888888
4 0.3338541666666667 0.16157407407407406 0.00625 0.010185185185185186
4 0.34296875 0.1597222222222222 0.0067708333333333336 0.008333333333333333
4 0.33880208333333334 0.15555555555555556 0.005729166666666666 0.007407407407407408
4 0.3299479166666667 0.15555555555555556 0.0067708333333333336 0.009259259259259259
4 0.334375 0.1527777777777778 0.005208333333333333 0.007407407407407408
4 0.33098958333333334 0.14953703703703702 0.0046875 0.006481481481481481
4 0.32135416666666666 0.15555555555555556 0.007291666666666667 0.009259259259259259
4 0.315625 0.1587962962962963 0.00625 0.008333333333333333
4 0.30833333333333335 0.15787037037037038 0.011458333333333333 0.008333333333333333
4 0.3020833333333333 0.15694444444444444 0.011458333333333333 0.006481481481481481
4 0.29921875 0.15138888888888888 0.0078125 0.006481481481481481
4 0.29375 0.15 0.00625 0.007407407407407408
4 0.29973958333333334 0.14166666666666666 0.0046875 0.007407407407407408
4 0.28958333333333336 0.1412037037037037 0.00625 0.008333333333333333
4 0.29635416666666664 0.13564814814814816 0.010416666666666666 0.006481481481481481
4 0.3109375 0.14583333333333334 0.005208333333333333 0.006481481481481481
4 0.31015625 0.1439814814814815 0.0067708333333333336 0.006481481481481481
4 0.30703125 0.1412037037037037 0.0046875 0.006481481481481481
4 0.14947916666666666 0.2412037037037037 0.021875 0.013888888888888888
4 0.16927083333333334 0.2337962962962963 0.011458333333333333 0.01574074074074074
4 0.19921875 0.2689814814814815 0.0234375 0.01574074074074074
4 0.20078125 0.2611111111111111 0.0265625 0.012962962962962963
4 0.19505208333333332 0.24953703703703703 0.024479166666666666 0.012037037037037037
4 0.19765625 0.2449074074074074 0.019270833333333334 0.012037037037037037
4 0.21822916666666667 0.21435185185185185 0.019791666666666666 0.012037037037037037
4 0.21744791666666666 0.20972222222222223 0.018229166666666668 0.010185185185185186
4 0.221875 0.1962962962962963 0.019791666666666666 0.009259259259259259
4 0.09140625 0.32916666666666666 0.04010416666666667 0.03425925925925926
4 0.0640625 0.34629629629629627 0.036458333333333336 0.024074074074074074
4 0.02265625 0.37824074074074077 0.04114583333333333 0.028703703703703703
