4 0.2872395833333333 0.7074074074074074 0.03697916666666667 0.07037037037037037
4 0.24166666666666667 0.6902777777777778 0.046875 0.07314814814814814
4 0.35130208333333335 0.6449074074074074 0.0328125 0.0712962962962963
4 0.3026041666666667 0.6212962962962963 0.034375 0.06481481481481481
4 0.32578125 0.5476851851851852 0.025520833333333333 0.05092592592592592
4 0.321875 0.4166666666666667 0.013541666666666667 0.037037037037037035
4 0.3026041666666667 0.39490740740740743 0.016666666666666666 0.032407407407407406
4 0.37447916666666664 0.4777777777777778 0.021875 0.04259259259259259
4 0.4075520833333333 0.47175925925925927 0.021354166666666667 0.041666666666666664
4 0.5385416666666667 0.6976851851851852 0.040625 0.06759259259259259
4 0.47421875 0.6296296296296297 0.03177083333333333 0.06296296296296296
4 0.5072916666666667 0.5703703703703704 0.029166666666666667 0.05185185185185185
4 0.46458333333333335 0.5287037037037037 0.027083333333333334 0.044444444444444446
4 0.5557291666666667 0.5916666666666667 0.035416666666666666 0.06111111111111111
4 0.5372395833333333 0.5152777777777777 0.030729166666666665 0.04351851851851852
4 0.51953125 0.4564814814814815 0.022395833333333334 0.03333333333333333
4 0.47291666666666665 0.4361111111111111 0.021875 0.037037037037037035
4 0.5177083333333333 0.40879629629629627 0.019791666666666666 0.026851851851851852
4 0.4875 0.4064814814814815 0.017708333333333333 0.02962962962962963
4 0.4395833333333333 0.4023148148148148 0.01875 0.028703703703703703
4 0.4622395833333333 0.3837962962962963 0.019270833333333334 0.025
4 0.3768229166666667 0.4305555555555556 0.021354166666666667 0.03333333333333333
4 0.37109375 0.39444444444444443 0.0171875 0.02962962962962963
4 0.3731770833333333 0.37407407407407406 0.018229166666666668 0.03148148148148148
4 0.36822916666666666 0.34444444444444444 0.014583333333333334 0.024074074074074074
4 0.30911458333333336 0.3425925925925926 0.0140625 0.022222222222222223
4 0.4328125 0.3763888888888889 0.017708333333333333 0.023148148148148147
4 0.44947916666666665 0.35509259259259257 0.017708333333333333 0.023148148148148147
4 0.42578125 0.3527777777777778 0.0171875 0.020370370370370372
4 0.45703125 0.33240740740740743 0.016145833333333335 0.024074074074074074
4 0.41302083333333334 0.3333333333333333 0.013541666666666667 0.018518518518518517
4 0.3614583333333333 0.32037037037037036 0.013541666666666667 0.020370370370370372
4 0.6052083333333333 0.39351851851851855 0.01875 0.027777777777777776
4 0.4505208333333333 0.3189814814814815 0.0125 0.019444444444444445
4 0.42421875 0.31805555555555554 0.0109375 0.01574074074074074
4 0.40651041666666665 0.31712962962962965 0.013020833333333334 0.019444444444444445
4 0.39947916666666666 0.30416666666666664 0.0125 0.017592592592592594
4 0.3932291666666667 0.2953703703703704 0.011458333333333333 0.018518518518518517
4 0.41744791666666664 0.30648148148148147 0.013020833333333334 0.018518518518518517
4 0.4119791666666667 0.2972222222222222 0.0125 0.016666666666666666
4 0.42864583333333334 0.29583333333333334 0.0125 0.013888888888888888
4 0.4388020833333333 0.2875 0.013020833333333334 0.01574074074074074
4 0.40598958333333335 0.28935185185185186 0.0109375 0.012037037037037037
4 0.5635416666666667 0.35138888888888886 0.021875 0.025
4 0.5557291666666667 0.33796296296296297 0.01875 0.024074074074074074
4 0.4231770833333333 0.28935185185185186 0.011979166666666667 0.013888888888888888
4 0.43072916666666666 0.2796296296296296 0.011458333333333333 0.014814814814814815
4 0.38697916666666665 0.28703703703703703 0.011458333333333333 0.014814814814814815
4 0.3848958333333333 0.2791666666666667 0.011458333333333333 0.013888888888888888
4 0.40234375 0.2814814814814815 0.011979166666666667 0.014814814814814815
4 0.41640625 0.2814814814814815 0.0109375 0.012962962962962963
4 0.4231770833333333 0.2712962962962963 0.009895833333333333 0.012962962962962963
4 0.41171875 0.2740740740740741 0.0109375 0.012962962962962963
4 0.39453125 0.2740740740740741 0.009895833333333333 0.014814814814814815
4 0.37890625 0.27314814814814814 0.008854166666666666 0.012962962962962963
4 0.403125 0.2652777777777778 0.010416666666666666 0.013888888888888888
4 0.37447916666666664 0.2671296296296296 0.010416666666666666 0.013888888888888888
4 0.15911458333333334 0.34629629629629627 0.0390625 0.022222222222222223
4 0.18385416666666668 0.29259259259259257 0.015625 0.025925925925925925
4 0.2109375 0.3199074074074074 0.011458333333333333 0.019444444444444445
4 0.22421875 0.2337962962962963 0.0171875 0.01574074074074074
