4 0.23151041666666666 0.6319444444444444 0.0546875 0.13796296296296295
4 0.3580729166666667 0.5078703703703704 0.05260416666666667 0.08425925925925926
4 0.5559895833333334 0.4356481481481482 0.05260416666666667 0.058333333333333334
4 0.13828125 0.2777777777777778 0.0359375 0.02962962962962963
4 0.07395833333333333 0.23564814814814813 0.030208333333333334 0.025
4 0.16822916666666668 0.24027777777777778 0.035416666666666666 0.026851851851851852
4 0.20625 0.22870370370370371 0.017708333333333333 0.022222222222222223
4 0.38229166666666664 0.26481481481481484 0.016666666666666666 0.027777777777777776
4 0.5088541666666667 0.37916666666666665 0.042708333333333334 0.049074074074074076
4 0.47604166666666664 0.32175925925925924 0.025 0.032407407407407406
4 0.459375 0.29212962962962963 0.020833333333333332 0.028703703703703703
4 0.44765625 0.27037037037037037 0.022395833333333334 0.03148148148148148
4 0.31145833333333334 0.21481481481481482 0.013541666666666667 0.022222222222222223
4 0.3059895833333333 0.1875 0.011979166666666667 0.017592592592592594
4 0.3658854166666667 0.20555555555555555 0.013020833333333334 0.018518518518518517
4 0.3625 0.1865740740740741 0.011458333333333333 0.019444444444444445
4 0.33541666666666664 0.1685185185185185 0.009375 0.014814814814814815
4 0.296875 0.14722222222222223 0.008333333333333333 0.011111111111111112
4 0.30052083333333335 0.13287037037037036 0.00625 0.012037037037037037
4 0.3072916666666667 0.11990740740740741 0.009375 0.010185185185185186
4 0.3104166666666667 0.1111111111111111 0.00625 0.009259259259259259
4 0.3614583333333333 0.16712962962962963 0.008333333333333333 0.01574074074074074
4 0.3567708333333333 0.14444444444444443 0.007291666666666667 0.011111111111111112
4 0.35208333333333336 0.12268518518518519 0.005208333333333333 0.008333333333333333
4 0.3296875 0.11296296296296296 0.009375 0.009259259259259259
4 0.34375 0.11203703703703703 0.005208333333333333 0.009259259259259259
4 0.346875 0.1037037037037037 0.004166666666666667 0.007407407407407408
4 0.33619791666666665 0.10601851851851851 0.0046875 0.006481481481481481
4 0.3372395833333333 0.10277777777777777 0.0046875 0.007407407407407408
4 0.33645833333333336 0.09861111111111111 0.004166666666666667 0.006481481481481481
4 0.32578125 0.08935185185185185 0.0078125 0.006481481481481481
4 0.33619791666666665 0.09166666666666666 0.0036458333333333334 0.005555555555555556
4 0.34322916666666664 0.08842592592592592 0.004166666666666667 0.006481481481481481
4 0.3380208333333333 0.08425925925925926 0.003125 0.005555555555555556
4 0.26171875 0.13472222222222222 0.011979166666666667 0.012037037037037037
4 0.27317708333333335 0.13333333333333333 0.0078125 0.011111111111111112
4 0.26927083333333335 0.1425925925925926 0.008333333333333333 0.011111111111111112
4 0.26223958333333336 0.1486111111111111 0.008854166666666666 0.012037037037037037
4 0.240625 0.1439814814814815 0.0125 0.012037037037037037
4 0.23645833333333333 0.16203703703703703 0.01875 0.012962962962962963
4 0.23255208333333333 0.19212962962962962 0.013020833333333334 0.01574074074074074
4 0.22994791666666667 0.18564814814814815 0.025520833333333333 0.01574074074074074
4 0.23984375 0.17731481481481481 0.011979166666666667 0.012037037037037037
4 0.4140625 0.20046296296296295 0.011458333333333333 0.019444444444444445
4 0.40520833333333334 0.16898148148148148 0.016666666666666666 0.013888888888888888
4 0.39609375 0.16111111111111112 0.0078125 0.011111111111111112
4 0.38177083333333334 0.13703703703703704 0.008333333333333333 0.011111111111111112
4 0.3768229166666667 0.12685185185185185 0.008854166666666666 0.009259259259259259
