4 0.04921875 0.6972222222222222 0.06822916666666666 0.022222222222222223
4 0.1296875 0.6203703703703703 0.04375 0.08888888888888889
4 0.10989583333333333 0.5143518518518518 0.058333333333333334 0.04351851851851852
4 0.10833333333333334 0.4703703703703704 0.057291666666666664 0.037037037037037035
4 0.1296875 0.44583333333333336 0.04583333333333333 0.030555555555555555
4 0.1515625 0.40694444444444444 0.040625 0.023148148148148147
4 0.16458333333333333 0.39675925925925926 0.042708333333333334 0.026851851851851852
4 0.17994791666666668 0.37175925925925923 0.03697916666666667 0.023148148148148147
4 0.30026041666666664 0.375 0.0171875 0.02962962962962963
4 0.24244791666666668 0.28379629629629627 0.013020833333333334 0.019444444444444445
4 0.20625 0.2722222222222222 0.016666666666666666 0.016666666666666666
4 0.22213541666666667 0.26851851851851855 0.0265625 0.020370370370370372
4 0.20390625 0.2412037037037037 0.011979166666666667 0.01574074074074074
4 0.20364583333333333 0.2324074074074074 0.0125 0.012962962962962963
4 0.22994791666666667 0.21805555555555556 0.016145833333333335 0.012037037037037037
4 0.24661458333333333 0.2518518518518518 0.018229166666666668 0.014814814814814815
4 0.23463541666666668 0.24537037037037038 0.015104166666666667 0.012962962962962963
4 0.23619791666666667 0.23472222222222222 0.0140625 0.013888888888888888
4 0.24609375 0.23148148148148148 0.015104166666666667 0.011111111111111112
4 0.24947916666666667 0.22777777777777777 0.016666666666666666 0.012962962962962963
4 0.24088541666666666 0.22268518518518518 0.016145833333333335 0.012037037037037037
4 0.25052083333333336 0.2199074074074074 0.015625 0.010185185185185186
4 0.2359375 0.20925925925925926 0.014583333333333334 0.011111111111111112
4 0.24375 0.20787037037037037 0.0125 0.010185185185185186
4 0.27838541666666666 0.2569444444444444 0.011979166666666667 0.017592592592592594
4 0.28229166666666666 0.24675925925925926 0.010416666666666666 0.013888888888888888
4 0.28619791666666666 0.23842592592592593 0.008854166666666666 0.012037037037037037
4 0.3 0.21388888888888888 0.008333333333333333 0.012962962962962963
4 0.29583333333333334 0.20879629629629629 0.005208333333333333 0.012037037037037037
4 0.27369791666666665 0.2152777777777778 0.0171875 0.013888888888888888
4 0.2755208333333333 0.21203703703703702 0.014583333333333334 0.012962962962962963
4 0.5028645833333333 0.5643518518518519 0.0328125 0.05462962962962963
4 0.46145833333333336 0.48564814814814816 0.020833333333333332 0.03981481481481482
4 0.446875 0.3939814814814815 0.01875 0.026851851851851852
4 0.4859375 0.3907407407407407 0.03125 0.027777777777777776
4 0.6703125 0.6365740740740741 0.07604166666666666 0.05648148148148148
4 0.6390625 0.5995370370370371 0.07395833333333333 0.049074074074074076
4 0.4973958333333333 0.3060185185185185 0.015625 0.019444444444444445
4 0.4708333333333333 0.29212962962962963 0.013541666666666667 0.019444444444444445
4 0.35572916666666665 0.30787037037037035 0.011458333333333333 0.017592592592592594
4 0.37838541666666664 0.23842592592592593 0.008854166666666666 0.013888888888888888
4 0.3494791666666667 0.23333333333333334 0.00625 0.011111111111111112
4 0.3494791666666667 0.22824074074074074 0.007291666666666667 0.012037037037037037
4 0.37109375 0.2175925925925926 0.0078125 0.011111111111111112
4 0.3614583333333333 0.22314814814814815 0.007291666666666667 0.012962962962962963
4 0.35963541666666665 0.21944444444444444 0.0078125 0.011111111111111112
4 0.36041666666666666 0.2152777777777778 0.00625 0.010185185185185186
4 0.34765625 0.21898148148148147 0.0078125 0.012037037037037037
4 0.34661458333333334 0.2125 0.0067708333333333336 0.008333333333333333
4 0.3497395833333333 0.20555555555555555 0.013020833333333334 0.012962962962962963
4 0.4158854166666667 0.24259259259259258 0.0171875 0.012962962962962963
4 0.4513020833333333 0.20972222222222223 0.008854166666666666 0.012037037037037037
4 0.44140625 0.2101851851851852 0.008854166666666666 0.012962962962962963
4 0.42526041666666664 0.21157407407407408 0.008854166666666666 0.012037037037037037
4 0.33645833333333336 0.18703703703703703 0.005208333333333333 0.009259259259259259
4 0.3653645833333333 0.18472222222222223 0.005729166666666666 0.008333333333333333
4 0.25546875 0.19305555555555556 0.011979166666666667 0.008333333333333333
4 0.27291666666666664 0.1875 0.00625 0.010185185185185186
4 0.2869791666666667 0.1865740740740741 0.00625 0.010185185185185186
4 0.3268229166666667 0.1875 0.005729166666666666 0.010185185185185186
4 0.31744791666666666 0.1884259259259259 0.005729166666666666 0.010185185185185186
