0 0.16796875 0.31666666666666665 0.027604166666666666 0.053703703703703705
0 0.12265625 0.28564814814814815 0.0296875 0.041666666666666664
0 0.18489583333333334 0.2449074074074074 0.029166666666666667 0.03981481481481482
0 0.27630208333333334 0.2337962962962963 0.0234375 0.03796296296296296
0 0.32109375 0.10555555555555556 0.018229166666666668 0.025925925925925925
0 0.3046875 0.07731481481481481 0.015625 0.023148148148148147
0 0.33255208333333336 0.044444444444444446 0.015104166666666667 0.025925925925925925
0 0.3450520833333333 0.03009259259259259 0.011979166666666667 0.025
0 0.35833333333333334 0.038425925925925926 0.017708333333333333 0.026851851851851852
0 0.39427083333333335 0.0125 0.016666666666666666 0.017592592592592594
0 0.21145833333333333 0.4847222222222222 0.034375 0.030555555555555555
