0 0.15911458333333334 0.3226851851851852 0.028645833333333332 0.032407407407407406
0 0.07734375 0.462037037037037 0.027604166666666666 0.07592592592592592
0 0.13541666666666666 0.4638888888888889 0.040625 0.07222222222222222
0 0.08125 0.2763888888888889 0.014583333333333334 0.030555555555555555
0 0.11901041666666666 0.2523148148148148 0.013020833333333334 0.023148148148148147
0 0.05182291666666667 0.22824074074074074 0.013020833333333334 0.025
0 0.17916666666666667 0.2712962962962963 0.015625 0.025925925925925925
0 0.18333333333333332 0.30324074074074076 0.017708333333333333 0.030555555555555555
0 0.16901041666666666 0.24027777777777778 0.013020833333333334 0.019444444444444445
0 0.11796875 0.1824074074074074 0.008854166666666666 0.014814814814814815
0 0.12786458333333334 0.1726851851851852 0.008854166666666666 0.013888888888888888
0 0.11354166666666667 0.16666666666666666 0.009375 0.012962962962962963
0 0.06875 0.1814814814814815 0.009375 0.014814814814814815
0 0.09479166666666666 0.14444444444444443 0.007291666666666667 0.011111111111111112
0 0.09453125 0.12083333333333333 0.005729166666666666 0.008333333333333333
0 0.08541666666666667 0.12314814814814815 0.00625 0.007407407407407408
0 0.078125 0.12777777777777777 0.00625 0.007407407407407408
0 0.13463541666666667 0.13518518518518519 0.0067708333333333336 0.007407407407407408
0 0.13020833333333334 0.1259259259259259 0.00625 0.009259259259259259
0 0.05572916666666667 0.2125 0.011458333333333333 0.01574074074074074
0 0.059375 0.19212962962962962 0.009375 0.013888888888888888
0 0.06770833333333333 0.1712962962962963 0.010416666666666666 0.011111111111111112
0 0.06901041666666667 0.16203703703703703 0.0109375 0.012962962962962963
0 0.07447916666666667 0.14537037037037037 0.008333333333333333 0.011111111111111112
0 0.07395833333333333 0.14027777777777778 0.005208333333333333 0.010185185185185186
0 0.07682291666666667 0.12453703703703704 0.005729166666666666 0.010185185185185186
0 0.078125 0.12129629629629629 0.005208333333333333 0.009259259259259259
0 0.0796875 0.1125 0.005208333333333333 0.006481481481481481
0 0.09713541666666667 0.11527777777777778 0.0046875 0.006481481481481481
0 0.09817708333333333 0.10925925925925926 0.0046875 0.007407407407407408
0 0.09739583333333333 0.1050925925925926 0.004166666666666667 0.006481481481481481
0 0.11536458333333334 0.10648148148148148 0.005729166666666666 0.007407407407407408
0 0.12317708333333334 0.10462962962962963 0.0046875 0.005555555555555556
0 0.1375 0.14305555555555555 0.00625 0.008333333333333333
0 0.13984375 0.1486111111111111 0.0078125 0.010185185185185186
0 0.14348958333333334 0.1574074074074074 0.0067708333333333336 0.011111111111111112
0 0.15182291666666667 0.1935185185185185 0.009895833333333333 0.014814814814814815
0 0.30104166666666665 0.34120370370370373 0.035416666666666666 0.026851851851851852
0 0.0067708333333333336 0.3013888888888889 0.013541666666666667 0.01574074074074074
0 0.005729166666666666 0.2777777777777778 0.011458333333333333 0.016666666666666666
0 0.14114583333333333 0.11527777777777778 0.0125 0.010185185185185186
0 0.13723958333333333 0.10138888888888889 0.009895833333333333 0.008333333333333333
