0 0.28411458333333334 0.20694444444444443 0.008854166666666666 0.013888888888888888
0 0.30078125 0.13842592592592592 0.005729166666666666 0.008333333333333333
0 0.3106770833333333 0.13842592592592592 0.0067708333333333336 0.008333333333333333
0 0.29244791666666664 0.1337962962962963 0.005729166666666666 0.008333333333333333
0 0.30390625 0.13148148148148148 0.005729166666666666 0.007407407407407408
0 0.22838541666666667 0.18194444444444444 0.008854166666666666 0.012037037037037037
0 0.23880208333333333 0.12962962962962962 0.0078125 0.007407407407407408
0 0.30416666666666664 0.09259259259259259 0.004166666666666667 0.005555555555555556
0 0.31354166666666666 0.08842592592592592 0.004166666666666667 0.004629629629629629
0 0.3419270833333333 0.06574074074074074 0.0036458333333333334 0.003703703703703704
0 0.35260416666666666 0.09305555555555556 0.004166666666666667 0.004629629629629629
0 0.35390625 0.05555555555555555 0.0026041666666666665 0.003703703703703704
