0 0.18828125 0.20972222222222223 0.021354166666666667 0.01574074074074074
0 0.21015625 0.20879629629629629 0.021354166666666667 0.01574074074074074
0 0.2375 0.2064814814814815 0.019791666666666666 0.014814814814814815
0 0.10651041666666666 0.2162037037037037 0.022395833333333334 0.01574074074074074
0 0.12291666666666666 0.2912037037037037 0.029166666666666667 0.021296296296296296
0 0.13489583333333333 0.21342592592592594 0.021875 0.01574074074074074
0 0.20442708333333334 0.26481481481481484 0.025520833333333333 0.018518518518518517
0 0.28828125 0.20324074074074075 0.019270833333333334 0.013888888888888888
0 0.2890625 0.19490740740740742 0.017708333333333333 0.012037037037037037
0 0.32734375 0.1986111111111111 0.019270833333333334 0.01574074074074074
0 0.35260416666666666 0.19814814814814816 0.019791666666666666 0.012962962962962963
0 0.3768229166666667 0.1962962962962963 0.019270833333333334 0.012962962962962963
0 0.3997395833333333 0.19537037037037036 0.019270833333333334 0.012962962962962963
0 0.4518229166666667 0.19305555555555556 0.018229166666666668 0.012037037037037037
0 0.48046875 0.2523148148148148 0.0265625 0.019444444444444445
0 0.49505208333333334 0.1912037037037037 0.009895833333333333 0.012037037037037037
