4 0.3450520833333333 0.6685185185185185 0.06197916666666667 0.06481481481481481
4 0.47994791666666664 0.6898148148148148 0.06510416666666667 0.037037037037037035
4 0.5213541666666667 0.6361111111111111 0.06041666666666667 0.05555555555555555
4 0.42734375 0.5472222222222223 0.0546875 0.05
4 0.5276041666666667 0.5199074074074074 0.05625 0.05092592592592592
4 0.5127604166666667 0.4722222222222222 0.050520833333333334 0.05
4 0.3854166666666667 0.5041666666666667 0.05416666666666667 0.05277777777777778
4 0.41770833333333335 0.46435185185185185 0.04895833333333333 0.03796296296296296
4 0.48359375 0.42962962962962964 0.050520833333333334 0.037037037037037035
4 0.4817708333333333 0.3958333333333333 0.04375 0.03425925925925926
4 0.5591145833333333 0.4263888888888889 0.04739583333333333 0.03981481481481482
4 0.6510416666666666 0.5287037037037037 0.04895833333333333 0.044444444444444446
4 0.6252604166666667 0.4925925925925926 0.050520833333333334 0.046296296296296294
4 0.6171875 0.44907407407407407 0.04895833333333333 0.040740740740740744
4 0.6377604166666667 0.4060185185185185 0.044270833333333336 0.03796296296296296
4 0.6921875 0.5143518518518518 0.03229166666666667 0.04537037037037037
4 0.6989583333333333 0.42824074074074076 0.01875 0.03796296296296296
4 0.3984375 0.36157407407407405 0.019791666666666666 0.04351851851851852
4 0.39114583333333336 0.2916666666666667 0.014583333333333334 0.03148148148148148
4 0.3497395833333333 0.3 0.0171875 0.046296296296296294
4 0.30104166666666665 0.324537037037037 0.019791666666666666 0.04351851851851852
4 0.30625 0.2740740740740741 0.017708333333333333 0.040740740740740744
4 0.3307291666666667 0.20879629629629629 0.013541666666666667 0.032407407407407406
4 0.34661458333333334 0.2013888888888889 0.013020833333333334 0.028703703703703703
4 0.346875 0.13472222222222222 0.011458333333333333 0.025
4 0.33125 0.11527777777777778 0.011458333333333333 0.023148148148148147
4 0.37473958333333335 0.08703703703703704 0.011979166666666667 0.018518518518518517
4 0.33229166666666665 0.08148148148148149 0.010416666666666666 0.020370370370370372
4 0.35208333333333336 0.1 0.008333333333333333 0.020370370370370372
4 0.3815104166666667 0.0375 0.015104166666666667 0.03981481481481482
4 0.38515625 0.005092592592592593 0.0078125 0.010185185185185186
4 0.36432291666666666 0.012962962962962963 0.008854166666666666 0.016666666666666666
4 0.3533854166666667 0.005555555555555556 0.0078125 0.011111111111111112
4 0.009895833333333333 0.07546296296296297 0.019791666666666666 0.021296296296296296
4 0.023697916666666666 0.05740740740740741 0.024479166666666666 0.016666666666666666
4 0.04114583333333333 0.04537037037037037 0.0125 0.016666666666666666
4 0.0515625 0.049074074074074076 0.014583333333333334 0.018518518518518517
4 0.08359375 0.05138888888888889 0.0140625 0.017592592592592594
4 0.09921875 0.050462962962962966 0.011979166666666667 0.017592592592592594
4 0.08515625 0.0763888888888889 0.019270833333333334 0.021296296296296296
4 0.12135416666666667 0.0787037037037037 0.014583333333333334 0.018518518518518517
4 0.14166666666666666 0.07453703703703704 0.014583333333333334 0.021296296296296296
4 0.15963541666666667 0.07407407407407407 0.013020833333333334 0.020370370370370372
4 0.10208333333333333 0.02638888888888889 0.022916666666666665 0.017592592592592594
4 0.18697916666666667 0.07685185185185185 0.014583333333333334 0.020370370370370372
4 0.21145833333333333 0.033796296296296297 0.009375 0.01574074074074074
4 0.6385416666666667 0.20185185185185187 0.030208333333333334 0.024074074074074074
4 0.6984375 0.1685185185185185 0.019791666666666666 0.022222222222222223
4 0.690625 0.1587962962962963 0.021875 0.019444444444444445
4 0.68359375 0.15185185185185185 0.024479166666666666 0.022222222222222223
4 0.6760416666666667 0.14027777777777778 0.026041666666666668 0.019444444444444445
4 0.69921875 0.1375 0.018229166666666668 0.017592592592592594
4 0.640625 0.17175925925925925 0.028125 0.028703703703703703
4 0.6270833333333333 0.16064814814814815 0.028125 0.025
4 0.6192708333333333 0.15138888888888888 0.030208333333333334 0.026851851851851852
4 0.49713541666666666 0.05 0.011979166666666667 0.016666666666666666
4 0.48723958333333334 0.030555555555555555 0.0109375 0.018518518518518517
4 0.4817708333333333 0.01574074074074074 0.009375 0.014814814814814815
4 0.5322916666666667 0.050462962962962966 0.010416666666666666 0.013888888888888888
4 0.5408854166666667 0.049074074074074076 0.011979166666666667 0.014814814814814815
4 0.5502604166666667 0.047685185185185185 0.011979166666666667 0.013888888888888888
4 0.5604166666666667 0.04861111111111111 0.013541666666666667 0.013888888888888888
4 0.5708333333333333 0.047685185185185185 0.013541666666666667 0.01574074074074074
4 0.6020833333333333 0.03935185185185185 0.01875 0.013888888888888888
4 0.6044270833333333 0.034722222222222224 0.018229166666666668 0.013888888888888888
4 0.49375 0.02175925925925926 0.010416666666666666 0.013888888888888888
4 0.5046875 0.009259259259259259 0.016666666666666666 0.011111111111111112
4 0.5395833333333333 0.026851851851851852 0.011458333333333333 0.016666666666666666
4 0.5479166666666667 0.026851851851851852 0.0125 0.014814814814814815
4 0.5559895833333334 0.025 0.013020833333333334 0.016666666666666666
4 0.56953125 0.025925925925925925 0.011979166666666667 0.012962962962962963
4 0.5791666666666667 0.025925925925925925 0.0125 0.012962962962962963
4 0.5924479166666666 0.024074074074074074 0.0140625 0.018518518518518517
4 0.5395833333333333 0.01712962962962963 0.010416666666666666 0.012037037037037037
4 0.5473958333333333 0.017592592592592594 0.009375 0.012962962962962963
4 0.5567708333333333 0.016666666666666666 0.010416666666666666 0.012962962962962963
4 0.5658854166666667 0.018055555555555554 0.008854166666666666 0.012037037037037037
4 0.57421875 0.01574074074074074 0.0109375 0.011111111111111112
4 0.5828125 0.01574074074074074 0.010416666666666666 0.011111111111111112
4 0.5677083333333334 0.006944444444444444 0.013541666666666667 0.010185185185185186
