0 0.8911458333333333 0.9703703703703703 0.09791666666666667 0.05925925925925926
0 0.6395833333333333 0.8333333333333334 0.07604166666666666 0.10740740740740741
0 0.7041666666666667 0.8212962962962963 0.08854166666666667 0.11666666666666667
0 0.7395833333333334 0.7583333333333333 0.071875 0.08333333333333333
0 0.45208333333333334 0.6759259259259259 0.04895833333333333 0.07037037037037037
0 0.571875 0.6990740740740741 0.059375 0.07592592592592592
0 0.6223958333333334 0.6916666666666667 0.06666666666666667 0.08703703703703704
0 0.6427083333333333 0.6305555555555555 0.05520833333333333 0.06481481481481481
0 0.5171875 0.5888888888888889 0.04583333333333333 0.05925925925925926
0 0.5765625 0.6055555555555555 0.04583333333333333 0.05555555555555555
0 0.46432291666666664 0.5546296296296296 0.0359375 0.05
0 0.39817708333333335 0.5175925925925926 0.0328125 0.046296296296296294
0 0.47421875 0.5 0.04010416666666667 0.04814814814814815
0 0.56328125 0.5138888888888888 0.04114583333333333 0.044444444444444446
0 0.5028645833333333 0.4842592592592593 0.0328125 0.040740740740740744
0 0.5 0.42685185185185187 0.029166666666666667 0.03518518518518519
0 0.43776041666666665 0.43472222222222223 0.028645833333333332 0.032407407407407406
0 0.4544270833333333 0.40324074074074073 0.027604166666666666 0.030555555555555555
0 0.4192708333333333 0.3958333333333333 0.026041666666666668 0.028703703703703703
0 0.39140625 0.4013888888888889 0.0265625 0.03425925925925926
0 0.43072916666666666 0.36157407407407405 0.022916666666666665 0.030555555555555555
0 0.4375 0.3074074074074074 0.01875 0.027777777777777776
0 0.37890625 0.30416666666666664 0.016145833333333335 0.023148148148148147
0 0.39817708333333335 0.2967592592592593 0.016145833333333335 0.019444444444444445
0 0.41432291666666665 0.28564814814814815 0.016145833333333335 0.019444444444444445
0 0.39947916666666666 0.25462962962962965 0.013541666666666667 0.020370370370370372
0 0.428125 0.25046296296296294 0.014583333333333334 0.017592592592592594
0 0.38046875 0.26064814814814813 0.013020833333333334 0.019444444444444445
0 0.35859375 0.26064814814814813 0.011979166666666667 0.017592592592592594
0 0.34453125 0.22916666666666666 0.009895833333333333 0.01574074074074074
0 0.3658854166666667 0.3375 0.018229166666666668 0.025
0 0.33984375 0.3375 0.018229166666666668 0.025
0 0.35859375 0.3125 0.016145833333333335 0.021296296296296296
0 0.32838541666666665 0.3138888888888889 0.016145833333333335 0.022222222222222223
0 0.35078125 0.29444444444444445 0.0171875 0.024074074074074074
0 0.325 0.2953703703703704 0.016666666666666666 0.020370370370370372
0 0.3229166666666667 0.2847222222222222 0.014583333333333334 0.017592592592592594
0 0.3184895833333333 0.2722222222222222 0.0140625 0.018518518518518517
0 0.31614583333333335 0.25972222222222224 0.0125 0.017592592592592594
0 0.31328125 0.24953703703703703 0.011979166666666667 0.013888888888888888
0 0.3106770833333333 0.24166666666666667 0.0109375 0.016666666666666666
0 0.30911458333333336 0.23055555555555557 0.0109375 0.016666666666666666
0 0.3067708333333333 0.22361111111111112 0.008333333333333333 0.01574074074074074
0 0.3416666666666667 0.2796296296296296 0.014583333333333334 0.020370370370370372
0 0.33828125 0.26851851851851855 0.013020833333333334 0.016666666666666666
0 0.3359375 0.2574074074074074 0.013541666666666667 0.016666666666666666
0 0.33359375 0.24722222222222223 0.011979166666666667 0.014814814814814815
0 0.3307291666666667 0.23796296296296296 0.0125 0.014814814814814815
0 0.33880208333333334 0.21296296296296297 0.009895833333333333 0.014814814814814815
0 0.33671875 0.19953703703703704 0.009895833333333333 0.012037037037037037
0 0.3260416666666667 0.18796296296296297 0.009375 0.011111111111111112
0 0.32317708333333334 0.17731481481481481 0.0078125 0.010185185185185186
0 0.33645833333333336 0.17407407407407408 0.007291666666666667 0.009259259259259259
0 0.35052083333333334 0.17731481481481481 0.008333333333333333 0.010185185185185186
0 0.34296875 0.1675925925925926 0.005729166666666666 0.009259259259259259
0 0.33125 0.1597222222222222 0.00625 0.010185185185185186
0 0.3299479166666667 0.1537037037037037 0.005729166666666666 0.009259259259259259
0 0.34036458333333336 0.15416666666666667 0.005729166666666666 0.008333333333333333
0 0.3421875 0.14814814814814814 0.00625 0.007407407407407408
0 0.3346354166666667 0.14305555555555555 0.0046875 0.008333333333333333
0 0.3255208333333333 0.14537037037037037 0.00625 0.007407407407407408
0 0.32734375 0.13796296296296295 0.005729166666666666 0.007407407407407408
0 0.32708333333333334 0.1310185185185185 0.005208333333333333 0.006481481481481481
0 0.33645833333333336 0.13472222222222222 0.005208333333333333 0.008333333333333333
0 0.34375 0.14074074074074075 0.005208333333333333 0.007407407407407408
0 0.34609375 0.1361111111111111 0.005729166666666666 0.007407407407407408
0 0.3580729166666667 0.1361111111111111 0.0046875 0.005555555555555556
0 0.33645833333333336 0.1287037037037037 0.005208333333333333 0.005555555555555556
0 0.3380208333333333 0.12222222222222222 0.005208333333333333 0.005555555555555556
0 0.4166666666666667 0.14027777777777778 0.00625 0.010185185185185186
0 0.440625 0.18981481481481483 0.01875 0.011111111111111112
0 0.42526041666666664 0.18611111111111112 0.016145833333333335 0.011111111111111112
0 0.41744791666666664 0.18055555555555555 0.016145833333333335 0.009259259259259259
0 0.41692708333333334 0.17546296296296296 0.0203125 0.010185185185185186
0 0.41067708333333336 0.16712962962962963 0.018229166666666668 0.008333333333333333
0 0.41015625 0.16342592592592592 0.016145833333333335 0.006481481481481481
0 0.40859375 0.16111111111111112 0.0171875 0.007407407407407408
0 0.40546875 0.15648148148148147 0.016145833333333335 0.009259259259259259
0 0.4046875 0.15046296296296297 0.016666666666666666 0.006481481481481481
0 0.40208333333333335 0.14953703703703702 0.014583333333333334 0.010185185185185186
0 0.3966145833333333 0.14629629629629629 0.0140625 0.007407407407407408
0 0.39739583333333334 0.14351851851851852 0.015625 0.007407407407407408
0 0.49765625 0.18055555555555555 0.0067708333333333336 0.011111111111111112
0 0.49635416666666665 0.1912037037037037 0.008333333333333333 0.012037037037037037
0 0.5088541666666667 0.18009259259259258 0.007291666666666667 0.012037037037037037
0 0.51875 0.19027777777777777 0.007291666666666667 0.010185185185185186
0 0.9346354166666667 0.2439814814814815 0.0234375 0.017592592592592594
0 0.909375 0.23657407407407408 0.019791666666666666 0.019444444444444445
0 0.30859375 0.587037037037037 0.033854166666666664 0.07222222222222222
0 0.26119791666666664 0.55 0.0296875 0.06111111111111111
0 0.28125 0.399537037037037 0.019791666666666666 0.03796296296296296
0 0.23411458333333332 0.4287037037037037 0.0203125 0.04259259259259259
0 0.2640625 0.31805555555555554 0.016666666666666666 0.026851851851851852
0 0.21432291666666667 0.2912037037037037 0.015104166666666667 0.025
0 0.196875 0.2851851851851852 0.014583333333333334 0.012962962962962963
0 0.27057291666666666 0.2916666666666667 0.013020833333333334 0.022222222222222223
0 0.26796875 0.26990740740740743 0.011979166666666667 0.019444444444444445
0 0.265625 0.24444444444444444 0.010416666666666666 0.018518518518518517
0 0.27838541666666666 0.23194444444444445 0.009895833333333333 0.017592592592592594
0 0.25390625 0.22314814814814815 0.009895833333333333 0.016666666666666666
0 0.21614583333333334 0.21666666666666667 0.0125 0.012962962962962963
0 0.23359375 0.21203703703703702 0.008854166666666666 0.014814814814814815
0 0.2591145833333333 0.2037037037037037 0.009895833333333333 0.014814814814814815
0 0.2830729166666667 0.20092592592592592 0.009895833333333333 0.016666666666666666
0 0.2703125 0.1912037037037037 0.011458333333333333 0.012037037037037037
0 0.25026041666666665 0.18703703703703703 0.016145833333333335 0.03333333333333333
0 0.2578125 0.18287037037037038 0.007291666666666667 0.012037037037037037
0 0.28619791666666666 0.1837962962962963 0.008854166666666666 0.012037037037037037
0 0.27395833333333336 0.17916666666666667 0.008333333333333333 0.010185185185185186
0 0.2877604166666667 0.17685185185185184 0.0067708333333333336 0.011111111111111112
0 0.28671875 0.1675925925925926 0.0078125 0.012962962962962963
0 0.27578125 0.1712962962962963 0.0067708333333333336 0.009259259259259259
0 0.2609375 0.17222222222222222 0.009375 0.011111111111111112
0 0.24036458333333333 0.17222222222222222 0.013020833333333334 0.011111111111111112
0 0.22395833333333334 0.1763888888888889 0.017708333333333333 0.010185185185185186
0 0.2669270833333333 0.1648148148148148 0.0067708333333333336 0.011111111111111112
0 0.25104166666666666 0.16712962962962963 0.008333333333333333 0.010185185185185186
0 0.25546875 0.16296296296296298 0.0067708333333333336 0.009259259259259259
0 0.2591145833333333 0.15787037037037038 0.0067708333333333336 0.008333333333333333
0 0.2716145833333333 0.15833333333333333 0.0067708333333333336 0.009259259259259259
0 0.27838541666666666 0.16435185185185186 0.0078125 0.010185185185185186
0 0.27369791666666665 0.1527777777777778 0.005729166666666666 0.007407407407407408
0 0.27734375 0.14907407407407408 0.0067708333333333336 0.009259259259259259
0 0.2828125 0.15555555555555556 0.00625 0.009259259259259259
0 0.290625 0.16111111111111112 0.008333333333333333 0.011111111111111112
0 0.29921875 0.16435185185185186 0.0078125 0.010185185185185186
0 0.30182291666666666 0.16111111111111112 0.0067708333333333336 0.009259259259259259
0 0.29401041666666666 0.15555555555555556 0.0067708333333333336 0.009259259259259259
0 0.28567708333333336 0.15 0.005729166666666666 0.009259259259259259
0 0.2799479166666667 0.14629629629629629 0.005729166666666666 0.007407407407407408
0 0.28203125 0.1425925925925926 0.005729166666666666 0.007407407407407408
0 0.2713541666666667 0.14537037037037037 0.004166666666666667 0.007407407407407408
0 0.28932291666666665 0.14537037037037037 0.005729166666666666 0.007407407407407408
0 0.29583333333333334 0.15 0.00625 0.007407407407407408
0 0.3033854166666667 0.15648148148148147 0.0067708333333333336 0.009259259259259259
0 0.30416666666666664 0.15324074074074073 0.00625 0.008333333333333333
0 0.3065104166666667 0.15 0.0067708333333333336 0.009259259259259259
0 0.30833333333333335 0.14675925925925926 0.00625 0.010185185185185186
0 0.3098958333333333 0.14444444444444443 0.005208333333333333 0.009259259259259259
0 0.2981770833333333 0.1439814814814815 0.0067708333333333336 0.008333333333333333
0 0.2916666666666667 0.1398148148148148 0.005208333333333333 0.007407407407407408
0 0.2947916666666667 0.1361111111111111 0.005208333333333333 0.007407407407407408
0 0.29192708333333334 0.12777777777777777 0.0046875 0.007407407407407408
0 0.3015625 0.14027777777777778 0.005208333333333333 0.008333333333333333
0 0.30755208333333334 0.13657407407407407 0.0067708333333333336 0.006481481481481481
0 0.29661458333333335 0.13055555555555556 0.0046875 0.009259259259259259
0 0.2950520833333333 0.12222222222222222 0.0046875 0.007407407407407408
0 0.29375 0.11851851851851852 0.004166666666666667 0.005555555555555556
0 0.2989583333333333 0.11666666666666667 0.005208333333333333 0.007407407407407408
0 0.29921875 0.12824074074074074 0.0046875 0.008333333333333333
0 0.3026041666666667 0.12268518518518519 0.004166666666666667 0.006481481481481481
0 0.2515625 0.1111111111111111 0.008333333333333333 0.007407407407407408
0 0.20729166666666668 0.14675925925925926 0.014583333333333334 0.008333333333333333
0 0.24713541666666666 0.14212962962962963 0.0067708333333333336 0.008333333333333333
0 0.09557291666666666 0.16342592592592592 0.0140625 0.008333333333333333
0 0.10911458333333333 0.16666666666666666 0.0171875 0.011111111111111112
0 0.13255208333333332 0.1685185185185185 0.019270833333333334 0.011111111111111112
0 0.10755208333333334 0.18194444444444444 0.018229166666666668 0.012037037037037037
0 0.1359375 0.18518518518518517 0.017708333333333333 0.012962962962962963
0 0.13776041666666666 0.1814814814814815 0.016145833333333335 0.011111111111111112
0 0.14973958333333334 0.17037037037037037 0.016145833333333335 0.011111111111111112
0 0.06041666666666667 0.16666666666666666 0.015625 0.009259259259259259
0 0.06145833333333333 0.17777777777777778 0.021875 0.012962962962962963
0 0.40260416666666665 0.1884259259259259 0.013541666666666667 0.012037037037037037
0 0.39791666666666664 0.1814814814814815 0.008333333333333333 0.012962962962962963
