0 0.05260416666666667 0.19768518518518519 0.05520833333333333 0.04537037037037037
0 0.13776041666666666 0.24583333333333332 0.0515625 0.04351851851851852
0 0.19947916666666668 0.2662037037037037 0.053125 0.04722222222222222
0 0.49973958333333335 0.13796296296296295 0.0203125 0.03333333333333333
0 0.5307291666666667 0.14212962962962963 0.01875 0.041666666666666664
0 0.5635416666666667 0.16064814814814815 0.016666666666666666 0.028703703703703703
0 0.603125 0.12037037037037036 0.027083333333333334 0.02962962962962963
0 0.5622395833333333 0.08101851851851852 0.015104166666666667 0.026851851851851852
0 0.5302083333333333 0.053703703703703705 0.011458333333333333 0.024074074074074074
0 0.38125 0.20972222222222223 0.028125 0.05277777777777778
0 0.39427083333333335 0.17916666666666667 0.021875 0.049074074074074076
0 0.15572916666666667 0.4736111111111111 0.08333333333333333 0.06944444444444445
0 0.42421875 0.10416666666666667 0.015104166666666667 0.025
0 0.45 0.05185185185185185 0.011458333333333333 0.020370370370370372
0 0.4390625 0.06805555555555555 0.01875 0.021296296296296296
0 0.4161458333333333 0.12638888888888888 0.015625 0.030555555555555555
0 0.3125 0.22083333333333333 0.022916666666666665 0.04722222222222222
