0 0.40260416666666665 0.3699074074074074 0.06354166666666666 0.05277777777777778
0 0.50234375 0.36157407407407405 0.059895833333333336 0.04722222222222222
0 0.34296875 0.3050925925925926 0.0515625 0.03981481481481482
0 0.5408854166666667 0.12175925925925926 0.0171875 0.025
0 0.50859375 0.14814814814814814 0.018229166666666668 0.03148148148148148
0 0.5716145833333334 0.19444444444444445 0.022395833333333334 0.03148148148148148
0 0.60078125 0.24583333333333332 0.027604166666666666 0.041666666666666664
0 0.5643229166666667 0.10555555555555556 0.015104166666666667 0.024074074074074074
0 0.5044270833333333 0.10046296296296296 0.0140625 0.021296296296296296
0 0.5151041666666667 0.0712962962962963 0.0125 0.016666666666666666
0 0.5278645833333333 0.09166666666666666 0.013020833333333334 0.016666666666666666
0 0.5427083333333333 0.08564814814814815 0.013541666666666667 0.017592592592592594
0 0.49296875 0.049074074074074076 0.009895833333333333 0.014814814814814815
0 0.5247395833333334 0.05324074074074074 0.011979166666666667 0.013888888888888888
0 0.48125 0.018055555555555554 0.008333333333333333 0.013888888888888888
0 0.471875 0.04351851851851852 0.008333333333333333 0.012962962962962963
0 0.4705729166666667 0.03333333333333333 0.0078125 0.012962962962962963
0 0.52890625 0.049074074074074076 0.0078125 0.012962962962962963
0 0.5174479166666667 0.03518518518518519 0.0078125 0.012962962962962963
0 0.46432291666666664 0.008333333333333333 0.0140625 0.016666666666666666
0 0.5669270833333333 0.050462962962962966 0.022395833333333334 0.013888888888888888
