4 0.45598958333333334 0.6078703703703704 0.025520833333333333 0.06574074074074074
4 0.4828125 0.5305555555555556 0.042708333333333334 0.04259259259259259
4 0.625 0.4115740740740741 0.028125 0.04722222222222222
4 0.64609375 0.4097222222222222 0.0203125 0.030555555555555555
4 0.68359375 0.4166666666666667 0.028645833333333332 0.037037037037037035
4 0.7013020833333333 0.4185185185185185 0.0140625 0.03518518518518519
4 0.4625 0.4050925925925926 0.036458333333333336 0.03796296296296296
4 0.42916666666666664 0.3560185185185185 0.016666666666666666 0.03796296296296296
4 0.4200520833333333 0.2222222222222222 0.0171875 0.025925925925925925
4 0.275 0.4777777777777778 0.019791666666666666 0.05925925925925926
4 0.23958333333333334 0.46574074074074073 0.022916666666666665 0.05740740740740741
4 0.17786458333333333 0.4476851851851852 0.019270833333333334 0.04722222222222222
4 0.18984375 0.3912037037037037 0.021354166666666667 0.049074074074074076
4 0.21380208333333334 0.27546296296296297 0.0296875 0.03425925925925926
4 0.3299479166666667 0.37916666666666665 0.0171875 0.03981481481481482
4 0.3328125 0.3 0.015625 0.03518518518518519
4 0.3033854166666667 0.30462962962962964 0.015104166666666667 0.040740740740740744
4 0.2984375 0.23472222222222222 0.0125 0.030555555555555555
4 0.3958333333333333 0.17083333333333334 0.017708333333333333 0.023148148148148147
4 0.32109375 0.1486111111111111 0.011979166666666667 0.026851851851851852
4 0.34296875 0.13842592592592592 0.009895833333333333 0.021296296296296296
4 0.22864583333333333 0.12824074074074074 0.022916666666666665 0.019444444444444445
4 0.22734375 0.1162037037037037 0.024479166666666666 0.017592592592592594
4 0.22916666666666666 0.10787037037037037 0.023958333333333335 0.01574074074074074
4 0.25807291666666665 0.10925925925925926 0.0109375 0.022222222222222223
4 0.23177083333333334 0.09907407407407408 0.01875 0.016666666666666666
4 0.17057291666666666 0.08518518518518518 0.018229166666666668 0.016666666666666666
4 0.17578125 0.07268518518518519 0.0234375 0.013888888888888888
4 0.18098958333333334 0.06527777777777778 0.022395833333333334 0.013888888888888888
4 0.18463541666666666 0.05787037037037037 0.0203125 0.012037037037037037
4 0.18515625 0.05 0.021354166666666667 0.012962962962962963
4 0.25234375 0.03333333333333333 0.0171875 0.016666666666666666
4 0.2716145833333333 0.06111111111111111 0.009895833333333333 0.016666666666666666
4 0.275 0.04537037037037037 0.009375 0.020370370370370372
4 0.284375 0.009722222222222222 0.008333333333333333 0.01574074074074074
4 0.33177083333333335 0.02824074074074074 0.008333333333333333 0.01574074074074074
4 0.25625 0.026851851851851852 0.016666666666666666 0.016666666666666666
4 0.33567708333333335 0.005555555555555556 0.008854166666666666 0.011111111111111112
4 0.40390625 0.0712962962962963 0.008854166666666666 0.020370370370370372
4 0.4005208333333333 0.04259259259259259 0.008333333333333333 0.016666666666666666
4 0.42604166666666665 0.08842592592592592 0.015625 0.013888888888888888
4 0.19140625 0.03333333333333333 0.0203125 0.014814814814814815
4 0.19609375 0.02824074074074074 0.019270833333333334 0.013888888888888888
4 0.1953125 0.020833333333333332 0.020833333333333332 0.012037037037037037
4 0.19791666666666666 0.014351851851851852 0.01875 0.013888888888888888
4 0.19973958333333333 0.008796296296296297 0.0140625 0.012037037037037037
