0 0.528125 0.4060185185185185 0.020833333333333332 0.03425925925925926
0 0.8158854166666667 0.42685185185185187 0.04635416666666667 0.040740740740740744
0 0.8395833333333333 0.4050925925925926 0.04791666666666667 0.032407407407407406
0 0.8263020833333333 0.3962962962962963 0.04635416666666667 0.02962962962962963
0 0.48046875 0.29814814814814816 0.0109375 0.020370370370370372
0 0.46041666666666664 0.27175925925925926 0.010416666666666666 0.01574074074074074
0 0.47890625 0.2847222222222222 0.0109375 0.017592592592592594
0 0.4778645833333333 0.26944444444444443 0.009895833333333333 0.014814814814814815
0 0.47682291666666665 0.2518518518518518 0.008854166666666666 0.012962962962962963
0 0.47239583333333335 0.2273148148148148 0.008333333333333333 0.012037037037037037
0 0.4518229166666667 0.21944444444444444 0.0067708333333333336 0.014814814814814815
0 0.46848958333333335 0.20092592592592592 0.005729166666666666 0.007407407407407408
