4 0.17994791666666668 0.6546296296296297 0.05572916666666667 0.10740740740740741
4 0.36302083333333335 0.6569444444444444 0.04375 0.10277777777777777
4 0.40390625 0.38472222222222224 0.0296875 0.07314814814814814
4 0.3963541666666667 0.29398148148148145 0.027083333333333334 0.058333333333333334
4 0.6979166666666666 0.22268518518518518 0.020833333333333332 0.05092592592592592
4 0.7 0.08101851851851852 0.016666666666666666 0.026851851851851852
4 0.6921875 0.09444444444444444 0.03229166666666667 0.03518518518518519
4 0.66484375 0.09490740740740741 0.030729166666666665 0.030555555555555555
4 0.6416666666666667 0.09444444444444444 0.023958333333333335 0.02962962962962963
4 0.6174479166666667 0.09305555555555556 0.028645833333333332 0.03425925925925926
4 0.38645833333333335 0.21944444444444444 0.023958333333333335 0.05555555555555555
4 0.33098958333333334 0.16296296296296298 0.0203125 0.040740740740740744
4 0.29270833333333335 0.14305555555555555 0.020833333333333332 0.05092592592592592
4 0.25546875 0.08564814814814815 0.025520833333333333 0.03796296296296296
4 0.28489583333333335 0.07361111111111111 0.016666666666666666 0.03611111111111111
4 0.33489583333333334 0.06388888888888888 0.015625 0.027777777777777776
4 0.32916666666666666 0.03148148148148148 0.015625 0.025925925925925925
4 0.36015625 0.06435185185185185 0.0171875 0.032407407407407406
4 0.36328125 0.03564814814814815 0.015104166666666667 0.025
4 0.3302083333333333 0.010648148148148148 0.014583333333333334 0.021296296296296296
4 0.37395833333333334 0.09259259259259259 0.017708333333333333 0.03333333333333333
4 0.3776041666666667 0.17083333333333334 0.019791666666666666 0.041666666666666664
