0 0.33229166666666665 0.6555555555555556 0.04375 0.10555555555555556
0 0.25677083333333334 0.4111111111111111 0.027083333333333334 0.05740740740740741
0 0.33828125 0.27037037037037037 0.0171875 0.027777777777777776
0 0.2838541666666667 0.20833333333333334 0.027083333333333334 0.018518518518518517
0 0.24453125 0.20972222222222223 0.028645833333333332 0.019444444444444445
0 0.24505208333333334 0.18425925925925926 0.027604166666666666 0.014814814814814815
0 0.58515625 0.5893518518518519 0.058854166666666666 0.09166666666666666
0 0.5424479166666667 0.48009259259259257 0.0421875 0.062037037037037036
0 0.509375 0.4125 0.036458333333333336 0.049074074074074076
0 0.4752604166666667 0.2361111111111111 0.0171875 0.024074074074074074
0 0.48984375 0.20787037037037037 0.028645833333333332 0.017592592592592594
0 0.50859375 0.23657407407407408 0.03177083333333333 0.021296296296296296
0 0.5458333333333333 0.2074074074074074 0.025 0.018518518518518517
0 0.5755208333333334 0.20879629629629629 0.022916666666666665 0.017592592592592594
0 0.56484375 0.24722222222222223 0.033854166666666664 0.024074074074074074
0 0.5481770833333334 0.25324074074074077 0.0359375 0.026851851851851852
0 0.5286458333333334 0.2569444444444444 0.03229166666666667 0.026851851851851852
0 0.5203125 0.262037037037037 0.036458333333333336 0.025925925925925925
0 0.05 0.4703703703703704 0.059375 0.07592592592592592
0 0.04609375 0.4324074074074074 0.07135416666666666 0.05555555555555555
0 0.0546875 0.4009259259259259 0.07395833333333333 0.044444444444444446
0 0.12421875 0.36157407407407405 0.03802083333333333 0.04722222222222222
0 0.12760416666666666 0.3277777777777778 0.05520833333333333 0.04259259259259259
0 0.13411458333333334 0.2935185185185185 0.0421875 0.02962962962962963
0 0.12864583333333332 0.27546296296296297 0.04583333333333333 0.03611111111111111
0 0.08697916666666666 0.2675925925925926 0.03125 0.03333333333333333
0 0.06848958333333334 0.262037037037037 0.03697916666666667 0.037037037037037035
0 0.04244791666666667 0.25972222222222224 0.034895833333333334 0.03796296296296296
0 0.15286458333333333 0.23472222222222222 0.027604166666666666 0.025
0 0.13359375 0.2111111111111111 0.03177083333333333 0.018518518518518517
0 0.13359375 0.2050925925925926 0.030729166666666665 0.021296296296296296
0 0.08072916666666667 0.20185185185185187 0.03125 0.018518518518518517
0 0.10755208333333334 0.1726851851851852 0.009895833333333333 0.017592592592592594
0 0.128125 0.175 0.017708333333333333 0.014814814814814815
0 0.15364583333333334 0.175 0.023958333333333335 0.018518518518518517
0 0.20963541666666666 0.175 0.009895833333333333 0.012962962962962963
0 0.19348958333333333 0.175 0.015104166666666667 0.018518518518518517
0 0.47161458333333334 0.2884259259259259 0.021354166666666667 0.025
0 0.32369791666666664 0.1625 0.0078125 0.013888888888888888
0 0.3078125 0.14305555555555555 0.007291666666666667 0.013888888888888888
0 0.31536458333333334 0.11388888888888889 0.0078125 0.011111111111111112
0 0.34453125 0.10231481481481482 0.0046875 0.006481481481481481
0 0.33489583333333334 0.09675925925925925 0.004166666666666667 0.004629629629629629
0 0.34296875 0.08888888888888889 0.0036458333333333334 0.005555555555555556
0 0.33697916666666666 0.08518518518518518 0.003125 0.003703703703703704
0 0.33098958333333334 0.08333333333333333 0.0026041666666666665 0.005555555555555556
0 0.33932291666666664 0.07361111111111111 0.0015625 0.002777777777777778
0 0.33489583333333334 0.07314814814814814 0.0020833333333333333 0.003703703703703704
0 0.33645833333333336 0.0699074074074074 0.0020833333333333333 0.002777777777777778
0 0.3484375 0.08055555555555556 0.003125 0.003703703703703704
0 0.35625 0.11018518518518519 0.005208333333333333 0.007407407407407408
0 0.39088541666666665 0.14444444444444443 0.0067708333333333336 0.011111111111111112
0 0.3966145833333333 0.15694444444444444 0.008854166666666666 0.012037037037037037
0 0.40078125 0.16666666666666666 0.008854166666666666 0.012962962962962963
0 0.403125 0.17222222222222222 0.010416666666666666 0.012962962962962963
0 0.4700520833333333 0.1675925925925926 0.016145833333333335 0.012962962962962963
0 0.48671875 0.17175925925925925 0.016145833333333335 0.013888888888888888
0 0.5002604166666667 0.17453703703703705 0.011979166666666667 0.013888888888888888
0 0.5002604166666667 0.20324074074074075 0.019270833333333334 0.01574074074074074
0 0.5359375 0.20879629629629629 0.026041666666666668 0.01574074074074074
0 0.57734375 0.2037037037037037 0.0234375 0.012962962962962963
0 0.22552083333333334 0.17453703703703705 0.008333333333333333 0.013888888888888888
0 0.23697916666666666 0.17037037037037037 0.016666666666666666 0.012962962962962963
0 0.25494791666666666 0.1675925925925926 0.009895833333333333 0.012962962962962963
0 0.2596354166666667 0.1625 0.0078125 0.013888888888888888
0 0.2643229166666667 0.15601851851851853 0.0078125 0.013888888888888888
0 0.26614583333333336 0.14953703703703702 0.008333333333333333 0.013888888888888888
0 0.2734375 0.14351851851851852 0.007291666666666667 0.011111111111111112
0 0.27578125 0.1388888888888889 0.005729166666666666 0.012962962962962963
0 0.2640625 0.1361111111111111 0.007291666666666667 0.011111111111111112
0 0.2682291666666667 0.12777777777777777 0.014583333333333334 0.009259259259259259
0 0.25729166666666664 0.12175925925925926 0.014583333333333334 0.008333333333333333
0 0.27239583333333334 0.11898148148148148 0.005208333333333333 0.010185185185185186
0 0.22916666666666666 0.14212962962962963 0.011458333333333333 0.013888888888888888
