4 0.5645833333333333 0.028703703703703703 0.029166666666666667 0.025925925925925925
4 0.5434895833333333 0.07268518518518519 0.018229166666666668 0.03611111111111111
4 0.5513020833333333 0.13287037037037036 0.03697916666666667 0.032407407407407406
4 0.66875 0.36342592592592593 0.04479166666666667 0.04351851851851852
4 0.5700520833333333 0.3888888888888889 0.04635416666666667 0.046296296296296294
4 0.47265625 0.3824074074074074 0.044270833333333336 0.04814814814814815
4 0.48671875 0.3314814814814815 0.0453125 0.03888888888888889
4 0.6934895833333333 0.6833333333333333 0.0296875 0.05
4 0.12421875 0.513425925925926 0.0546875 0.058333333333333334
4 0.01796875 0.4393518518518518 0.0359375 0.04537037037037037
4 0.013541666666666667 0.5666666666666667 0.027083333333333334 0.04814814814814815
4 0.5028645833333333 0.07314814814814814 0.018229166666666668 0.037037037037037035
4 0.46901041666666665 0.07222222222222222 0.019270833333333334 0.044444444444444446
4 0.4427083333333333 0.047685185185185185 0.029166666666666667 0.028703703703703703
4 0.4518229166666667 0.06574074074074074 0.0203125 0.03518518518518519
4 0.409375 0.008333333333333333 0.020833333333333332 0.016666666666666666
4 0.30494791666666665 0.1175925925925926 0.019270833333333334 0.044444444444444446
4 0.25 0.2222222222222222 0.00625 0.020370370370370372
4 0.25052083333333336 0.06944444444444445 0.01875 0.04259259259259259
4 0.20026041666666666 0.0587962962962963 0.016145833333333335 0.041666666666666664
4 0.20390625 0.0125 0.0140625 0.025
4 0.03177083333333333 0.2902777777777778 0.04895833333333333 0.03611111111111111
4 0.115625 0.2101851851851852 0.036458333333333336 0.03518518518518519
4 0.0640625 0.2611111111111111 0.04375 0.03518518518518519
