0 0.0546875 0.8689814814814815 0.09166666666666666 0.13425925925925927
0 0.13020833333333334 0.7361111111111112 0.06979166666666667 0.1037037037037037
0 0.06796875 0.7291666666666666 0.07447916666666667 0.09907407407407408
0 0.19244791666666666 0.6398148148148148 0.04635416666666667 0.06851851851851852
0 0.23072916666666668 0.5810185185185185 0.036458333333333336 0.05092592592592592
0 0.19348958333333333 0.5782407407407407 0.03802083333333333 0.04722222222222222
0 0.16484375 0.5564814814814815 0.03697916666666667 0.044444444444444446
0 0.19322916666666667 0.5282407407407408 0.03229166666666667 0.03611111111111111
0 0.03515625 0.6532407407407408 0.05572916666666667 0.058333333333333334
0 0.07213541666666666 0.6157407407407407 0.0453125 0.05
0 0.10729166666666666 0.5787037037037037 0.04375 0.05
0 0.15234375 0.5398148148148149 0.03177083333333333 0.03888888888888889
0 0.17317708333333334 0.5171296296296296 0.028645833333333332 0.03425925925925926
0 0.20182291666666666 0.49444444444444446 0.022395833333333334 0.02962962962962963
0 0.22265625 0.47129629629629627 0.021354166666666667 0.02962962962962963
0 0.27109375 0.4449074074074074 0.0203125 0.023148148148148147
0 0.23489583333333333 0.46620370370370373 0.014583333333333334 0.025
0 0.240625 0.4564814814814815 0.019791666666666666 0.025925925925925925
0 0.24817708333333333 0.44814814814814813 0.0171875 0.024074074074074074
0 0.25703125 0.44212962962962965 0.011979166666666667 0.019444444444444445
0 0.2643229166666667 0.43425925925925923 0.013020833333333334 0.018518518518518517
0 0.49713541666666666 0.8606481481481482 0.0671875 0.12314814814814815
0 0.6072916666666667 0.9365740740740741 0.08541666666666667 0.12129629629629629
0 0.5736979166666667 0.8236111111111111 0.06614583333333333 0.10277777777777777
0 0.5372395833333333 0.7412037037037037 0.05260416666666667 0.0824074074074074
0 0.5190104166666667 0.6800925925925926 0.04635416666666667 0.06944444444444445
0 0.5078125 0.6319444444444444 0.040625 0.05277777777777778
0 0.49140625 0.5972222222222222 0.0359375 0.05
0 0.48125 0.5740740740740741 0.034375 0.044444444444444446
0 0.47604166666666664 0.5523148148148148 0.03229166666666667 0.03611111111111111
0 0.46458333333333335 0.6768518518518518 0.03854166666666667 0.06851851851851852
0 0.43854166666666666 0.5675925925925925 0.028125 0.044444444444444446
0 0.4674479166666667 0.5314814814814814 0.0265625 0.037037037037037035
0 0.4635416666666667 0.5148148148148148 0.022916666666666665 0.03148148148148148
0 0.4588541666666667 0.49953703703703706 0.022916666666666665 0.030555555555555555
0 0.4513020833333333 0.48564814814814816 0.024479166666666666 0.030555555555555555
0 0.3776041666666667 0.4444444444444444 0.016666666666666666 0.025925925925925925
0 0.40260416666666665 0.4439814814814815 0.013541666666666667 0.021296296296296296
0 0.37786458333333334 0.4305555555555556 0.015104166666666667 0.016666666666666666
0 0.3932291666666667 0.4263888888888889 0.0125 0.017592592592592594
0 0.40130208333333334 0.4134259259259259 0.013020833333333334 0.01574074074074074
0 0.35833333333333334 0.4060185185185185 0.014583333333333334 0.01574074074074074
0 0.36302083333333335 0.4212962962962963 0.011458333333333333 0.014814814814814815
0 0.38359375 0.39814814814814814 0.013020833333333334 0.012962962962962963
0 0.42890625 0.4078703703703704 0.018229166666666668 0.013888888888888888
0 0.4356770833333333 0.43287037037037035 0.015104166666666667 0.01574074074074074
0 0.43854166666666666 0.44583333333333336 0.014583333333333334 0.019444444444444445
0 0.4401041666666667 0.45231481481481484 0.014583333333333334 0.019444444444444445
0 0.44557291666666665 0.4583333333333333 0.018229166666666668 0.020370370370370372
0 0.44817708333333334 0.4648148148148148 0.018229166666666668 0.020370370370370372
0 0.45026041666666666 0.4740740740740741 0.0171875 0.018518518518518517
0 0.4109375 0.39490740740740743 0.008333333333333333 0.013888888888888888
0 0.3033854166666667 0.40555555555555556 0.019270833333333334 0.012962962962962963
0 0.22291666666666668 0.4046296296296296 0.021875 0.014814814814814815
0 0.2669270833333333 0.4060185185185185 0.0234375 0.01574074074074074
0 0.2638020833333333 0.39675925925925926 0.021354166666666667 0.019444444444444445
