0 0.6622395833333333 0.825 0.0453125 0.0962962962962963
0 0.3078125 0.638425925925926 0.03958333333333333 0.08796296296296297
0 0.33567708333333335 0.5773148148148148 0.0296875 0.06759259259259259
0 0.3497395833333333 0.5208333333333334 0.022395833333333334 0.04537037037037037
0 0.36380208333333336 0.4847222222222222 0.025520833333333333 0.04537037037037037
0 0.4049479166666667 0.38472222222222224 0.019270833333333334 0.03611111111111111
0 0.41901041666666666 0.337037037037037 0.0140625 0.025925925925925925
0 0.42604166666666665 0.32222222222222224 0.014583333333333334 0.022222222222222223
0 0.43333333333333335 0.3074074074074074 0.0125 0.018518518518518517
0 0.484375 0.26157407407407407 0.0125 0.023148148148148147
0 0.5041666666666667 0.22824074074074074 0.009375 0.028703703703703703
0 0.5333333333333333 0.30416666666666664 0.0125 0.026851851851851852
0 0.5880208333333333 0.31342592592592594 0.013541666666666667 0.021296296296296296
0 0.40078125 0.5814814814814815 0.03177083333333333 0.06296296296296296
