0 0.453125 0.9527777777777777 0.053125 0.09444444444444444
0 0.5244791666666667 0.9569444444444445 0.053125 0.08611111111111111
0 0.44427083333333334 0.7833333333333333 0.03958333333333333 0.08148148148148149
0 0.5002604166666667 0.8217592592592593 0.04114583333333333 0.09166666666666666
0 0.5546875 0.7578703703703704 0.042708333333333334 0.08425925925925926
0 0.44114583333333335 0.6694444444444444 0.03125 0.06111111111111111
0 0.48463541666666665 0.6430555555555556 0.0328125 0.06574074074074074
0 0.5338541666666666 0.6564814814814814 0.0375 0.06851851851851852
0 0.5239583333333333 0.5939814814814814 0.028125 0.04722222222222222
0 0.48046875 0.5916666666666667 0.028645833333333332 0.046296296296296294
0 0.4359375 0.5995370370370371 0.026041666666666668 0.05092592592592592
0 0.28229166666666666 0.861574074074074 0.05416666666666667 0.13055555555555556
0 0.09817708333333333 0.9574074074074074 0.07135416666666666 0.08518518518518518
0 0.15520833333333334 0.7643518518518518 0.05625 0.0824074074074074
0 0.24635416666666668 0.7541666666666667 0.042708333333333334 0.08611111111111111
0 0.32526041666666666 0.6643518518518519 0.0359375 0.06944444444444445
0 0.3377604166666667 0.5912037037037037 0.0296875 0.058333333333333334
0 0.2625 0.5106481481481482 0.026041666666666668 0.03981481481481482
0 0.3145833333333333 0.38657407407407407 0.015625 0.025
0 0.3294270833333333 0.4041666666666667 0.015104166666666667 0.026851851851851852
0 0.35885416666666664 0.41388888888888886 0.016666666666666666 0.027777777777777776
0 0.4317708333333333 0.5435185185185185 0.023958333333333335 0.04259259259259259
0 0.47109375 0.5458333333333333 0.024479166666666666 0.04351851851851852
0 0.49895833333333334 0.525 0.022916666666666665 0.03888888888888889
0 0.48723958333333334 0.4930555555555556 0.0234375 0.03425925925925926
0 0.4796875 0.4675925925925926 0.01875 0.03148148148148148
0 0.5080729166666667 0.4740740740740741 0.0234375 0.03333333333333333
0 0.47265625 0.45092592592592595 0.015104166666666667 0.027777777777777776
0 0.46536458333333336 0.43333333333333335 0.016145833333333335 0.025925925925925925
0 0.4546875 0.41712962962962963 0.017708333333333333 0.025
0 0.45 0.40324074074074073 0.016666666666666666 0.025
0 0.44296875 0.3907407407407407 0.015104166666666667 0.022222222222222223
0 0.4393229166666667 0.3763888888888889 0.016145833333333335 0.019444444444444445
0 0.4296875 0.36157407407407405 0.014583333333333334 0.021296296296296296
0 0.42864583333333334 0.5074074074074074 0.021875 0.03518518518518519
0 0.4205729166666667 0.48148148148148145 0.0203125 0.03148148148148148
0 0.41770833333333335 0.4550925925925926 0.019791666666666666 0.028703703703703703
0 0.41302083333333334 0.43148148148148147 0.016666666666666666 0.025925925925925925
0 0.4078125 0.4152777777777778 0.016666666666666666 0.026851851851851852
0 0.40234375 0.40046296296296297 0.016145833333333335 0.025
0 0.40182291666666664 0.38564814814814813 0.015104166666666667 0.021296296296296296
0 0.396875 0.37453703703703706 0.013541666666666667 0.021296296296296296
0 0.3927083333333333 0.3638888888888889 0.013541666666666667 0.020370370370370372
0 0.3888020833333333 0.3527777777777778 0.013020833333333334 0.018518518518518517
0 0.43802083333333336 0.43657407407407406 0.01875 0.026851851851851852
0 0.4322916666666667 0.41805555555555557 0.016666666666666666 0.025
0 0.42682291666666666 0.4041666666666667 0.015104166666666667 0.023148148148148147
0 0.4239583333333333 0.38842592592592595 0.013541666666666667 0.021296296296296296
0 0.4158854166666667 0.37592592592592594 0.0140625 0.020370370370370372
0 0.40989583333333335 0.36203703703703705 0.014583333333333334 0.020370370370370372
0 0.46953125 0.399537037037037 0.0140625 0.023148148148148147
0 0.4622395833333333 0.38564814814814813 0.015104166666666667 0.019444444444444445
0 0.45390625 0.3712962962962963 0.015104166666666667 0.022222222222222223
0 0.4466145833333333 0.3597222222222222 0.015104166666666667 0.019444444444444445
0 0.4388020833333333 0.3296296296296296 0.024479166666666666 0.016666666666666666
0 0.38359375 0.3087962962962963 0.019270833333333334 0.01574074074074074
0 0.25416666666666665 0.30833333333333335 0.025 0.014814814814814815
0 0.2703125 0.3236111111111111 0.015625 0.013888888888888888
0 0.2955729166666667 0.3074074074074074 0.0203125 0.016666666666666666
0 0.33984375 0.30833333333333335 0.0203125 0.014814814814814815
0 0.37864583333333335 0.30416666666666664 0.014583333333333334 0.012037037037037037
0 0.37864583333333335 0.2949074074074074 0.009375 0.012037037037037037
0 0.39375 0.29907407407407405 0.009375 0.012962962962962963
0 0.34739583333333335 0.29398148148148145 0.009375 0.013888888888888888
0 0.334375 0.29212962962962963 0.009375 0.01574074074074074
0 0.3203125 0.29212962962962963 0.009375 0.012037037037037037
0 0.30833333333333335 0.2902777777777778 0.009375 0.013888888888888888
0 0.31953125 0.28703703703703703 0.008854166666666666 0.011111111111111112
0 0.3171875 0.27361111111111114 0.009375 0.012037037037037037
0 0.31354166666666666 0.26666666666666666 0.007291666666666667 0.011111111111111112
0 0.33046875 0.2851851851851852 0.008854166666666666 0.014814814814814815
0 0.34427083333333336 0.287962962962963 0.008333333333333333 0.014814814814814815
0 0.33307291666666666 0.25925925925925924 0.0078125 0.011111111111111112
0 0.3611979166666667 0.26296296296296295 0.0078125 0.011111111111111112
0 0.35078125 0.2462962962962963 0.0067708333333333336 0.011111111111111112
0 0.36640625 0.25601851851851853 0.0067708333333333336 0.010185185185185186
0 0.37578125 0.2708333333333333 0.0078125 0.012037037037037037
0 0.13984375 0.4587962962962963 0.0265625 0.03425925925925926
0 0.03463541666666667 0.5106481481481482 0.06302083333333333 0.03611111111111111
0 0.7309895833333333 0.6638888888888889 0.0296875 0.05740740740740741
0 0.0375 0.5671296296296297 0.007291666666666667 0.032407407407407406
0 0.12526041666666668 0.4041666666666667 0.022395833333333334 0.03796296296296296
0 0.24010416666666667 0.4351851851851852 0.021875 0.037037037037037035
