4 0.23854166666666668 0.6574074074074074 0.06666666666666667 0.10185185185185185
4 0.2643229166666667 0.5444444444444444 0.0734375 0.13518518518518519
4 0.13671875 0.6143518518518518 0.08697916666666666 0.1175925925925926
4 0.3033854166666667 0.37916666666666665 0.0703125 0.09166666666666666
4 0.30052083333333335 0.3282407407407407 0.0375 0.062037037037037036
4 0.3065104166666667 0.2759259259259259 0.044270833333333336 0.046296296296296294
4 0.309375 0.2523148148148148 0.042708333333333334 0.04351851851851852
4 0.3184895833333333 0.2324074074074074 0.04114583333333333 0.037037037037037035
4 0.3078125 0.20092592592592592 0.01875 0.03333333333333333
4 0.3109375 0.1814814814814815 0.017708333333333333 0.02962962962962963
4 0.3 0.13194444444444445 0.017708333333333333 0.026851851851851852
4 0.32421875 0.13055555555555556 0.015104166666666667 0.022222222222222223
4 0.35442708333333334 0.1050925925925926 0.022395833333333334 0.017592592592592594
4 0.2942708333333333 0.10694444444444444 0.029166666666666667 0.019444444444444445
4 0.321875 0.10972222222222222 0.015625 0.021296296296296296
4 0.32890625 0.09675925925925925 0.0265625 0.019444444444444445
4 0.6083333333333333 0.5625 0.057291666666666664 0.1175925925925926
4 0.5653645833333333 0.45 0.050520833333333334 0.08148148148148149
4 0.5161458333333333 0.3675925925925926 0.06041666666666667 0.07222222222222222
4 0.503125 0.30277777777777776 0.04895833333333333 0.06481481481481481
4 0.48541666666666666 0.262037037037037 0.029166666666666667 0.037037037037037035
4 0.4895833333333333 0.20046296296296295 0.025 0.030555555555555555
4 0.4276041666666667 0.13935185185185187 0.014583333333333334 0.023148148148148147
4 0.44505208333333335 0.12037037037037036 0.013020833333333334 0.020370370370370372
4 0.390625 0.060648148148148145 0.008333333333333333 0.013888888888888888
4 0.36614583333333334 0.05694444444444444 0.007291666666666667 0.010185185185185186
4 0.37057291666666664 0.04675925925925926 0.009895833333333333 0.010185185185185186
4 0.38177083333333334 0.04537037037037037 0.00625 0.007407407407407408
4 0.3815104166666667 0.043055555555555555 0.005729166666666666 0.008333333333333333
4 0.3171875 0.08935185185185185 0.023958333333333335 0.013888888888888888
4 0.33098958333333334 0.07962962962962963 0.019270833333333334 0.012962962962962963
4 0.3528645833333333 0.02546296296296296 0.005729166666666666 0.006481481481481481
