0 0.27682291666666664 0.6037037037037037 0.043229166666666666 0.15
0 0.24921875 0.3787037037037037 0.009895833333333333 0.037037037037037035
0 0.26119791666666664 0.1925925925925926 0.0078125 0.022222222222222223
0 0.31692708333333336 0.33935185185185185 0.0296875 0.0787037037037037
0 0.27682291666666664 0.33425925925925926 0.028645833333333332 0.07407407407407407
0 0.359375 0.23333333333333334 0.023958333333333335 0.05
0 0.3848958333333333 0.16018518518518518 0.021875 0.040740740740740744
0 0.3098958333333333 0.22546296296296298 0.027083333333333334 0.06944444444444445
0 0.28125 0.225 0.023958333333333335 0.05925925925925926
0 0.28828125 0.1 0.019270833333333334 0.040740740740740744
0 0.32005208333333335 0.0763888888888889 0.0171875 0.03611111111111111
0 0.31640625 0.046296296296296294 0.016145833333333335 0.03333333333333333
0 0.3203125 0.016666666666666666 0.015625 0.03333333333333333
0 0.29583333333333334 0.049074074074074076 0.016666666666666666 0.03518518518518519
