4 0.26015625 0.6592592592592592 0.07760416666666667 0.05740740740740741
4 0.4869791666666667 0.6300925925925925 0.0375 0.08055555555555556
4 0.4591145833333333 0.5314814814814814 0.0296875 0.05555555555555555
4 0.44192708333333336 0.47638888888888886 0.027604166666666666 0.05092592592592592
4 0.26223958333333336 0.30972222222222223 0.033854166666666664 0.025
4 0.37109375 0.3023148148148148 0.016145833333333335 0.026851851851851852
4 0.32838541666666665 0.32916666666666666 0.016145833333333335 0.03425925925925926
4 0.31197916666666664 0.2375 0.0125 0.025
4 0.32473958333333336 0.2037037037037037 0.0140625 0.020370370370370372
4 0.38515625 0.23796296296296296 0.011979166666666667 0.018518518518518517
4 0.27760416666666665 0.22546296296296298 0.026041666666666668 0.017592592592592594
4 0.2916666666666667 0.25787037037037036 0.030208333333333334 0.019444444444444445
4 0.3171875 0.30648148148148147 0.021875 0.02962962962962963
4 0.35520833333333335 0.32037037037037036 0.015625 0.03333333333333333
4 0.39453125 0.2833333333333333 0.015104166666666667 0.024074074074074074
4 0.28125 0.21296296296296297 0.021875 0.016666666666666666
4 0.278125 0.2064814814814815 0.021875 0.016666666666666666
4 0.27109375 0.19768518518518519 0.022395833333333334 0.01574074074074074
4 0.3059895833333333 0.21388888888888888 0.019270833333333334 0.018518518518518517
4 0.31223958333333335 0.18888888888888888 0.009895833333333333 0.016666666666666666
4 0.28932291666666665 0.17962962962962964 0.021354166666666667 0.016666666666666666
4 0.28880208333333335 0.17546296296296296 0.0203125 0.01574074074074074
4 0.28359375 0.1699074074074074 0.019270833333333334 0.013888888888888888
4 0.28463541666666664 0.16342592592592592 0.019270833333333334 0.013888888888888888
4 0.28411458333333334 0.16018518518518518 0.019270833333333334 0.014814814814814815
4 0.28359375 0.15555555555555556 0.019270833333333334 0.014814814814814815
4 0.27317708333333335 0.11851851851851852 0.008854166666666666 0.012962962962962963
4 0.2682291666666667 0.10416666666666667 0.011458333333333333 0.012037037037037037
4 0.284375 0.10694444444444444 0.011458333333333333 0.010185185185185186
4 0.31796875 0.12361111111111112 0.009895833333333333 0.013888888888888888
4 0.37786458333333334 0.20416666666666666 0.018229166666666668 0.013888888888888888
4 0.3723958333333333 0.19490740740740742 0.017708333333333333 0.013888888888888888
4 0.3697916666666667 0.18009259259259258 0.017708333333333333 0.013888888888888888
4 0.36953125 0.1699074074074074 0.0171875 0.012037037037037037
4 0.31536458333333334 0.3597222222222222 0.022395833333333334 0.03981481481481482
4 0.36380208333333336 0.16111111111111112 0.013020833333333334 0.014814814814814815
4 0.41875 0.14166666666666666 0.008333333333333333 0.011111111111111112
4 0.5533854166666666 0.6856481481481481 0.07135416666666666 0.04537037037037037
