0 0.28463541666666664 0.4486111111111111 0.0234375 0.075
0 0.3234375 0.45185185185185184 0.028125 0.07407407407407407
0 0.28515625 0.36898148148148147 0.021354166666666667 0.058333333333333334
0 0.22786458333333334 0.2462962962962963 0.0140625 0.03148148148148148
0 0.18723958333333332 0.28194444444444444 0.0203125 0.04351851851851852
0 0.24947916666666667 0.2708333333333333 0.025 0.03425925925925926
0 0.0953125 0.3597222222222222 0.036458333333333336 0.06388888888888888
0 0.09453125 0.2708333333333333 0.0328125 0.05092592592592592
0 0.0640625 0.2412037037037037 0.034375 0.026851851851851852
0 0.2638020833333333 0.2050925925925926 0.0140625 0.025
0 0.23489583333333333 0.1486111111111111 0.009375 0.01574074074074074
0 0.23125 0.11574074074074074 0.007291666666666667 0.014814814814814815
0 0.21536458333333333 0.13518518518518519 0.008854166666666666 0.016666666666666666
0 0.2109375 0.1175925925925926 0.007291666666666667 0.014814814814814815
0 0.17447916666666666 0.18888888888888888 0.015625 0.024074074074074074
0 0.19140625 0.15462962962962962 0.013020833333333334 0.022222222222222223
0 0.31197916666666664 0.2662037037037037 0.03125 0.028703703703703703
0 0.3106770833333333 0.24814814814814815 0.028645833333333332 0.025925925925925925
0 0.30963541666666666 0.22824074074074074 0.028645833333333332 0.021296296296296296
0 0.3104166666666667 0.17407407407407408 0.020833333333333332 0.018518518518518517
0 0.26848958333333334 0.1837962962962963 0.013020833333333334 0.019444444444444445
0 0.27109375 0.12685185185185185 0.011979166666666667 0.014814814814814815
0 0.03567708333333333 0.37546296296296294 0.027604166666666666 0.062037037037037036
0 0.029427083333333333 0.4842592592592593 0.03802083333333333 0.03148148148148148
0 0.008333333333333333 0.45694444444444443 0.016666666666666666 0.05462962962962963
0 0.09114583333333333 0.19212962962962962 0.0125 0.019444444444444445
0 0.21666666666666667 0.10092592592592593 0.007291666666666667 0.012962962962962963
0 0.2453125 0.06666666666666667 0.005208333333333333 0.009259259259259259
0 0.19713541666666667 0.11157407407407408 0.016145833333333335 0.013888888888888888
0 0.20260416666666667 0.09675925925925925 0.016666666666666666 0.012037037037037037
0 0.27734375 0.08287037037037037 0.005729166666666666 0.010185185185185186
0 0.2713541666666667 0.075 0.005208333333333333 0.009259259259259259
0 0.26276041666666666 0.05277777777777778 0.0036458333333333334 0.007407407407407408
0 0.24036458333333333 0.06018518518518518 0.0046875 0.007407407407407408
0 0.23697916666666666 0.05555555555555555 0.005208333333333333 0.009259259259259259
0 0.31171875 0.10555555555555556 0.016145833333333335 0.014814814814814815
0 0.30807291666666664 0.09861111111111111 0.0140625 0.010185185185185186
0 0.3109375 0.10231481481481482 0.011458333333333333 0.008333333333333333
0 0.33932291666666664 0.0962962962962963 0.011979166666666667 0.009259259259259259
0 0.32916666666666666 0.0824074074074074 0.011458333333333333 0.009259259259259259
0 0.34088541666666666 0.07685185185185185 0.009895833333333333 0.007407407407407408
0 0.3390625 0.07314814814814814 0.009375 0.007407407407407408
0 0.30130208333333336 0.07962962962962963 0.011979166666666667 0.009259259259259259
0 0.30104166666666665 0.0763888888888889 0.011458333333333333 0.008333333333333333
0 0.29791666666666666 0.06620370370370371 0.010416666666666666 0.008333333333333333
0 0.30130208333333336 0.07314814814814814 0.0109375 0.007407407407407408
0 0.2981770833333333 0.055092592592592596 0.0046875 0.008333333333333333
0 0.25234375 0.04212962962962963 0.0036458333333333334 0.006481481481481481
0 0.25677083333333334 0.038425925925925926 0.003125 0.006481481481481481
0 0.1828125 0.13564814814814816 0.019791666666666666 0.017592592592592594
0 0.18880208333333334 0.07685185185185185 0.011979166666666667 0.009259259259259259
0 0.20989583333333334 0.06527777777777778 0.005208333333333333 0.008333333333333333
0 0.21588541666666666 0.0625 0.009895833333333333 0.006481481481481481
0 0.21744791666666666 0.058333333333333334 0.008854166666666666 0.005555555555555556
0 0.19192708333333333 0.07037037037037037 0.011979166666666667 0.007407407407407408
0 0.24401041666666667 0.03935185185185185 0.0036458333333333334 0.006481481481481481
0 0.23880208333333333 0.050462962962962966 0.0046875 0.006481481481481481
0 0.24088541666666666 0.04814814814814815 0.0036458333333333334 0.007407407407407408
0 0.2760416666666667 0.10648148148148148 0.007291666666666667 0.009259259259259259
0 0.2786458333333333 0.09861111111111111 0.00625 0.012037037037037037
