0 0.047135416666666666 0.36018518518518516 0.0328125 0.05740740740740741
0 0.21953125 0.4925925925925926 0.025520833333333333 0.07037037037037037
0 0.3854166666666667 0.46064814814814814 0.026041666666666668 0.06388888888888888
0 0.515625 0.4615740740740741 0.053125 0.04537037037037037
0 0.3377604166666667 0.31296296296296294 0.019270833333333334 0.04259259259259259
0 0.25234375 0.024537037037037038 0.009895833333333333 0.01574074074074074
0 0.4479166666666667 0.37407407407407406 0.053125 0.040740740740740744
0 0.4239583333333333 0.14074074074074075 0.035416666666666666 0.024074074074074074
0 0.38619791666666664 0.14027777777777778 0.03177083333333333 0.025
0 0.38385416666666666 0.10787037037037037 0.022916666666666665 0.017592592592592594
