4 0.43072916666666666 0.4777777777777778 0.03958333333333333 0.08703703703703704
4 0.4119791666666667 0.3087962962962963 0.026041666666666668 0.05462962962962963
4 0.38645833333333335 0.24305555555555555 0.019791666666666666 0.03611111111111111
4 0.3875 0.2023148148148148 0.01875 0.03796296296296296
4 0.403125 0.11944444444444445 0.016666666666666666 0.025925925925925925
4 0.37786458333333334 0.10925925925925926 0.013020833333333334 0.022222222222222223
4 0.39088541666666665 0.09027777777777778 0.013020833333333334 0.021296296296296296
4 0.36276041666666664 0.052314814814814814 0.009895833333333333 0.019444444444444445
4 0.36276041666666664 0.04212962962962963 0.009895833333333333 0.01574074074074074
4 0.35989583333333336 0.034722222222222224 0.010416666666666666 0.017592592592592594
4 0.3578125 0.012037037037037037 0.007291666666666667 0.012962962962962963
4 0.33671875 0.01898148148148148 0.0078125 0.013888888888888888
4 0.31927083333333334 0.010648148148148148 0.008333333333333333 0.01574074074074074
4 0.08072916666666667 0.487962962962963 0.08333333333333333 0.07037037037037037
4 0.03723958333333333 0.39305555555555555 0.06510416666666667 0.05277777777777778
4 0.29713541666666665 0.019444444444444445 0.0171875 0.016666666666666666
4 0.29192708333333334 0.032407407407407406 0.021354166666666667 0.014814814814814815
4 0.30104166666666665 0.03935185185185185 0.01875 0.017592592592592594
4 0.2908854166666667 0.04583333333333333 0.019270833333333334 0.01574074074074074
4 0.28984375 0.05138888888888889 0.024479166666666666 0.017592592592592594
4 0.26666666666666666 0.05462962962962963 0.014583333333333334 0.025925925925925925
4 0.2859375 0.07685185185185185 0.028125 0.018518518518518517
4 0.2635416666666667 0.18703703703703703 0.041666666666666664 0.03333333333333333
4 0.21432291666666667 0.20324074074074075 0.04010416666666667 0.03425925925925926
4 0.22604166666666667 0.15416666666666667 0.036458333333333336 0.028703703703703703
4 0.22005208333333334 0.16944444444444445 0.03802083333333333 0.025925925925925925
4 0.22734375 0.31851851851851853 0.0265625 0.04814814814814815
4 0.19817708333333334 0.29953703703703705 0.027604166666666666 0.04537037037037037
4 0.16692708333333334 0.3087962962962963 0.028645833333333332 0.049074074074074076
4 0.1109375 0.3050925925925926 0.046875 0.04722222222222222
