0 0.6138020833333333 0.5976851851851852 0.11302083333333333 0.08981481481481482
0 0.4625 0.6231481481481481 0.08541666666666667 0.13518518518518519
0 0.27057291666666666 0.4564814814814815 0.03802083333333333 0.09259259259259259
0 0.26510416666666664 0.38055555555555554 0.03333333333333333 0.06851851851851852
0 0.33203125 0.1787037037037037 0.0359375 0.025925925925925925
0 0.18645833333333334 0.10092592592592593 0.014583333333333334 0.020370370370370372
0 0.24817708333333333 0.15416666666666667 0.018229166666666668 0.025
0 0.2955729166666667 0.12083333333333333 0.0265625 0.019444444444444445
0 0.28515625 0.11481481481481481 0.0234375 0.016666666666666666
0 0.284375 0.09953703703703703 0.023958333333333335 0.01574074074074074
0 0.28125 0.10138888888888889 0.022916666666666665 0.017592592592592594
0 0.24114583333333334 0.07916666666666666 0.011458333333333333 0.017592592592592594
0 0.22265625 0.06435185185185185 0.008854166666666666 0.01574074074074074
0 0.23255208333333333 0.056018518518518516 0.009895833333333333 0.01574074074074074
0 0.21770833333333334 0.05462962962962963 0.009375 0.014814814814814815
0 0.21692708333333333 0.044444444444444446 0.008854166666666666 0.014814814814814815
0 0.20130208333333333 0.056018518518518516 0.009895833333333333 0.01574074074074074
0 0.196875 0.04490740740740741 0.008333333333333333 0.01574074074074074
0 0.21015625 0.03611111111111111 0.0078125 0.011111111111111112
0 0.19739583333333333 0.02361111111111111 0.007291666666666667 0.010185185185185186
0 0.20260416666666667 0.003703703703703704 0.00625 0.007407407407407408
0 0.2109375 0.009259259259259259 0.00625 0.009259259259259259
0 0.20390625 0.011111111111111112 0.0067708333333333336 0.009259259259259259
0 0.21145833333333333 0.022222222222222223 0.00625 0.009259259259259259
0 0.20885416666666667 0.018518518518518517 0.007291666666666667 0.011111111111111112
0 0.203125 0.011111111111111112 0.005208333333333333 0.009259259259259259
0 0.20598958333333334 0.014351851851851852 0.0067708333333333336 0.010185185185185186
0 0.21848958333333332 0.03148148148148148 0.008854166666666666 0.011111111111111112
0 0.18854166666666666 0.012962962962962963 0.007291666666666667 0.011111111111111112
0 0.18671875 0.018055555555555554 0.0067708333333333336 0.010185185185185186
0 0.18828125 0.02175925925925926 0.0078125 0.012037037037037037
