4 0.09166666666666666 0.41435185185185186 0.03333333333333333 0.0712962962962963
4 0.21640625 0.3972222222222222 0.03697916666666667 0.05555555555555555
4 0.10677083333333333 0.27870370370370373 0.023958333333333335 0.040740740740740744
4 0.16041666666666668 0.14027777777777778 0.014583333333333334 0.025
4 0.184375 0.12638888888888888 0.0125 0.021296296296296296
4 0.15390625 0.10324074074074074 0.011979166666666667 0.021296296296296296
4 0.17317708333333334 0.10740740740740741 0.013020833333333334 0.018518518518518517
4 0.2078125 0.12638888888888888 0.029166666666666667 0.021296296296296296
4 0.11276041666666667 0.24259259259259258 0.024479166666666666 0.040740740740740744
4 0.11875 0.20787037037037037 0.020833333333333332 0.03611111111111111
4 0.12369791666666667 0.18518518518518517 0.0171875 0.024074074074074074
4 0.12109375 0.1638888888888889 0.0171875 0.024074074074074074
4 0.12317708333333334 0.14537037037037037 0.015104166666666667 0.020370370370370372
4 0.12552083333333333 0.13240740740740742 0.014583333333333334 0.022222222222222223
4 0.128125 0.11851851851851852 0.013541666666666667 0.020370370370370372
4 0.13177083333333334 0.1037037037037037 0.011458333333333333 0.022222222222222223
4 0.1375 0.09166666666666666 0.011458333333333333 0.018518518518518517
4 0.13958333333333334 0.08333333333333333 0.011458333333333333 0.018518518518518517
4 0.08932291666666667 0.1587962962962963 0.016145833333333335 0.032407407407407406
4 0.07473958333333333 0.034722222222222224 0.018229166666666668 0.01574074074074074
4 0.0875 0.08333333333333333 0.019791666666666666 0.014814814814814815
4 0.09166666666666666 0.07685185185185185 0.019791666666666666 0.014814814814814815
4 0.09453125 0.06388888888888888 0.019270833333333334 0.014814814814814815
4 0.10026041666666667 0.053703703703703705 0.019270833333333334 0.014814814814814815
4 0.17161458333333332 0.04351851851851852 0.0078125 0.012962962962962963
4 0.15911458333333334 0.06527777777777778 0.0078125 0.013888888888888888
4 0.15755208333333334 0.05925925925925926 0.0078125 0.014814814814814815
4 0.15755208333333334 0.05092592592592592 0.0078125 0.014814814814814815
4 0.1578125 0.04583333333333333 0.009375 0.013888888888888888
4 0.184375 0.07222222222222222 0.010416666666666666 0.016666666666666666
4 0.18776041666666668 0.04212962962962963 0.005729166666666666 0.010185185185185186
4 0.05625 0.03657407407407407 0.008333333333333333 0.012037037037037037
4 0.06822916666666666 0.01712962962962963 0.010416666666666666 0.012037037037037037
4 0.6528645833333333 0.6550925925925926 0.1046875 0.10277777777777777
4 0.6338541666666667 0.3453703703703704 0.05625 0.04814814814814815
4 0.6833333333333333 0.5574074074074075 0.05 0.06481481481481481
