0 0.18020833333333333 0.21898148148148147 0.017708333333333333 0.026851851851851852
0 0.33984375 0.2740740740740741 0.0171875 0.03518518518518519
0 0.36484375 0.2824074074074074 0.0171875 0.03518518518518519
0 0.3302083333333333 0.19768518518518519 0.014583333333333334 0.026851851851851852
0 0.3380208333333333 0.12916666666666668 0.0125 0.017592592592592594
0 0.33697916666666666 0.10046296296296296 0.010416666666666666 0.013888888888888888
0 0.35520833333333335 0.10138888888888889 0.008333333333333333 0.013888888888888888
0 0.34010416666666665 0.0875 0.008333333333333333 0.013888888888888888
0 0.33932291666666664 0.07453703703703704 0.008854166666666666 0.013888888888888888
0 0.33932291666666664 0.05740740740740741 0.0067708333333333336 0.011111111111111112
0 0.35963541666666665 0.06481481481481481 0.0067708333333333336 0.011111111111111112
0 0.37005208333333334 0.06851851851851852 0.0067708333333333336 0.011111111111111112
0 0.35234375 0.053703703703703705 0.0067708333333333336 0.011111111111111112
0 0.34869791666666666 0.04259259259259259 0.0067708333333333336 0.011111111111111112
0 0.34869791666666666 0.03518518518518519 0.0067708333333333336 0.011111111111111112
0 0.34713541666666664 0.02361111111111111 0.005729166666666666 0.010185185185185186
0 0.36380208333333336 0.08842592592592592 0.0109375 0.013888888888888888
0 0.315625 0.10648148148148148 0.010416666666666666 0.018518518518518517
0 0.321875 0.09675925925925925 0.009375 0.012037037037037037
0 0.32447916666666665 0.038425925925925926 0.007291666666666667 0.012037037037037037
0 0.32864583333333336 0.034722222222222224 0.007291666666666667 0.012037037037037037
0 0.37447916666666664 0.056018518518518516 0.00625 0.012037037037037037
0 0.3875 0.05092592592592592 0.013541666666666667 0.011111111111111112
0 0.3875 0.058333333333333334 0.013541666666666667 0.011111111111111112
0 0.38723958333333336 0.06435185185185185 0.0140625 0.012037037037037037
0 0.37994791666666666 0.04351851851851852 0.0140625 0.011111111111111112
0 0.409375 0.0412037037037037 0.013541666666666667 0.012037037037037037
0 0.3966145833333333 0.041666666666666664 0.0067708333333333336 0.011111111111111112
0 0.3619791666666667 0.038425925925925926 0.00625 0.010185185185185186
0 0.37552083333333336 0.03888888888888889 0.013541666666666667 0.011111111111111112
0 0.3768229166666667 0.03611111111111111 0.0140625 0.011111111111111112
0 0.3736979166666667 0.028703703703703703 0.011979166666666667 0.011111111111111112
0 0.40520833333333334 0.032407407407407406 0.011458333333333333 0.007407407407407408
0 0.39895833333333336 0.028703703703703703 0.0125 0.009259259259259259
0 0.40963541666666664 0.1111111111111111 0.024479166666666666 0.018518518518518517
0 0.44427083333333334 0.1337962962962963 0.022916666666666665 0.017592592592592594
0 0.46588541666666666 0.27314814814814814 0.04114583333333333 0.02962962962962963
0 0.4473958333333333 0.2351851851851852 0.0375 0.020370370370370372
0 0.4473958333333333 0.21851851851851853 0.034375 0.018518518518518517
0 0.44427083333333334 0.20324074074074075 0.03333333333333333 0.019444444444444445
0 0.44244791666666666 0.18703703703703703 0.03177083333333333 0.022222222222222223
0 0.47317708333333336 0.15694444444444444 0.021354166666666667 0.017592592592592594
0 0.4890625 0.16111111111111112 0.023958333333333335 0.020370370370370372
0 0.49192708333333335 0.17546296296296296 0.0203125 0.019444444444444445
0 0.38697916666666665 0.1361111111111111 0.010416666666666666 0.018518518518518517
0 0.3890625 0.12777777777777777 0.010416666666666666 0.018518518518518517
0 0.3380208333333333 0.49444444444444446 0.027083333333333334 0.08148148148148149
0 0.39348958333333334 0.5296296296296297 0.0328125 0.08148148148148149
0 0.49661458333333336 0.35555555555555557 0.05572916666666667 0.03518518518518519
0 0.5481770833333334 0.47175925925925927 0.06614583333333333 0.05462962962962963
0 0.6151041666666667 0.3861111111111111 0.042708333333333334 0.040740740740740744
0 0.5591145833333333 0.2967592592592593 0.0421875 0.032407407407407406
0 0.5375 0.2574074074074074 0.03958333333333333 0.03148148148148148
