4 0.29322916666666665 0.6458333333333334 0.04791666666666667 0.125
4 0.31614583333333335 0.487962962962963 0.035416666666666666 0.08518518518518518
4 0.35208333333333336 0.3578703703703704 0.027083333333333334 0.05462962962962963
4 0.3106770833333333 0.324537037037037 0.024479166666666666 0.04351851851851852
4 0.33932291666666664 0.29907407407407405 0.0265625 0.046296296296296294
4 0.33567708333333335 0.09907407407407408 0.011979166666666667 0.020370370370370372
4 0.33697916666666666 0.06898148148148148 0.010416666666666666 0.01574074074074074
4 0.33098958333333334 0.055092592592592596 0.009895833333333333 0.01574074074074074
4 0.3171875 0.07175925925925926 0.011458333333333333 0.019444444444444445
4 0.31666666666666665 0.06111111111111111 0.011458333333333333 0.014814814814814815
4 0.3125 0.05092592592592592 0.009375 0.014814814814814815
4 0.3145833333333333 0.041666666666666664 0.009375 0.016666666666666666
4 0.30807291666666664 0.03333333333333333 0.0078125 0.014814814814814815
4 0.31197916666666664 0.02638888888888889 0.008333333333333333 0.012037037037037037
4 0.3065104166666667 0.018055555555555554 0.0078125 0.013888888888888888
4 0.30520833333333336 0.011111111111111112 0.008333333333333333 0.012962962962962963
4 0.32838541666666665 0.04027777777777778 0.008854166666666666 0.013888888888888888
4 0.3268229166666667 0.03333333333333333 0.009895833333333333 0.012962962962962963
4 0.3260416666666667 0.02638888888888889 0.008333333333333333 0.012037037037037037
4 0.3234375 0.021296296296296296 0.008333333333333333 0.012962962962962963
4 0.3171875 0.0060185185185185185 0.007291666666666667 0.012037037037037037
4 0.3229166666666667 0.009259259259259259 0.007291666666666667 0.011111111111111112
