0 0.43072916666666666 0.5120370370370371 0.04895833333333333 0.0962962962962963
0 0.35546875 0.38796296296296295 0.0390625 0.07962962962962963
0 0.2453125 0.49537037037037035 0.040625 0.1
0 0.24270833333333333 0.4060185185185185 0.071875 0.0712962962962963
0 0.28515625 0.3314814814814815 0.0359375 0.05925925925925926
0 0.4479166666666667 0.2675925925925926 0.026041666666666668 0.04259259259259259
0 0.44036458333333334 0.23981481481481481 0.025520833333333333 0.04259259259259259
0 0.23776041666666667 0.2740740740740741 0.0359375 0.05740740740740741
0 0.2825520833333333 0.2902777777777778 0.0265625 0.049074074074074076
0 0.2903645833333333 0.2574074074074074 0.033854166666666664 0.04814814814814815
0 0.30625 0.21342592592592594 0.03958333333333333 0.03796296296296296
0 0.34453125 0.1935185185185185 0.018229166666666668 0.03518518518518519
0 0.30182291666666666 0.19814814814814816 0.0234375 0.03148148148148148
0 0.3046875 0.17731481481481481 0.028125 0.026851851851851852
0 0.30572916666666666 0.1685185185185185 0.029166666666666667 0.024074074074074074
0 0.31197916666666664 0.1597222222222222 0.028125 0.026851851851851852
0 0.30442708333333335 0.14212962962962963 0.013020833333333334 0.021296296296296296
0 0.3065104166666667 0.13148148148148148 0.013020833333333334 0.022222222222222223
0 0.2984375 0.10555555555555556 0.014583333333333334 0.020370370370370372
0 0.31666666666666665 0.1050925925925926 0.0125 0.019444444444444445
0 0.4236979166666667 0.21435185185185185 0.030729166666666665 0.03425925925925926
0 0.42239583333333336 0.18981481481481483 0.028125 0.037037037037037035
0 0.41770833333333335 0.17407407407407408 0.016666666666666666 0.025925925925925925
0 0.42916666666666664 0.1449074074074074 0.019791666666666666 0.023148148148148147
0 0.3932291666666667 0.11296296296296296 0.010416666666666666 0.016666666666666666
0 0.4083333333333333 0.10092592592592593 0.013541666666666667 0.014814814814814815
0 0.37109375 0.05925925925925926 0.0078125 0.011111111111111112
0 0.36484375 0.04675925925925926 0.005729166666666666 0.010185185185185186
0 0.2947916666666667 0.08842592592592592 0.01875 0.019444444444444445
0 0.3182291666666667 0.08703703703703704 0.01875 0.012962962962962963
0 0.32057291666666665 0.0837962962962963 0.019270833333333334 0.017592592592592594
0 0.3140625 0.07962962962962963 0.015625 0.016666666666666666
0 0.321875 0.07407407407407407 0.016666666666666666 0.014814814814814815
0 0.36276041666666664 0.040740740740740744 0.0046875 0.007407407407407408
0 0.36171875 0.0375 0.005729166666666666 0.008333333333333333
0 0.35911458333333335 0.03564814814814815 0.005729166666666666 0.008333333333333333
0 0.3567708333333333 0.03425925925925926 0.009375 0.009259259259259259
