4 0.48984375 0.4236111111111111 0.034895833333333334 0.0712962962962963
4 0.5388020833333333 0.4638888888888889 0.043229166666666666 0.07592592592592592
4 0.5885416666666666 0.49027777777777776 0.05 0.08055555555555556
4 0.6231770833333333 0.46435185185185185 0.044270833333333336 0.075
4 0.6768229166666667 0.4861111111111111 0.04114583333333333 0.08148148148148149
4 0.26171875 0.22037037037037038 0.021354166666666667 0.03518518518518519
4 0.23098958333333333 0.24768518518518517 0.03177083333333333 0.03981481481481482
4 0.18854166666666666 0.1388888888888889 0.026041666666666668 0.022222222222222223
4 0.26015625 0.09861111111111111 0.025520833333333333 0.019444444444444445
4 0.290625 0.0787037037037037 0.026041666666666668 0.020370370370370372
4 0.2986979166666667 0.1824074074074074 0.025520833333333333 0.037037037037037035
4 0.43854166666666666 0.399537037037037 0.03958333333333333 0.06574074074074074
4 0.28411458333333334 0.600462962962963 0.0671875 0.12129629629629629
4 0.33125 0.6212962962962963 0.06875 0.11851851851851852
4 0.4591145833333333 0.6708333333333333 0.06822916666666666 0.075
4 0.52109375 0.6782407407407407 0.049479166666666664 0.06018518518518518
4 0.13880208333333333 0.17314814814814813 0.0390625 0.027777777777777776
4 0.19661458333333334 0.1300925925925926 0.0234375 0.021296296296296296
4 0.26927083333333335 0.09351851851851851 0.021875 0.020370370370370372
4 0.30572916666666666 0.07037037037037037 0.022916666666666665 0.024074074074074074
4 0.29453125 0.2569444444444444 0.0359375 0.03981481481481482
4 0.18984375 0.5981481481481481 0.0703125 0.11296296296296296
4 0.13072916666666667 0.5837962962962963 0.07083333333333333 0.11203703703703703
4 0.04609375 0.5305555555555556 0.07135416666666666 0.1111111111111111
4 0.023177083333333334 0.6643518518518519 0.04635416666666667 0.08796296296296297
4 0.38046875 0.6462962962962963 0.059895833333333336 0.12407407407407407
4 0.31328125 0.12083333333333333 0.0265625 0.023148148148148147
4 0.290625 0.1375 0.034375 0.030555555555555555
4 0.2518229166666667 0.17037037037037037 0.034895833333333334 0.03148148148148148
4 0.2375 0.18194444444444444 0.035416666666666666 0.030555555555555555
4 0.31197916666666664 0.1712962962962963 0.026041666666666668 0.03148148148148148
