0 0.4322916666666667 0.5287037037037037 0.07916666666666666 0.06111111111111111
0 0.45598958333333334 0.4777777777777778 0.06822916666666666 0.06481481481481481
0 0.4395833333333333 0.44351851851851853 0.07291666666666667 0.053703703703703705
0 0.44609375 0.3925925925925926 0.06614583333333333 0.044444444444444446
0 0.42239583333333336 0.37592592592592594 0.052083333333333336 0.03888888888888889
0 0.41640625 0.35462962962962963 0.05260416666666667 0.04259259259259259
0 0.43020833333333336 0.33425925925925926 0.051041666666666666 0.03888888888888889
0 0.15651041666666668 0.43842592592592594 0.0734375 0.05092592592592592
0 0.225 0.3537037037037037 0.057291666666666664 0.044444444444444446
0 0.22265625 0.33055555555555555 0.033854166666666664 0.040740740740740744
0 0.24114583333333334 0.27361111111111114 0.027083333333333334 0.04351851851851852
0 0.240625 0.25046296296296294 0.034375 0.030555555555555555
0 0.24557291666666667 0.23055555555555557 0.034895833333333334 0.03333333333333333
0 0.38567708333333334 0.32314814814814813 0.04635416666666667 0.03148148148148148
0 0.37552083333333336 0.30462962962962964 0.040625 0.03148148148148148
0 0.37395833333333334 0.2865740740740741 0.0375 0.032407407407407406
0 0.37005208333333334 0.2712962962962963 0.0359375 0.03333333333333333
0 0.36744791666666665 0.25555555555555554 0.027604166666666666 0.025925925925925925
0 0.35859375 0.2449074074074074 0.033854166666666664 0.030555555555555555
0 0.3697916666666667 0.23333333333333334 0.0375 0.02962962962962963
0 0.3690104166666667 0.21342592592592594 0.021354166666666667 0.023148148148148147
0 0.07942708333333333 0.5898148148148148 0.08177083333333333 0.06666666666666667
0 0.054947916666666666 0.4986111111111111 0.0796875 0.06018518518518518
0 0.07265625 0.44537037037037036 0.0765625 0.05555555555555555
0 0.35260416666666666 0.20185185185185187 0.028125 0.018518518518518517
0 0.3494791666666667 0.1935185185185185 0.029166666666666667 0.024074074074074074
0 0.34348958333333335 0.18611111111111112 0.024479166666666666 0.020370370370370372
0 0.34479166666666666 0.17685185185185184 0.027083333333333334 0.020370370370370372
0 0.3416666666666667 0.1699074074074074 0.025 0.021296296296296296
0 0.3416666666666667 0.16064814814814815 0.025 0.021296296296296296
0 0.3372395833333333 0.1587962962962963 0.022395833333333334 0.021296296296296296
0 0.34010416666666665 0.1398148148148148 0.009375 0.018518518518518517
0 0.33958333333333335 0.13240740740740742 0.009375 0.016666666666666666
0 0.33645833333333336 0.125 0.008333333333333333 0.016666666666666666
0 0.33567708333333335 0.11666666666666667 0.0078125 0.014814814814814815
0 0.3333333333333333 0.1111111111111111 0.007291666666666667 0.016666666666666666
0 0.26328125 0.15833333333333333 0.0265625 0.016666666666666666
0 0.259375 0.15185185185185185 0.0125 0.020370370370370372
0 0.246875 0.12268518518518519 0.022916666666666665 0.017592592592592594
0 0.2484375 0.11666666666666667 0.019791666666666666 0.022222222222222223
0 0.15572916666666667 0.475 0.078125 0.05185185185185185
0 0.21380208333333334 0.3912037037037037 0.027604166666666666 0.058333333333333334
0 0.31015625 0.12175925925925926 0.0109375 0.017592592592592594
0 0.2916666666666667 0.10648148148148148 0.0125 0.014814814814814815
0 0.32421875 0.09166666666666666 0.0140625 0.014814814814814815
0 0.3528645833333333 0.11944444444444445 0.011979166666666667 0.014814814814814815
0 0.3390625 0.09351851851851851 0.0125 0.014814814814814815
0 0.36171875 0.11064814814814815 0.009895833333333333 0.013888888888888888
0 0.23411458333333332 0.29814814814814816 0.0359375 0.03518518518518519
0 0.14505208333333333 0.6523148148148148 0.05677083333333333 0.11203703703703703
0 0.26875 0.14212962962962963 0.011458333333333333 0.017592592592592594
0 0.26328125 0.13333333333333333 0.0078125 0.016666666666666666
0 0.2578125 0.1259259259259259 0.023958333333333335 0.020370370370370372
0 0.24427083333333333 0.13148148148148148 0.009375 0.018518518518518517
0 0.2328125 0.13842592592592592 0.019791666666666666 0.01574074074074074
0 0.22005208333333334 0.11018518518518519 0.011979166666666667 0.016666666666666666
0 0.22421875 0.1037037037037037 0.009895833333333333 0.018518518518518517
0 0.26119791666666664 0.10787037037037037 0.0140625 0.013888888888888888
0 0.26119791666666664 0.09537037037037037 0.0140625 0.014814814814814815
0 0.29348958333333336 0.1 0.019270833333333334 0.012962962962962963
0 0.3497395833333333 0.10833333333333334 0.0109375 0.016666666666666666
0 0.371875 0.10694444444444444 0.008333333333333333 0.01574074074074074
0 0.3484375 0.14675925925925926 0.01875 0.017592592592592594
0 0.34036458333333336 0.1398148148148148 0.0109375 0.016666666666666666
