0 0.44635416666666666 0.4111111111111111 0.029166666666666667 0.05555555555555555
0 0.4127604166666667 0.25555555555555554 0.016145833333333335 0.027777777777777776
0 0.04739583333333333 0.5740740740740741 0.07083333333333333 0.10185185185185185
0 0.018489583333333334 0.5157407407407407 0.03697916666666667 0.06111111111111111
0 0.16770833333333332 0.3574074074074074 0.028125 0.044444444444444446
0 0.6638020833333333 0.4791666666666667 0.07760416666666667 0.06574074074074074
0 0.5434895833333333 0.4013888888888889 0.03697916666666667 0.06018518518518518
0 0.48385416666666664 0.25416666666666665 0.021875 0.032407407407407406
0 0.46510416666666665 0.2273148148148148 0.019791666666666666 0.032407407407407406
0 0.10390625 0.2777777777777778 0.021354166666666667 0.03518518518518519
0 0.14244791666666667 0.22592592592592592 0.022395833333333334 0.027777777777777776
0 0.32526041666666666 0.19537037037037036 0.0109375 0.022222222222222223
0 0.3255208333333333 0.14166666666666666 0.009375 0.016666666666666666
0 0.3299479166666667 0.11203703703703703 0.0067708333333333336 0.012962962962962963
0 0.32708333333333334 0.09444444444444444 0.00625 0.009259259259259259
0 0.22395833333333334 0.14166666666666666 0.020833333333333332 0.014814814814814815
0 0.22682291666666668 0.1398148148148148 0.018229166666666668 0.014814814814814815
0 0.23046875 0.13518518518518519 0.0171875 0.012962962962962963
0 0.23255208333333333 0.13333333333333333 0.0203125 0.012962962962962963
0 0.44557291666666665 0.13194444444444445 0.008854166666666666 0.01574074074074074
