4 0.3575520833333333 0.788425925925926 0.05572916666666667 0.14907407407407408
4 0.43463541666666666 0.6231481481481481 0.0421875 0.09074074074074075
4 0.3489583333333333 0.600925925925926 0.04375 0.09074074074074075
4 0.5776041666666667 0.5833333333333334 0.042708333333333334 0.06851851851851852
4 0.35104166666666664 0.4986111111111111 0.03958333333333333 0.09166666666666666
4 0.3893229166666667 0.4564814814814815 0.0296875 0.05925925925925926
4 0.3807291666666667 0.3726851851851852 0.025 0.04722222222222222
4 0.44114583333333335 0.31805555555555554 0.023958333333333335 0.03796296296296296
4 0.4166666666666667 0.2375 0.017708333333333333 0.028703703703703703
4 0.4903645833333333 0.24212962962962964 0.018229166666666668 0.028703703703703703
4 0.43515625 0.17407407407407408 0.0140625 0.022222222222222223
4 0.4356770833333333 0.14722222222222223 0.0109375 0.016666666666666666
4 0.4513020833333333 0.1486111111111111 0.011979166666666667 0.019444444444444445
4 0.49192708333333335 0.14027777777777778 0.0109375 0.013888888888888888
