4 0.5955729166666667 0.625462962962963 0.0890625 0.09907407407407408
4 0.50234375 0.4597222222222222 0.08489583333333334 0.06574074074074074
4 0.47578125 0.38287037037037036 0.07239583333333334 0.05648148148148148
4 0.4125 0.42314814814814816 0.041666666666666664 0.08703703703703704
4 0.3484375 0.42685185185185187 0.03333333333333333 0.07407407407407407
4 0.46588541666666666 0.33240740740740743 0.06614583333333333 0.05185185185185185
4 0.4234375 0.24259259259259258 0.04583333333333333 0.04259259259259259
4 0.41744791666666664 0.20925925925925926 0.04635416666666667 0.037037037037037035
4 0.39427083333333335 0.15185185185185185 0.03333333333333333 0.03148148148148148
4 0.3880208333333333 0.1287037037037037 0.040625 0.027777777777777776
4 0.37786458333333334 0.10972222222222222 0.03697916666666667 0.026851851851851852
4 0.403125 0.08657407407407407 0.01875 0.030555555555555555
4 0.2786458333333333 0.21851851851851853 0.022916666666666665 0.04814814814814815
4 0.20859375 0.2671296296296296 0.03177083333333333 0.06759259259259259
4 0.19791666666666666 0.11388888888888889 0.03958333333333333 0.02962962962962963
4 0.21276041666666667 0.1 0.03802083333333333 0.027777777777777776
4 0.3653645833333333 0.09490740740740741 0.0265625 0.021296296296296296
4 0.30130208333333336 0.12407407407407407 0.0171875 0.03148148148148148
4 0.31276041666666665 0.08194444444444444 0.016145833333333335 0.023148148148148147
4 0.26328125 0.04212962962962963 0.013020833333333334 0.023148148148148147
4 0.29401041666666666 0.0125 0.009895833333333333 0.01574074074074074
4 0.29583333333333334 0.04398148148148148 0.0125 0.021296296296296296
4 0.3 0.027314814814814816 0.011458333333333333 0.019444444444444445
4 0.3528645833333333 0.05648148148148148 0.024479166666666666 0.022222222222222223
