0 0.5223958333333333 0.9194444444444444 0.06770833333333333 0.16111111111111112
0 0.68671875 0.9259259259259259 0.07239583333333334 0.14814814814814814
0 0.7984375 0.9527777777777777 0.07395833333333333 0.09444444444444444
0 0.74921875 0.8064814814814815 0.08072916666666667 0.15925925925925927
0 0.6955729166666667 0.6435185185185185 0.06510416666666667 0.12037037037037036
0 0.6109375 0.6574074074074074 0.06458333333333334 0.1425925925925926
0 0.54921875 0.6949074074074074 0.0578125 0.14351851851851852
0 0.48203125 0.6953703703703704 0.0578125 0.14444444444444443
0 0.44427083333333334 0.5300925925925926 0.051041666666666666 0.12129629629629629
0 0.23463541666666668 0.43796296296296294 0.0515625 0.1259259259259259
0 0.2109375 0.16435185185185186 0.03854166666666667 0.09351851851851851
0 0.56796875 0.4810185185185185 0.0546875 0.11574074074074074
0 0.10260416666666666 0.07037037037037037 0.03125 0.07037037037037037
0 0.10833333333333334 0.016203703703703703 0.030208333333333334 0.032407407407407406
0 0.4161458333333333 0.40324074074074073 0.053125 0.11018518518518519
0 0.6244791666666667 0.45 0.06666666666666667 0.10185185185185185
0 0.7026041666666667 0.4027777777777778 0.07708333333333334 0.07222222222222222
0 0.61640625 0.9152777777777777 0.06614583333333333 0.16574074074074074
0 0.9481770833333333 0.8356481481481481 0.07447916666666667 0.0824074074074074
0 0.9216145833333333 0.7462962962962963 0.07864583333333333 0.08703703703703704
0 0.8736979166666666 0.675 0.07552083333333333 0.06851851851851852
0 0.8559895833333333 0.6064814814814815 0.07552083333333333 0.06851851851851852
0 0.9416666666666667 0.4685185185185185 0.0625 0.09259259259259259
0 0.9903645833333333 0.47175925925925927 0.019270833333333334 0.049074074074074076
0 0.9708333333333333 0.4101851851851852 0.058333333333333334 0.08148148148148149
0 0.9216145833333333 0.18009259259259258 0.05364583333333333 0.0712962962962963
0 0.875 0.09583333333333334 0.046875 0.06018518518518518
0 0.8322916666666667 0.032407407407407406 0.041666666666666664 0.06481481481481481
0 0.8692708333333333 0.19398148148148148 0.07291666666666667 0.06759259259259259
0 0.5666666666666667 0.21666666666666667 0.040625 0.07222222222222222
0 0.3841145833333333 0.2712962962962963 0.044270833333333336 0.09074074074074075
0 0.3606770833333333 0.18888888888888888 0.0390625 0.07777777777777778
0 0.3377604166666667 0.09444444444444444 0.0328125 0.06481481481481481
0 0.36692708333333335 0.0375 0.027604166666666666 0.05277777777777778
0 0.3893229166666667 0.13148148148148148 0.0390625 0.07407407407407407
0 0.4513020833333333 0.22824074074074074 0.0390625 0.08425925925925926
0 0.42083333333333334 0.09907407407407408 0.03333333333333333 0.06666666666666667
0 0.4903645833333333 0.20555555555555555 0.03697916666666667 0.07777777777777778
0 0.7075520833333333 0.2449074074074074 0.07135416666666666 0.058333333333333334
0 0.6841145833333333 0.2 0.06197916666666667 0.044444444444444446
0 0.67265625 0.1597222222222222 0.06510416666666667 0.04722222222222222
0 0.8442708333333333 0.15833333333333333 0.06666666666666667 0.06296296296296296
0 0.8296875 0.12916666666666668 0.0625 0.05092592592592592
0 0.8153645833333333 0.09398148148148149 0.0609375 0.058333333333333334
0 0.79921875 0.07314814814814814 0.058854166666666666 0.053703703703703705
0 0.6455729166666667 0.09814814814814815 0.06510416666666667 0.04814814814814815
0 0.61953125 0.06435185185185185 0.059895833333333336 0.049074074074074076
0 0.6052083333333333 0.027777777777777776 0.057291666666666664 0.040740740740740744
0 0.7770833333333333 0.041666666666666664 0.05520833333333333 0.05
0 0.7630208333333334 0.019444444444444445 0.05520833333333333 0.037037037037037035
0 0.5395833333333333 0.13842592592592592 0.041666666666666664 0.08055555555555556
0 0.5028645833333333 0.01898148148148148 0.03802083333333333 0.03611111111111111
0 0.4036458333333333 0.02361111111111111 0.03229166666666667 0.04537037037037037
0 0.3265625 0.02638888888888889 0.03229166666666667 0.05277777777777778
