0 0.3541666666666667 0.3541666666666667 0.014583333333333334 0.05092592592592592
0 0.278125 0.45787037037037037 0.022916666666666665 0.025
0 0.05026041666666667 0.5925925925925926 0.025520833333333333 0.03518518518518519
0 0.09791666666666667 0.6194444444444445 0.027083333333333334 0.022222222222222223
0 0.022916666666666665 0.5527777777777778 0.014583333333333334 0.04814814814814815
0 0.15182291666666667 0.5875 0.015104166666666667 0.05648148148148148
0 0.2947916666666667 0.5851851851851851 0.013541666666666667 0.05185185185185185
0 0.2708333333333333 0.5976851851851852 0.027083333333333334 0.026851851851851852
0 0.28046875 0.4203703703703704 0.0234375 0.027777777777777776
0 0.39479166666666665 0.5481481481481482 0.029166666666666667 0.02962962962962963
0 0.39505208333333336 0.49953703703703706 0.030729166666666665 0.025
0 0.39427083333333335 0.45787037037037037 0.030208333333333334 0.025
0 0.39088541666666665 0.6754629629629629 0.0296875 0.025
0 0.39166666666666666 0.6467592592592593 0.030208333333333334 0.025
0 0.303125 0.1814814814814815 0.023958333333333335 0.07037037037037037
0 0.4002604166666667 0.2962962962962963 0.0296875 0.04259259259259259
0 0.403125 0.40185185185185185 0.027083333333333334 0.027777777777777776
0 0.4046875 0.13055555555555556 0.028125 0.025925925925925925
0 0.4080729166666667 0.09861111111111111 0.030729166666666665 0.03425925925925926
0 0.39557291666666666 0.6013888888888889 0.024479166666666666 0.019444444444444445
0 0.4627604166666667 0.06527777777777778 0.028645833333333332 0.021296296296296296
