0 0.00703125 0.07037037037037037 0.0140625 0.022222222222222223
0 0.037760416666666664 0.05648148148148148 0.016145833333333335 0.018518518518518517
0 0.3015625 0.6643518518518519 0.042708333333333334 0.06574074074074074
0 0.3768229166666667 0.6393518518518518 0.04114583333333333 0.11203703703703703
0 0.35859375 0.5064814814814815 0.0296875 0.07962962962962963
0 0.31354166666666666 0.45185185185185184 0.030208333333333334 0.07592592592592592
0 0.35390625 0.40324074074074073 0.024479166666666666 0.058333333333333334
0 0.35234375 0.3425925925925926 0.025520833333333333 0.04814814814814815
0 0.30703125 0.3402777777777778 0.0234375 0.04537037037037037
0 0.35182291666666665 0.29259259259259257 0.021354166666666667 0.040740740740740744
0 0.3125 0.26851851851851855 0.020833333333333332 0.03888888888888889
0 0.3463541666666667 0.25787037037037036 0.019791666666666666 0.03425925925925926
0 0.3104166666666667 0.2324074074074074 0.017708333333333333 0.03333333333333333
0 0.31692708333333336 0.20324074074074075 0.016145833333333335 0.028703703703703703
0 0.3458333333333333 0.1986111111111111 0.017708333333333333 0.030555555555555555
0 0.3377604166666667 0.1763888888888889 0.016145833333333335 0.026851851851851852
0 0.3078125 0.17453703703703705 0.014583333333333334 0.028703703703703703
0 0.30911458333333336 0.15324074074074073 0.015104166666666667 0.023148148148148147
0 0.3078125 0.13703703703703704 0.013541666666666667 0.020370370370370372
0 0.3307291666666667 0.13194444444444445 0.013541666666666667 0.019444444444444445
0 0.3268229166666667 0.1175925925925926 0.0109375 0.020370370370370372
0 0.3078125 0.12083333333333333 0.011458333333333333 0.019444444444444445
0 0.32760416666666664 0.10694444444444444 0.011458333333333333 0.017592592592592594
0 0.3065104166666667 0.10555555555555556 0.011979166666666667 0.016666666666666666
0 0.3268229166666667 0.09490740740740741 0.0109375 0.01574074074074074
0 0.30546875 0.09490740740740741 0.0109375 0.01574074074074074
0 0.325 0.08518518518518518 0.011458333333333333 0.014814814814814815
0 0.30520833333333336 0.08425925925925926 0.010416666666666666 0.014814814814814815
0 0.3221354166666667 0.07546296296296297 0.0109375 0.013888888888888888
0 0.3046875 0.07361111111111111 0.009375 0.01574074074074074
0 0.30546875 0.06481481481481481 0.009895833333333333 0.016666666666666666
0 0.30546875 0.05462962962962963 0.008854166666666666 0.012962962962962963
0 0.30416666666666664 0.04722222222222222 0.007291666666666667 0.012962962962962963
0 0.3065104166666667 0.040740740740740744 0.0078125 0.012962962962962963
0 0.3046875 0.03333333333333333 0.007291666666666667 0.012962962962962963
0 0.30364583333333334 0.022222222222222223 0.007291666666666667 0.011111111111111112
0 0.30026041666666664 0.01712962962962963 0.0067708333333333336 0.012037037037037037
