0 0.7075520833333333 0.9398148148148148 0.07239583333333334 0.10925925925925926
0 0.5341145833333333 0.9638888888888889 0.0578125 0.07222222222222222
0 0.5598958333333334 0.8791666666666667 0.053125 0.09537037037037037
0 0.59453125 0.8217592592592593 0.0546875 0.08055555555555556
0 0.48020833333333335 0.7805555555555556 0.042708333333333334 0.08333333333333333
0 0.07317708333333334 0.8518518518518519 0.0765625 0.09259259259259259
0 0.296875 0.7342592592592593 0.03229166666666667 0.08148148148148149
0 0.19791666666666666 0.6092592592592593 0.05416666666666667 0.05
0 0.2875 0.537962962962963 0.022916666666666665 0.040740740740740744
0 0.5231770833333333 0.6662037037037037 0.04114583333333333 0.06388888888888888
0 0.43125 0.6171296296296296 0.03125 0.05092592592592592
0 0.47630208333333335 0.5694444444444444 0.0328125 0.04814814814814815
0 0.43255208333333334 0.5337962962962963 0.0296875 0.04537037037037037
0 0.39921875 0.538425925925926 0.025520833333333333 0.03611111111111111
0 0.44453125 0.4976851851851852 0.021354166666666667 0.03425925925925926
0 0.3377604166666667 0.4708333333333333 0.018229166666666668 0.03611111111111111
0 0.3026041666666667 0.4041666666666667 0.016666666666666666 0.026851851851851852
0 0.3809895833333333 0.4824074074074074 0.021354166666666667 0.02962962962962963
0 0.3997395833333333 0.44212962962962965 0.019270833333333334 0.028703703703703703
0 0.37604166666666666 0.4486111111111111 0.017708333333333333 0.028703703703703703
0 0.3567708333333333 0.41064814814814815 0.016666666666666666 0.025
0 0.39140625 0.40185185185185185 0.0171875 0.025925925925925925
0 0.3697916666666667 0.3861111111111111 0.015625 0.020370370370370372
0 0.3645833333333333 0.36574074074074076 0.013541666666666667 0.020370370370370372
0 0.37005208333333334 0.35 0.013020833333333334 0.020370370370370372
0 0.35208333333333336 0.3398148148148148 0.009375 0.018518518518518517
0 0.36484375 0.3333333333333333 0.0109375 0.018518518518518517
0 0.3575520833333333 0.31851851851851853 0.009895833333333333 0.014814814814814815
0 0.3497395833333333 0.30833333333333335 0.009895833333333333 0.016666666666666666
0 0.33619791666666665 0.3101851851851852 0.008854166666666666 0.014814814814814815
0 0.32578125 0.3162037037037037 0.0109375 0.01574074074074074
0 0.28203125 0.3212962962962963 0.009895833333333333 0.018518518518518517
0 0.2989583333333333 0.30416666666666664 0.010416666666666666 0.017592592592592594
0 0.32057291666666665 0.2953703703703704 0.009895833333333333 0.016666666666666666
0 0.33098958333333334 0.2657407407407407 0.0078125 0.011111111111111112
0 0.3125 0.2759259259259259 0.008333333333333333 0.011111111111111112
0 0.3140625 0.2611111111111111 0.008333333333333333 0.011111111111111112
0 0.3223958333333333 0.25277777777777777 0.007291666666666667 0.009259259259259259
0 0.33203125 0.25 0.0078125 0.011111111111111112
0 0.32708333333333334 0.24259259259259258 0.00625 0.009259259259259259
0 0.31875 0.24444444444444444 0.00625 0.009259259259259259
0 0.3106770833333333 0.24953703703703703 0.0067708333333333336 0.010185185185185186
0 0.30833333333333335 0.24212962962962964 0.00625 0.008333333333333333
0 0.3059895833333333 0.2351851851851852 0.0067708333333333336 0.007407407407407408
0 0.28619791666666666 0.22546296296296298 0.005729166666666666 0.010185185185185186
0 0.32395833333333335 0.2351851851851852 0.00625 0.009259259259259259
0 0.32109375 0.22592592592592592 0.005729166666666666 0.007407407407407408
0 0.3138020833333333 0.2324074074074074 0.005729166666666666 0.009259259259259259
0 0.31302083333333336 0.22916666666666666 0.00625 0.008333333333333333
0 0.3111979166666667 0.22685185185185186 0.0046875 0.007407407407407408
0 0.3098958333333333 0.22361111111111112 0.004166666666666667 0.010185185185185186
0 0.31744791666666666 0.21851851851851853 0.005729166666666666 0.009259259259259259
0 0.30885416666666665 0.2152777777777778 0.005208333333333333 0.006481481481481481
0 0.2942708333333333 0.225 0.005208333333333333 0.007407407407407408
0 0.29375 0.21712962962962962 0.00625 0.006481481481481481
0 0.29296875 0.21435185185185185 0.0046875 0.006481481481481481
0 0.30390625 0.22870370370370371 0.0046875 0.007407407407407408
0 0.30182291666666666 0.22361111111111112 0.0046875 0.008333333333333333
0 0.3 0.21574074074074073 0.005208333333333333 0.007407407407407408
0 0.30104166666666665 0.21342592592592594 0.004166666666666667 0.008333333333333333
0 0.30625 0.2111111111111111 0.004166666666666667 0.007407407407407408
0 0.3046875 0.20787037037037037 0.004166666666666667 0.006481481481481481
0 0.30442708333333335 0.20092592592592592 0.0036458333333333334 0.005555555555555556
0 0.29713541666666665 0.20833333333333334 0.0036458333333333334 0.007407407407407408
0 0.2911458333333333 0.20833333333333334 0.005208333333333333 0.007407407407407408
0 0.2916666666666667 0.20185185185185187 0.004166666666666667 0.007407407407407408
0 0.3104166666666667 0.20185185185185187 0.009375 0.016666666666666666
0 0.2981770833333333 0.20416666666666666 0.0046875 0.008333333333333333
0 0.29765625 0.19768518518518519 0.0036458333333333334 0.006481481481481481
