0 0.32734375 0.6361111111111111 0.034895833333333334 0.08333333333333333
0 0.35520833333333335 0.42268518518518516 0.023958333333333335 0.05277777777777778
0 0.3729166666666667 0.3861111111111111 0.022916666666666665 0.044444444444444446
0 0.3026041666666667 0.33287037037037037 0.017708333333333333 0.03796296296296296
0 0.2703125 0.28888888888888886 0.035416666666666666 0.025925925925925925
0 0.25338541666666664 0.1685185185185185 0.022395833333333334 0.018518518518518517
0 0.38567708333333334 0.28055555555555556 0.016145833333333335 0.027777777777777776
0 0.37604166666666666 0.25277777777777777 0.013541666666666667 0.024074074074074074
0 0.3671875 0.23425925925925925 0.013541666666666667 0.024074074074074074
0 0.32369791666666664 0.16805555555555557 0.009895833333333333 0.019444444444444445
0 0.30625 0.1175925925925926 0.008333333333333333 0.016666666666666666
0 0.29296875 0.11481481481481481 0.0109375 0.012962962962962963
0 0.4859375 0.6013888888888889 0.036458333333333336 0.0787037037037037
0 0.48385416666666664 0.48009259259259257 0.03854166666666667 0.05462962962962963
0 0.46041666666666664 0.39861111111111114 0.04583333333333333 0.04722222222222222
0 0.4544270833333333 0.3675925925925926 0.04635416666666667 0.03888888888888889
0 0.41640625 0.29814814814814816 0.034895833333333334 0.025925925925925925
0 0.2911458333333333 0.1912037037037037 0.013541666666666667 0.023148148148148147
0 0.29296875 0.17824074074074073 0.016145833333333335 0.021296296296296296
0 0.2921875 0.16898148148148148 0.016666666666666666 0.021296296296296296
0 0.2713541666666667 0.1425925925925926 0.020833333333333332 0.018518518518518517
0 0.35703125 0.1638888888888889 0.021354166666666667 0.018518518518518517
0 0.34401041666666665 0.15555555555555556 0.009895833333333333 0.016666666666666666
0 0.3375 0.13472222222222222 0.008333333333333333 0.013888888888888888
0 0.28463541666666664 0.13287037037037036 0.009895833333333333 0.01574074074074074
0 0.2609375 0.12731481481481483 0.020833333333333332 0.012037037037037037
0 0.246875 0.12222222222222222 0.020833333333333332 0.012962962962962963
0 0.26145833333333335 0.12129629629629629 0.019791666666666666 0.012962962962962963
0 0.25859375 0.11574074074074074 0.019270833333333334 0.012962962962962963
0 0.25234375 0.11203703703703703 0.019270833333333334 0.012962962962962963
0 0.2635416666666667 0.10555555555555556 0.017708333333333333 0.016666666666666666
0 0.265625 0.09768518518518518 0.015625 0.01574074074074074
0 0.2794270833333333 0.11898148148148148 0.016145833333333335 0.01574074074074074
0 0.33203125 0.11157407407407408 0.016145833333333335 0.01574074074074074
0 0.32864583333333336 0.10138888888888889 0.015625 0.01574074074074074
0 0.28359375 0.10694444444444444 0.009895833333333333 0.013888888888888888
0 0.30859375 0.09212962962962963 0.0078125 0.008333333333333333
