0 0.12083333333333333 0.13148148148148148 0.010416666666666666 0.009259259259259259
0 0.24713541666666666 0.18888888888888888 0.011979166666666667 0.012962962962962963
0 0.3234375 0.1361111111111111 0.007291666666666667 0.009259259259259259
0 0.2794270833333333 0.09259259259259259 0.0036458333333333334 0.005555555555555556
0 0.25807291666666665 0.09027777777777778 0.0067708333333333336 0.006481481481481481
0 0.28880208333333335 0.10694444444444444 0.0078125 0.006481481481481481
0 0.30078125 0.09398148148148149 0.0078125 0.006481481481481481
0 0.3033854166666667 0.09305555555555556 0.008854166666666666 0.006481481481481481
0 0.29375 0.09907407407407408 0.010416666666666666 0.007407407407407408
0 0.36614583333333334 0.07592592592592592 0.004166666666666667 0.005555555555555556
0 0.3651041666666667 0.11157407407407408 0.007291666666666667 0.006481481481481481
0 0.36796875 0.10925925925925926 0.005729166666666666 0.005555555555555556
0 0.37057291666666664 0.10740740740740741 0.0067708333333333336 0.005555555555555556
0 0.34661458333333334 0.06851851851851852 0.0067708333333333336 0.003703703703703704
0 0.3997395833333333 0.07962962962962963 0.0067708333333333336 0.005555555555555556
0 0.39453125 0.06944444444444445 0.0046875 0.003703703703703704
0 0.40130208333333334 0.07222222222222222 0.0046875 0.003703703703703704
0 0.3963541666666667 0.06111111111111111 0.004166666666666667 0.003703703703703704
