4 0.2794270833333333 0.050462962962962966 0.0026041666666666665 0.004629629629629629
4 0.28046875 0.05555555555555555 0.0026041666666666665 0.003703703703703704
4 0.2747395833333333 0.05416666666666667 0.0026041666666666665 0.002777777777777778
4 0.27369791666666665 0.06944444444444445 0.0036458333333333334 0.005555555555555556
4 0.26953125 0.06712962962962964 0.0036458333333333334 0.004629629629629629
4 0.26640625 0.06851851851851852 0.0026041666666666665 0.005555555555555556
4 0.28098958333333335 0.06666666666666667 0.0036458333333333334 0.005555555555555556
4 0.28098958333333335 0.0712962962962963 0.0036458333333333334 0.005555555555555556
4 0.2877604166666667 0.07268518518518519 0.0036458333333333334 0.004629629629629629
4 0.28489583333333335 0.07685185185185185 0.003125 0.005555555555555556
4 0.28125 0.07824074074074074 0.004166666666666667 0.006481481481481481
4 0.26145833333333335 0.08148148148148149 0.004166666666666667 0.007407407407407408
4 0.2838541666666667 0.09259259259259259 0.005208333333333333 0.007407407407407408
4 0.2825520833333333 0.09537037037037037 0.005729166666666666 0.009259259259259259
4 0.2833333333333333 0.10231481481481482 0.005208333333333333 0.008333333333333333
4 0.29791666666666666 0.10046296296296296 0.005208333333333333 0.006481481481481481
4 0.2981770833333333 0.10277777777777777 0.0036458333333333334 0.007407407407407408
4 0.30078125 0.1050925925925926 0.005729166666666666 0.008333333333333333
4 0.24947916666666667 0.07083333333333333 0.004166666666666667 0.004629629629629629
4 0.24713541666666666 0.07546296296296297 0.0036458333333333334 0.006481481481481481
4 0.24192708333333332 0.08518518518518518 0.0046875 0.007407407407407408
4 0.23932291666666666 0.08981481481481482 0.0046875 0.007407407407407408
4 0.23541666666666666 0.08425925925925926 0.007291666666666667 0.005555555555555556
4 0.234375 0.09537037037037037 0.005208333333333333 0.007407407407407408
4 0.31692708333333336 0.09537037037037037 0.0067708333333333336 0.007407407407407408
4 0.31927083333333334 0.09814814814814815 0.00625 0.007407407407407408
4 0.31796875 0.10185185185185185 0.0067708333333333336 0.007407407407407408
4 0.3033854166666667 0.11481481481481481 0.0067708333333333336 0.011111111111111112
4 0.30494791666666665 0.12777777777777777 0.0078125 0.011111111111111112
4 0.28463541666666664 0.12824074074074074 0.0078125 0.012037037037037037
4 0.28072916666666664 0.11851851851851852 0.007291666666666667 0.011111111111111112
4 0.25546875 0.10787037037037037 0.005729166666666666 0.008333333333333333
4 0.25286458333333334 0.1125 0.0067708333333333336 0.010185185185185186
4 0.22135416666666666 0.10833333333333334 0.00625 0.011111111111111112
4 0.228125 0.11064814814814815 0.007291666666666667 0.010185185185185186
4 0.22994791666666667 0.1259259259259259 0.0067708333333333336 0.009259259259259259
4 0.221875 0.12129629629629629 0.008333333333333333 0.012962962962962963
4 0.21770833333333334 0.12916666666666668 0.008333333333333333 0.012037037037037037
4 0.3302083333333333 0.12175925925925926 0.010416666666666666 0.012037037037037037
4 0.33541666666666664 0.13148148148148148 0.009375 0.011111111111111112
4 0.3380208333333333 0.14166666666666666 0.007291666666666667 0.012962962962962963
4 0.3458333333333333 0.14351851851851852 0.011458333333333333 0.014814814814814815
4 0.31015625 0.14351851851851852 0.0078125 0.012962962962962963
4 0.2713541666666667 0.16203703703703703 0.009375 0.014814814814814815
4 0.24453125 0.17175925925925925 0.0109375 0.017592592592592594
4 0.16901041666666666 0.17453703703703705 0.021354166666666667 0.019444444444444445
4 0.17552083333333332 0.2101851851851852 0.01875 0.027777777777777776
4 0.14036458333333332 0.22407407407407406 0.0296875 0.020370370370370372
4 0.13645833333333332 0.27870370370370373 0.025 0.027777777777777776
4 0.10494791666666667 0.3439814814814815 0.028645833333333332 0.04722222222222222
4 0.2643229166666667 0.19814814814814816 0.011979166666666667 0.020370370370370372
4 0.28802083333333334 0.1884259259259259 0.0125 0.019444444444444445
4 0.3299479166666667 0.18888888888888888 0.0203125 0.016666666666666666
4 0.259375 0.24953703703703703 0.016666666666666666 0.030555555555555555
4 0.31484375 0.46620370370370373 0.03177083333333333 0.06388888888888888
4 0.35546875 0.16620370370370371 0.011979166666666667 0.012037037037037037
4 0.35598958333333336 0.175 0.009895833333333333 0.014814814814814815
4 0.36666666666666664 0.18564814814814815 0.025 0.01574074074074074
4 0.36432291666666666 0.19814814814814816 0.013020833333333334 0.018518518518518517
4 0.375 0.20787037037037037 0.014583333333333334 0.025
4 0.38333333333333336 0.22083333333333333 0.015625 0.026851851851851852
4 0.4036458333333333 0.2587962962962963 0.017708333333333333 0.026851851851851852
4 0.42682291666666666 0.30925925925925923 0.0234375 0.03148148148148148
4 0.44895833333333335 0.3236111111111111 0.03854166666666667 0.03611111111111111
4 0.4765625 0.38935185185185184 0.035416666666666666 0.05092592592592592
4 0.5052083333333334 0.4537037037037037 0.03958333333333333 0.05
4 0.5434895833333333 0.5185185185185185 0.0546875 0.07962962962962963
4 0.6984375 0.6680555555555555 0.019791666666666666 0.058333333333333334
4 0.6309895833333333 0.47314814814814815 0.0765625 0.06296296296296296
4 0.5986979166666667 0.42824074074074076 0.06614583333333333 0.04351851851851852
4 0.56953125 0.4074074074074074 0.0609375 0.03888888888888889
4 0.5348958333333333 0.3925925925925926 0.058333333333333334 0.044444444444444446
4 0.5364583333333334 0.36435185185185187 0.051041666666666666 0.03611111111111111
4 0.5260416666666666 0.34120370370370373 0.05520833333333333 0.03425925925925926
4 0.51484375 0.3263888888888889 0.049479166666666664 0.032407407407407406
4 0.49921875 0.31203703703703706 0.0390625 0.025925925925925925
4 0.5161458333333333 0.2916666666666667 0.026041666666666668 0.03333333333333333
4 0.5432291666666667 0.19166666666666668 0.020833333333333332 0.016666666666666666
4 0.5716145833333334 0.18981481481481483 0.009895833333333333 0.012962962962962963
4 0.54765625 0.23703703703703705 0.034895833333333334 0.018518518518518517
4 0.5549479166666667 0.24722222222222223 0.0359375 0.020370370370370372
4 0.5528645833333333 0.25601851851851853 0.04010416666666667 0.021296296296296296
4 0.5565104166666667 0.2671296296296296 0.0328125 0.025
4 0.5854166666666667 0.27175925925925926 0.036458333333333336 0.021296296296296296
4 0.5927083333333333 0.2828703703703704 0.036458333333333336 0.026851851851851852
4 0.6341145833333334 0.3101851851851852 0.04010416666666667 0.027777777777777776
4 0.6619791666666667 0.32546296296296295 0.04479166666666667 0.032407407407407406
4 0.6809895833333334 0.34074074074074073 0.0484375 0.03148148148148148
4 0.6916666666666667 0.3574074074074074 0.03333333333333333 0.03148148148148148
4 0.703125 0.3773148148148148 0.010416666666666666 0.017592592592592594
4 0.6919270833333333 0.40046296296296297 0.0328125 0.04351851851851852
