4 0.2908854166666667 0.49212962962962964 0.043229166666666666 0.12314814814814815
4 0.4471354166666667 0.4861111111111111 0.05364583333333333 0.1259259259259259
4 0.3494791666666667 0.31805555555555554 0.034375 0.09537037037037037
4 0.43125 0.30185185185185187 0.0375 0.07962962962962963
4 0.36328125 0.1875 0.028645833333333332 0.049074074074074076
4 0.09140625 0.36157407407407405 0.05260416666666667 0.09166666666666666
4 0.3234375 0.03657407407407407 0.016666666666666666 0.03611111111111111
4 0.35572916666666665 0.06388888888888888 0.020833333333333332 0.03888888888888889
4 0.2203125 0.05694444444444444 0.023958333333333335 0.04351851851851852
4 0.5252604166666667 0.11157407407407408 0.0359375 0.041666666666666664
4 0.38776041666666666 0.02175925925925926 0.016145833333333335 0.03611111111111111
4 0.11145833333333334 0.08888888888888889 0.046875 0.025925925925925925
4 0.1265625 0.06342592592592593 0.03958333333333333 0.028703703703703703
4 0.47578125 0.027314814814814816 0.050520833333333334 0.025
4 0.5395833333333333 0.018055555555555554 0.029166666666666667 0.025
4 0.023958333333333335 0.5833333333333334 0.04791666666666667 0.1388888888888889
