4 0.2799479166666667 0.40925925925925927 0.024479166666666666 0.06851851851851852
4 0.2828125 0.324537037037037 0.020833333333333332 0.058333333333333334
4 0.25546875 0.2513888888888889 0.0171875 0.028703703703703703
4 0.23411458333333332 0.21157407407407408 0.0140625 0.021296296296296296
4 0.2794270833333333 0.21944444444444444 0.013020833333333334 0.024074074074074074
4 0.2786458333333333 0.19814814814814816 0.010416666666666666 0.018518518518518517
4 0.28020833333333334 0.1625 0.010416666666666666 0.017592592592592594
4 0.27838541666666666 0.13657407407407407 0.008854166666666666 0.010185185185185186
4 0.2559895833333333 0.1310185185185185 0.0067708333333333336 0.012037037037037037
4 0.22317708333333333 0.25972222222222224 0.018229166666666668 0.03611111111111111
4 0.21432291666666667 0.29768518518518516 0.021354166666666667 0.049074074074074076
4 0.24661458333333333 0.17314814814814813 0.011979166666666667 0.020370370370370372
4 0.24739583333333334 0.15601851851851853 0.010416666666666666 0.012037037037037037
4 0.25755208333333335 0.125 0.0067708333333333336 0.011111111111111112
4 0.25677083333333334 0.11435185185185186 0.005208333333333333 0.008333333333333333
