4 0.3059895833333333 0.6481481481481481 0.08385416666666666 0.09259259259259259
4 0.64453125 0.6180555555555556 0.06197916666666667 0.09351851851851851
4 0.5958333333333333 0.48009259259259257 0.046875 0.06388888888888888
4 0.5651041666666666 0.513425925925926 0.051041666666666666 0.07685185185185185
4 0.4544270833333333 0.31342592592592594 0.03177083333333333 0.03796296296296296
4 0.3653645833333333 0.22685185185185186 0.0265625 0.03333333333333333
4 0.3111979166666667 0.008796296296296297 0.005729166666666666 0.010185185185185186
4 0.3138020833333333 0.018055555555555554 0.0067708333333333336 0.012037037037037037
4 0.3184895833333333 0.03333333333333333 0.0067708333333333336 0.011111111111111112
4 0.33307291666666666 0.07361111111111111 0.0078125 0.012037037037037037
4 0.3807291666666667 0.11666666666666667 0.011458333333333333 0.016666666666666666
4 0.40729166666666666 0.12546296296296297 0.0125 0.017592592592592594
4 0.39921875 0.1439814814814815 0.011979166666666667 0.019444444444444445
4 0.42604166666666665 0.1597222222222222 0.014583333333333334 0.023148148148148147
4 0.4434895833333333 0.19907407407407407 0.0171875 0.024074074074074074
4 0.35885416666666664 0.05555555555555555 0.007291666666666667 0.011111111111111112
4 0.3848958333333333 0.044444444444444446 0.0125 0.011111111111111112
4 0.35859375 0.04583333333333333 0.0078125 0.012037037037037037
4 0.6083333333333333 0.08009259259259259 0.014583333333333334 0.010185185185185186
4 0.6059895833333333 0.09027777777777778 0.021354166666666667 0.012037037037037037
4 0.6153645833333333 0.08148148148148149 0.015104166666666667 0.012962962962962963
4 0.61953125 0.10046296296296296 0.019270833333333334 0.013888888888888888
4 0.6283854166666667 0.08796296296296297 0.0203125 0.012962962962962963
4 0.6419270833333334 0.09768518518518518 0.019270833333333334 0.01574074074074074
4 0.6033854166666667 0.05138888888888889 0.011979166666666667 0.010185185185185186
4 0.60859375 0.05277777777777778 0.015104166666666667 0.011111111111111112
4 0.6122395833333333 0.05740740740740741 0.016145833333333335 0.011111111111111112
4 0.6346354166666667 0.06666666666666667 0.011979166666666667 0.011111111111111112
4 0.63984375 0.06712962962962964 0.016145833333333335 0.012037037037037037
4 0.6463541666666667 0.07083333333333333 0.016666666666666666 0.012037037037037037
4 0.6541666666666667 0.1162037037037037 0.020833333333333332 0.013888888888888888
4 0.6489583333333333 0.11296296296296296 0.020833333333333332 0.014814814814814815
4 0.6958333333333333 0.09398148148148149 0.016666666666666666 0.013888888888888888
4 0.6854166666666667 0.0912037037037037 0.014583333333333334 0.01574074074074074
4 0.6796875 0.08657407407407407 0.017708333333333333 0.01574074074074074
