4 0.22447916666666667 0.44675925925925924 0.020833333333333332 0.05462962962962963
4 0.15703125 0.38472222222222224 0.0328125 0.030555555555555555
4 0.15755208333333334 0.33611111111111114 0.03177083333333333 0.024074074074074074
4 0.25338541666666664 0.30787037037037035 0.013020833333333334 0.023148148148148147
4 0.20963541666666666 0.27685185185185185 0.0109375 0.018518518518518517
4 0.21588541666666666 0.24259259259259258 0.009895833333333333 0.018518518518518517
4 0.22213541666666667 0.2199074074074074 0.0067708333333333336 0.010185185185185186
4 0.22135416666666666 0.2111111111111111 0.007291666666666667 0.011111111111111112
4 0.24947916666666667 0.17916666666666667 0.005208333333333333 0.008333333333333333
4 0.2453125 0.16203703703703703 0.003125 0.005555555555555556
4 0.23177083333333334 0.16527777777777777 0.004166666666666667 0.006481481481481481
4 0.234375 0.15462962962962962 0.004166666666666667 0.005555555555555556
4 0.23723958333333334 0.14675925925925926 0.0036458333333333334 0.004629629629629629
