4 0.4270833333333333 0.5337962962962963 0.053125 0.08981481481481482
4 0.37213541666666666 0.6425925925925926 0.06614583333333333 0.1259259259259259
4 0.22838541666666667 0.5347222222222222 0.0640625 0.075
4 0.3065104166666667 0.38287037037037036 0.04739583333333333 0.04351851851851852
4 0.10989583333333333 0.45092592592592595 0.06145833333333333 0.05555555555555555
4 0.09869791666666666 0.5166666666666667 0.06197916666666667 0.06851851851851852
4 0.21015625 0.6837962962962963 0.049479166666666664 0.049074074074074076
4 0.24296875 0.3050925925925926 0.034895833333333334 0.030555555555555555
4 0.2625 0.29583333333333334 0.03125 0.028703703703703703
4 0.5609375 0.37824074074074077 0.028125 0.049074074074074076
4 0.6736979166666667 0.3787037037037037 0.030729166666666665 0.040740740740740744
4 0.5375 0.27314814814814814 0.017708333333333333 0.025925925925925925
4 0.5184895833333333 0.2550925925925926 0.0171875 0.023148148148148147
4 0.53515625 0.22870370370370371 0.013020833333333334 0.022222222222222223
4 0.58125 0.25462962962962965 0.014583333333333334 0.022222222222222223
4 0.5953125 0.24259259259259258 0.014583333333333334 0.022222222222222223
4 0.5854166666666667 0.20833333333333334 0.010416666666666666 0.014814814814814815
4 0.5875 0.19490740740740742 0.009375 0.013888888888888888
4 0.5809895833333333 0.16157407407407406 0.0067708333333333336 0.010185185185185186
4 0.5981770833333333 0.16111111111111112 0.0067708333333333336 0.009259259259259259
4 0.584375 0.14444444444444443 0.00625 0.009259259259259259
4 0.6145833333333334 0.15231481481481482 0.00625 0.010185185185185186
4 0.5950520833333334 0.15462962962962962 0.005729166666666666 0.009259259259259259
4 0.5984375 0.14953703703703702 0.00625 0.008333333333333333
4 0.6114583333333333 0.14675925925925926 0.00625 0.008333333333333333
4 0.6171875 0.22870370370370371 0.0125 0.018518518518518517
4 0.4317708333333333 0.21481481481481482 0.019791666666666666 0.014814814814814815
4 0.7013020833333333 0.24351851851851852 0.0140625 0.022222222222222223
4 0.6963541666666667 0.21944444444444444 0.0125 0.020370370370370372
