0 0.3421875 0.18333333333333332 0.00625 0.011111111111111112
0 0.34869791666666666 0.1787037037037037 0.0046875 0.009259259259259259
0 0.35494791666666664 0.20462962962962963 0.0140625 0.016666666666666666
0 0.3515625 0.21064814814814814 0.007291666666666667 0.012037037037037037
0 0.38203125 0.23333333333333334 0.013020833333333334 0.018518518518518517
0 0.33828125 0.25833333333333336 0.013020833333333334 0.020370370370370372
0 0.378125 0.2611111111111111 0.01875 0.025925925925925925
0 0.3953125 0.25972222222222224 0.0125 0.023148148148148147
0 0.29140625 0.19722222222222222 0.008854166666666666 0.014814814814814815
0 0.28828125 0.2013888888888889 0.008854166666666666 0.010185185185185186
0 0.2890625 0.20787037037037037 0.008333333333333333 0.012037037037037037
0 0.2869791666666667 0.21435185185185185 0.010416666666666666 0.012037037037037037
0 0.29010416666666666 0.2222222222222222 0.010416666666666666 0.014814814814814815
0 0.2875 0.22870370370370371 0.009375 0.014814814814814815
0 0.278125 0.24444444444444444 0.0125 0.016666666666666666
0 0.2755208333333333 0.2537037037037037 0.013541666666666667 0.016666666666666666
0 0.27265625 0.2611111111111111 0.013020833333333334 0.018518518518518517
0 0.278125 0.19074074074074074 0.008333333333333333 0.011111111111111112
0 0.27760416666666665 0.19722222222222222 0.008333333333333333 0.011111111111111112
0 0.2747395833333333 0.2064814814814815 0.008854166666666666 0.014814814814814815
0 0.2721354166666667 0.2111111111111111 0.0109375 0.016666666666666666
0 0.27265625 0.21944444444444444 0.009895833333333333 0.012962962962962963
0 0.271875 0.2273148148148148 0.011458333333333333 0.017592592592592594
0 0.26145833333333335 0.2175925925925926 0.010416666666666666 0.014814814814814815
0 0.25859375 0.22546296296296298 0.0109375 0.01574074074074074
0 0.26223958333333336 0.2337962962962963 0.011979166666666667 0.019444444444444445
0 0.2596354166666667 0.24212962962962964 0.013020833333333334 0.017592592592592594
0 0.24973958333333332 0.20972222222222223 0.008854166666666666 0.01574074074074074
0 0.24609375 0.21805555555555556 0.0109375 0.019444444444444445
0 0.2421875 0.2351851851851852 0.011458333333333333 0.020370370370370372
0 0.25442708333333336 0.2587962962962963 0.015104166666666667 0.021296296296296296
0 0.25 0.35694444444444445 0.023958333333333335 0.04351851851851852
0 0.21614583333333334 0.3597222222222222 0.029166666666666667 0.03981481481481482
0 0.23723958333333334 0.38935185185185184 0.024479166666666666 0.04351851851851852
0 0.22421875 0.4310185185185185 0.03177083333333333 0.05277777777777778
0 0.19244791666666666 0.40879629629629627 0.0296875 0.049074074074074076
0 0.21510416666666668 0.48935185185185187 0.0375 0.0712962962962963
0 0.19427083333333334 0.5597222222222222 0.046875 0.08981481481481482
0 0.17005208333333333 0.45787037037037037 0.04114583333333333 0.0712962962962963
0 0.12239583333333333 0.475 0.046875 0.06851851851851852
0 0.07890625 0.5509259259259259 0.06197916666666667 0.09259259259259259
0 0.09921875 0.6337962962962963 0.0703125 0.11388888888888889
0 0.16302083333333334 0.6569444444444444 0.06354166666666666 0.10277777777777777
0 0.24114583333333334 0.6694444444444444 0.053125 0.07777777777777778
