0 0.51171875 0.3050925925925926 0.044270833333333336 0.04351851851851852
0 0.5549479166666667 0.2759259259259259 0.044270833333333336 0.044444444444444446
0 0.6161458333333333 0.25416666666666665 0.04791666666666667 0.03796296296296296
0 0.5471354166666667 0.21435185185185185 0.0421875 0.03611111111111111
0 0.2046875 0.5439814814814815 0.0625 0.09351851851851851
0 0.12421875 0.41759259259259257 0.043229166666666666 0.06111111111111111
0 0.07291666666666667 0.4393518518518518 0.03958333333333333 0.06759259259259259
0 0.23697916666666666 0.6689814814814815 0.10208333333333333 0.0787037037037037
0 0.5033854166666667 0.24305555555555555 0.04114583333333333 0.041666666666666664
0 0.16848958333333333 0.19537037037037036 0.04010416666666667 0.03148148148148148
0 0.21380208333333334 0.18425925925925926 0.03802083333333333 0.03333333333333333
0 0.190625 0.15694444444444444 0.021875 0.03981481481481482
0 0.4609375 0.26157407407407407 0.04479166666666667 0.04351851851851852
0 0.029947916666666668 0.07037037037037037 0.033854166666666664 0.018518518518518517
0 0.035416666666666666 0.05324074074074074 0.022916666666666665 0.017592592592592594
0 0.05416666666666667 0.04722222222222222 0.016666666666666666 0.020370370370370372
0 0.08645833333333333 0.09166666666666666 0.020833333333333332 0.020370370370370372
0 0.065625 0.08333333333333333 0.026041666666666668 0.016666666666666666
0 0.096875 0.07083333333333333 0.03125 0.017592592592592594
0 0.1046875 0.04861111111111111 0.026041666666666668 0.017592592592592594
0 0.6364583333333333 0.14305555555555555 0.035416666666666666 0.028703703703703703
0 0.61015625 0.14212962962962963 0.0296875 0.032407407407407406
0 0.6971354166666667 0.15694444444444444 0.022395833333333334 0.025
0 0.62265625 0.07222222222222222 0.0203125 0.016666666666666666
0 0.6268229166666667 0.04814814814814815 0.019270833333333334 0.016666666666666666
