4 0.31640625 0.9393518518518519 0.0703125 0.12129629629629629
4 0.428125 0.7462962962962963 0.057291666666666664 0.12962962962962962
4 0.3802083333333333 0.6185185185185185 0.05 0.10925925925925926
4 0.39114583333333336 0.5111111111111111 0.03333333333333333 0.06851851851851852
4 0.40598958333333335 0.45787037037037037 0.0296875 0.058333333333333334
4 0.42734375 0.36666666666666664 0.022395833333333334 0.04259259259259259
4 0.42864583333333334 0.3347222222222222 0.021875 0.03611111111111111
4 0.43411458333333336 0.31157407407407406 0.019270833333333334 0.03611111111111111
4 0.42630208333333336 0.2865740740740741 0.018229166666666668 0.03796296296296296
4 0.43802083333333336 0.2712962962962963 0.016666666666666666 0.027777777777777776
4 0.44296875 0.2518518518518518 0.015104166666666667 0.022222222222222223
4 0.440625 0.23981481481481481 0.014583333333333334 0.024074074074074074
4 0.4236979166666667 0.23194444444444445 0.015104166666666667 0.025
4 0.42682291666666666 0.21064814814814814 0.013020833333333334 0.019444444444444445
4 0.4747395833333333 0.25462962962962965 0.016145833333333335 0.024074074074074074
4 0.51171875 0.3375 0.019270833333333334 0.032407407407407406
4 0.5502604166666667 0.38657407407407407 0.024479166666666666 0.03796296296296296
4 0.5002604166666667 0.26666666666666666 0.018229166666666668 0.02962962962962963
4 0.4466145833333333 0.22777777777777777 0.0140625 0.022222222222222223
4 0.44765625 0.21712962962962962 0.0140625 0.019444444444444445
4 0.4505208333333333 0.19722222222222222 0.011458333333333333 0.022222222222222223
4 0.46145833333333336 0.1925925925925926 0.015625 0.020370370370370372
4 0.4830729166666667 0.18009259259259258 0.011979166666666667 0.019444444444444445
4 0.45208333333333334 0.1824074074074074 0.010416666666666666 0.020370370370370372
4 0.453125 0.17222222222222222 0.011458333333333333 0.016666666666666666
4 0.45546875 0.16203703703703703 0.011979166666666667 0.020370370370370372
4 0.46015625 0.15925925925925927 0.011979166666666667 0.014814814814814815
4 0.44765625 0.15 0.011979166666666667 0.014814814814814815
4 0.46197916666666666 0.1439814814814815 0.009375 0.013888888888888888
4 0.4783854166666667 0.13425925925925927 0.008854166666666666 0.012962962962962963
4 0.49375 0.11527777777777778 0.007291666666666667 0.010185185185185186
4 0.46770833333333334 0.1050925925925926 0.00625 0.010185185185185186
4 0.49505208333333334 0.10324074074074074 0.0067708333333333336 0.008333333333333333
4 0.48203125 0.09212962962962963 0.0046875 0.008333333333333333
4 0.465625 0.08981481481481482 0.011458333333333333 0.009259259259259259
4 0.45286458333333335 0.09027777777777778 0.011979166666666667 0.008333333333333333
4 0.47630208333333335 0.08842592592592592 0.005729166666666666 0.008333333333333333
4 0.49192708333333335 0.08703703703703704 0.005729166666666666 0.007407407407407408
