4 0.11458333333333333 0.4513888888888889 0.019791666666666666 0.04537037037037037
4 0.125 0.4078703703703704 0.017708333333333333 0.03796296296296296
4 0.10052083333333334 0.36574074074074076 0.016666666666666666 0.02962962962962963
4 0.14401041666666667 0.287962962962963 0.0109375 0.018518518518518517
4 0.14114583333333333 0.2601851851851852 0.010416666666666666 0.018518518518518517
4 0.17890625 0.20046296296296295 0.005729166666666666 0.010185185185185186
4 0.17682291666666666 0.18796296296296297 0.005729166666666666 0.009259259259259259
4 0.21875 0.3287037037037037 0.009375 0.020370370370370372
4 0.2171875 0.30462962962962964 0.008333333333333333 0.016666666666666666
4 0.19817708333333334 0.22870370370370371 0.005729166666666666 0.011111111111111112
4 0.20703125 0.20555555555555555 0.005729166666666666 0.009259259259259259
4 0.20651041666666667 0.15046296296296297 0.0036458333333333334 0.004629629629629629
4 0.20807291666666666 0.14027777777777778 0.0036458333333333334 0.004629629629629629
