4 0.2830729166666667 0.6842592592592592 0.016145833333333335 0.016666666666666666
4 0.23697916666666666 0.7032407407407407 0.01875 0.010185185185185186
4 0.21875 0.7018518518518518 0.016666666666666666 0.012962962962962963
4 0.044270833333333336 0.6518518518518519 0.016666666666666666 0.016666666666666666
4 0.03177083333333333 0.6532407407407408 0.016666666666666666 0.019444444444444445
4 0.07265625 0.6092592592592593 0.0140625 0.016666666666666666
4 0.24270833333333333 0.5416666666666666 0.009375 0.011111111111111112
4 0.3059895833333333 0.5277777777777778 0.0078125 0.011111111111111112
4 0.29609375 0.4773148148148148 0.0078125 0.010185185185185186
4 0.28854166666666664 0.47453703703703703 0.00625 0.008333333333333333
4 0.2708333333333333 0.462037037037037 0.007291666666666667 0.011111111111111112
4 0.30963541666666666 0.43425925925925923 0.0067708333333333336 0.007407407407407408
4 0.3533854166666667 0.4337962962962963 0.0046875 0.008333333333333333
4 0.35625 0.41435185185185186 0.004166666666666667 0.008333333333333333
4 0.3578125 0.37824074074074077 0.004166666666666667 0.004629629629629629
4 0.3421875 0.37453703703703706 0.004166666666666667 0.006481481481481481
4 0.2838541666666667 0.3453703703703704 0.00625 0.003703703703703704
4 0.403125 0.3453703703703704 0.004166666666666667 0.005555555555555556
4 0.37265625 0.30324074074074076 0.0046875 0.006481481481481481
4 0.4234375 0.29953703703703705 0.003125 0.004629629629629629
