4 0.029166666666666667 0.6453703703703704 0.058333333333333334 0.05925925925925926
4 0.06015625 0.5833333333333334 0.0765625 0.05555555555555555
4 0.06822916666666666 0.5537037037037037 0.065625 0.040740740740740744
4 0.09088541666666666 0.48842592592592593 0.0546875 0.04351851851851852
4 0.10729166666666666 0.4685185185185185 0.05520833333333333 0.040740740740740744
4 0.2755208333333333 0.4666666666666667 0.021875 0.046296296296296294
4 0.5830729166666667 0.525 0.0265625 0.046296296296296294
4 0.6653645833333334 0.5828703703703704 0.0640625 0.049074074074074076
4 0.5552083333333333 0.4810185185185185 0.052083333333333336 0.041666666666666664
4 0.5166666666666667 0.3902777777777778 0.03854166666666667 0.025
4 0.45729166666666665 0.38564814814814813 0.021875 0.030555555555555555
4 0.4986979166666667 0.35833333333333334 0.0359375 0.022222222222222223
4 0.4875 0.34953703703703703 0.035416666666666666 0.021296296296296296
4 0.42135416666666664 0.3402777777777778 0.014583333333333334 0.021296296296296296
4 0.40546875 0.3175925925925926 0.013020833333333334 0.020370370370370372
4 0.41875 0.29583333333333334 0.022916666666666665 0.013888888888888888
4 0.4296875 0.28425925925925927 0.01875 0.014814814814814815
4 0.4046875 0.2851851851851852 0.010416666666666666 0.014814814814814815
4 0.44895833333333335 0.24675925925925926 0.010416666666666666 0.013888888888888888
4 0.4315104166666667 0.23935185185185184 0.008854166666666666 0.012037037037037037
4 0.375 0.24675925925925926 0.008333333333333333 0.012037037037037037
4 0.3958333333333333 0.2111111111111111 0.013541666666666667 0.009259259259259259
4 0.41953125 0.1912037037037037 0.0067708333333333336 0.008333333333333333
4 0.40651041666666665 0.1925925925925926 0.005729166666666666 0.009259259259259259
4 0.384375 0.19537037037037036 0.00625 0.007407407407407408
4 0.3580729166666667 0.2263888888888889 0.0067708333333333336 0.012037037037037037
4 0.35494791666666664 0.24675925925925926 0.0078125 0.013888888888888888
4 0.3619791666666667 0.1962962962962963 0.005208333333333333 0.007407407407407408
4 0.35703125 0.17407407407407408 0.0036458333333333334 0.005555555555555556
4 0.34739583333333335 0.17407407407407408 0.004166666666666667 0.005555555555555556
4 0.35234375 0.19722222222222222 0.005729166666666666 0.007407407407407408
4 0.353125 0.19444444444444445 0.005208333333333333 0.007407407407407408
4 0.34453125 0.20324074074074075 0.005729166666666666 0.010185185185185186
4 0.34296875 0.19953703703703704 0.0046875 0.008333333333333333
4 0.34479166666666666 0.18703703703703703 0.010416666666666666 0.009259259259259259
4 0.32317708333333334 0.19675925925925927 0.005729166666666666 0.008333333333333333
4 0.3333333333333333 0.17453703703703705 0.004166666666666667 0.006481481481481481
4 0.3255208333333333 0.17546296296296296 0.004166666666666667 0.006481481481481481
4 0.3171875 0.17453703703703705 0.004166666666666667 0.006481481481481481
4 0.309375 0.1736111111111111 0.004166666666666667 0.006481481481481481
4 0.30416666666666664 0.19212962962962962 0.00625 0.010185185185185186
4 0.30052083333333335 0.17962962962962964 0.008333333333333333 0.007407407407407408
4 0.2950520833333333 0.20879629629629629 0.005729166666666666 0.010185185185185186
4 0.29270833333333335 0.21388888888888888 0.00625 0.011111111111111112
4 0.28984375 0.2199074074074074 0.0078125 0.012037037037037037
4 0.26614583333333336 0.2337962962962963 0.008333333333333333 0.013888888888888888
4 0.265625 0.2152777777777778 0.013541666666666667 0.010185185185185186
4 0.25 0.22453703703703703 0.01875 0.012037037037037037
4 0.2552083333333333 0.21157407407407408 0.010416666666666666 0.010185185185185186
4 0.25625 0.20555555555555555 0.010416666666666666 0.009259259259259259
4 0.24791666666666667 0.19537037037037036 0.0125 0.009259259259259259
4 0.2635416666666667 0.18055555555555555 0.011458333333333333 0.007407407407407408
4 0.2799479166666667 0.17453703703703705 0.005729166666666666 0.006481481481481481
4 0.2830729166666667 0.19537037037037036 0.011979166666666667 0.009259259259259259
4 0.2513020833333333 0.19074074074074074 0.011979166666666667 0.009259259259259259
4 0.2638020833333333 0.20416666666666666 0.011979166666666667 0.010185185185185186
4 0.26510416666666664 0.19583333333333333 0.0125 0.008333333333333333
4 0.23541666666666666 0.27314814814814814 0.023958333333333335 0.012962962962962963
4 0.23072916666666668 0.2828703703703704 0.021875 0.017592592592592594
4 0.2140625 0.3226851851851852 0.03125 0.017592592592592594
4 0.20911458333333333 0.37083333333333335 0.033854166666666664 0.028703703703703703
4 0.1734375 0.3680555555555556 0.035416666666666666 0.026851851851851852
4 0.14166666666666666 0.4287037037037037 0.042708333333333334 0.03148148148148148
4 0.14895833333333333 0.4162037037037037 0.04583333333333333 0.028703703703703703
4 0.23697916666666666 0.35 0.015625 0.02962962962962963
