0 0.3234375 0.5509259259259259 0.041666666666666664 0.13333333333333333
0 0.31276041666666665 0.1837962962962963 0.0234375 0.05277777777777778
0 0.23567708333333334 0.16203703703703703 0.022395833333333334 0.05185185185185185
0 0.13385416666666666 0.22453703703703703 0.03333333333333333 0.06388888888888888
0 0.0234375 0.40694444444444444 0.046875 0.062037037037037036
0 0.025260416666666667 0.24074074074074073 0.050520833333333334 0.07592592592592592
0 0.11015625 0.15138888888888888 0.05260416666666667 0.03611111111111111
0 0.30494791666666665 0.06712962962962964 0.019270833333333334 0.04351851851851852
0 0.3372395833333333 0.03657407407407407 0.016145833333333335 0.028703703703703703
0 0.35625 0.02175925925925926 0.014583333333333334 0.025
0 0.3026041666666667 0.020370370370370372 0.015625 0.027777777777777776
0 0.6828125 0.5444444444444444 0.051041666666666666 0.13518518518518519
0 0.6315104166666666 0.12638888888888888 0.0421875 0.04537037037037037
0 0.06770833333333333 0.13333333333333333 0.05520833333333333 0.03888888888888889
0 0.08177083333333333 0.11481481481481481 0.04791666666666667 0.03333333333333333
0 0.09270833333333334 0.09953703703703703 0.04791666666666667 0.03796296296296296
0 0.103125 0.08055555555555556 0.03958333333333333 0.025925925925925925
0 0.11875 0.04351851851851852 0.040625 0.024074074074074074
0 0.11328125 0.06527777777777778 0.0484375 0.026851851851851852
0 0.17734375 0.034722222222222224 0.034895833333333334 0.023148148148148147
0 0.18541666666666667 0.05925925925925926 0.01875 0.03333333333333333
0 0.18125 0.08472222222222223 0.016666666666666666 0.028703703703703703
0 0.17083333333333334 0.1439814814814815 0.03125 0.03611111111111111
