4 0.21328125 0.6050925925925926 0.05364583333333333 0.11574074074074074
4 0.24583333333333332 0.4888888888888889 0.05 0.07037037037037037
4 0.24661458333333333 0.41064814814814815 0.0265625 0.06018518518518518
4 0.28125 0.42268518518518516 0.028125 0.0712962962962963
4 0.2677083333333333 0.32592592592592595 0.04479166666666667 0.05
4 0.265625 0.2865740740740741 0.022916666666666665 0.049074074074074076
4 0.22604166666666667 0.2638888888888889 0.04375 0.03148148148148148
4 0.2421875 0.20972222222222223 0.03854166666666667 0.026851851851851852
4 0.27630208333333334 0.20555555555555555 0.033854166666666664 0.02962962962962963
4 0.2908854166666667 0.16342592592592592 0.0265625 0.025
4 0.25677083333333334 0.15324074074074073 0.03229166666666667 0.026851851851851852
4 0.29296875 0.14444444444444443 0.015104166666666667 0.024074074074074074
4 0.29322916666666665 0.1287037037037037 0.013541666666666667 0.022222222222222223
4 0.30546875 0.11805555555555555 0.019270833333333334 0.021296296296296296
4 0.30755208333333334 0.09814814814814815 0.0203125 0.020370370370370372
4 0.3140625 0.08935185185185185 0.021875 0.023148148148148147
4 0.3059895833333333 0.08101851851851852 0.018229166666666668 0.019444444444444445
4 0.3072916666666667 0.07268518518518519 0.021875 0.017592592592592594
4 0.3104166666666667 0.037037037037037035 0.008333333333333333 0.009259259259259259
4 0.3125 0.050462962962962966 0.022916666666666665 0.013888888888888888
4 0.3145833333333333 0.046296296296296294 0.01875 0.014814814814814815
4 0.3234375 0.040740740740740744 0.011458333333333333 0.016666666666666666
4 0.315625 0.032407407407407406 0.01875 0.014814814814814815
4 0.2953125 0.023148148148148147 0.017708333333333333 0.016666666666666666
4 0.3260416666666667 0.022222222222222223 0.009375 0.014814814814814815
4 0.3338541666666667 0.031018518518518518 0.010416666666666666 0.017592592592592594
4 0.3385416666666667 0.010648148148148148 0.008333333333333333 0.013888888888888888
4 0.33958333333333335 0.022222222222222223 0.008333333333333333 0.014814814814814815
4 0.37135416666666665 0.006481481481481481 0.007291666666666667 0.011111111111111112
4 0.378125 0.010185185185185186 0.016666666666666666 0.012962962962962963
4 0.38828125 0.004629629629629629 0.0109375 0.009259259259259259
4 0.3984375 0.004166666666666667 0.009375 0.008333333333333333
4 0.3768229166666667 0.025 0.022395833333333334 0.011111111111111112
4 0.3776041666666667 0.02962962962962963 0.020833333333333332 0.014814814814814815
4 0.3729166666666667 0.03287037037037037 0.019791666666666666 0.01574074074074074
4 0.35598958333333336 0.02962962962962963 0.009895833333333333 0.014814814814814815
4 0.37447916666666664 0.03981481481481482 0.014583333333333334 0.016666666666666666
4 0.37916666666666665 0.04953703703703704 0.009375 0.01574074074074074
4 0.3515625 0.06111111111111111 0.010416666666666666 0.018518518518518517
4 0.375 0.0587962962962963 0.017708333333333333 0.01574074074074074
4 0.37526041666666665 0.06759259259259259 0.022395833333333334 0.018518518518518517
4 0.3763020833333333 0.07824074074074074 0.0203125 0.017592592592592594
4 0.38203125 0.08472222222222223 0.019270833333333334 0.021296296296296296
4 0.39869791666666665 0.08564814814814815 0.019270833333333334 0.017592592592592594
4 0.39427083333333335 0.10324074074074074 0.019791666666666666 0.01574074074074074
4 0.3953125 0.11018518518518519 0.025 0.018518518518518517
4 0.37473958333333335 0.12268518518518519 0.028645833333333332 0.026851851851851852
4 0.38385416666666666 0.13194444444444445 0.025 0.021296296296296296
4 0.3885416666666667 0.14305555555555555 0.023958333333333335 0.021296296296296296
4 0.38567708333333334 0.16574074074074074 0.03177083333333333 0.025925925925925925
4 0.3377604166666667 0.11342592592592593 0.013020833333333334 0.023148148148148147
4 0.47630208333333335 0.6592592592592592 0.04010416666666667 0.09814814814814815
4 0.44114583333333335 0.48518518518518516 0.030208333333333334 0.07407407407407407
4 0.43671875 0.4162037037037037 0.027604166666666666 0.06018518518518518
4 0.42942708333333335 0.35509259259259257 0.025520833333333333 0.049074074074074076
4 0.40260416666666665 0.3314814814814815 0.021875 0.044444444444444446
4 0.4361979166666667 0.31203703703703706 0.04635416666666667 0.05185185185185185
4 0.40729166666666666 0.2587962962962963 0.035416666666666666 0.041666666666666664
4 0.40625 0.23425925925925925 0.041666666666666664 0.02962962962962963
4 0.4119791666666667 0.2162037037037037 0.03958333333333333 0.030555555555555555
4 0.42213541666666665 0.20601851851851852 0.0390625 0.026851851851851852
4 0.41744791666666664 0.1824074074074074 0.03177083333333333 0.025925925925925925
4 0.425 0.1736111111111111 0.029166666666666667 0.023148148148148147
4 0.4197916666666667 0.1648148148148148 0.03333333333333333 0.024074074074074074
