4 0.00625 0.2125 0.0125 0.017592592592592594
4 0.016666666666666666 0.21944444444444444 0.03333333333333333 0.018518518518518517
4 0.04114583333333333 0.2064814814814815 0.03125 0.016666666666666666
4 0.06458333333333334 0.2101851851851852 0.023958333333333335 0.014814814814814815
4 0.09375 0.22037037037037038 0.03125 0.022222222222222223
4 0.09739583333333333 0.20787037037037037 0.028125 0.019444444444444445
4 0.16901041666666666 0.21481481481481482 0.022395833333333334 0.020370370370370372
4 0.16588541666666667 0.2064814814814815 0.0234375 0.016666666666666666
4 0.14427083333333332 0.32314814814814813 0.027083333333333334 0.03148148148148148
4 0.17421875 0.29212962962962963 0.0234375 0.026851851851851852
4 0.22317708333333333 0.22870370370370371 0.0296875 0.018518518518518517
4 0.23828125 0.21342592592592594 0.0234375 0.017592592592592594
4 0.21614583333333334 0.20185185185185187 0.026041666666666668 0.016666666666666666
4 0.25442708333333336 0.20324074074074075 0.028645833333333332 0.019444444444444445
4 0.23828125 0.19583333333333333 0.027604166666666666 0.01574074074074074
4 0.27890625 0.25601851851851853 0.0171875 0.023148148148148147
4 0.46536458333333336 0.10462962962962963 0.005729166666666666 0.007407407407407408
4 0.45208333333333334 0.10925925925925926 0.00625 0.009259259259259259
4 0.4640625 0.125 0.00625 0.009259259259259259
4 0.4765625 0.13240740740740742 0.007291666666666667 0.011111111111111112
4 0.46380208333333334 0.13935185185185187 0.0078125 0.012037037037037037
4 0.4875 0.1675925925925926 0.011458333333333333 0.011111111111111112
4 0.49244791666666665 0.1310185185185185 0.0067708333333333336 0.010185185185185186
4 0.38567708333333334 0.16620370370370371 0.008854166666666666 0.013888888888888888
4 0.3658854166666667 0.17175925925925925 0.009895833333333333 0.01574074074074074
4 0.3372395833333333 0.16805555555555557 0.0109375 0.013888888888888888
4 0.4044270833333333 0.13333333333333333 0.0067708333333333336 0.012962962962962963
4 0.40130208333333334 0.1398148148148148 0.005729166666666666 0.011111111111111112
4 0.39921875 0.14444444444444443 0.0067708333333333336 0.012962962962962963
4 0.39505208333333336 0.14675925925925926 0.0067708333333333336 0.013888888888888888
4 0.3932291666666667 0.15138888888888888 0.008333333333333333 0.013888888888888888
4 0.38984375 0.1574074074074074 0.008854166666666666 0.016666666666666666
4 0.3888020833333333 0.16064814814814815 0.009895833333333333 0.013888888888888888
4 0.3723958333333333 0.16111111111111112 0.009375 0.016666666666666666
4 0.3533854166666667 0.16712962962962963 0.009895833333333333 0.013888888888888888
4 0.37604166666666666 0.15462962962962962 0.008333333333333333 0.012962962962962963
4 0.38177083333333334 0.1486111111111111 0.007291666666666667 0.010185185185185186
4 0.38255208333333335 0.14444444444444443 0.0078125 0.011111111111111112
4 0.3854166666666667 0.14074074074074075 0.007291666666666667 0.009259259259259259
4 0.38671875 0.13796296296296295 0.0067708333333333336 0.011111111111111112
4 0.39036458333333335 0.1361111111111111 0.0067708333333333336 0.009259259259259259
4 0.3924479166666667 0.13287037037037036 0.005729166666666666 0.010185185185185186
4 0.39427083333333335 0.1300925925925926 0.007291666666666667 0.010185185185185186
4 0.35651041666666666 0.16157407407407406 0.008854166666666666 0.013888888888888888
4 0.36015625 0.15601851851851853 0.008854166666666666 0.012037037037037037
4 0.37578125 0.13657407407407407 0.0067708333333333336 0.012037037037037037
4 0.37890625 0.13333333333333333 0.005729166666666666 0.009259259259259259
4 0.3421875 0.16157407407407406 0.008333333333333333 0.012037037037037037
4 0.34713541666666664 0.15648148148148147 0.0078125 0.012962962962962963
4 0.35572916666666665 0.14722222222222223 0.007291666666666667 0.011111111111111112
4 0.3580729166666667 0.1449074074074074 0.0067708333333333336 0.012037037037037037
4 0.3614583333333333 0.14074074074074075 0.007291666666666667 0.009259259259259259
4 0.3651041666666667 0.13703703703703704 0.00625 0.009259259259259259
4 0.36744791666666665 0.1337962962962963 0.005729166666666666 0.008333333333333333
4 0.3703125 0.1310185185185185 0.00625 0.008333333333333333
4 0.33359375 0.15648148148148147 0.008854166666666666 0.012962962962962963
4 0.34088541666666666 0.1476851851851852 0.0078125 0.010185185185185186
4 0.3221354166666667 0.16712962962962963 0.009895833333333333 0.013888888888888888
4 0.5794270833333334 0.17407407407407408 0.019270833333333334 0.012962962962962963
4 0.5942708333333333 0.18611111111111112 0.019791666666666666 0.012962962962962963
4 0.6143229166666667 0.19212962962962962 0.0203125 0.013888888888888888
4 0.6328125 0.18703703703703703 0.020833333333333332 0.016666666666666666
4 0.6302083333333334 0.2037037037037037 0.01875 0.012962962962962963
4 0.6661458333333333 0.18935185185185185 0.016666666666666666 0.01574074074074074
4 0.7341145833333333 0.20601851851851852 0.0234375 0.017592592592592594
4 0.7020833333333333 0.18472222222222223 0.017708333333333333 0.01574074074074074
4 0.365625 0.1925925925925926 0.023958333333333335 0.014814814814814815
4 0.4356770833333333 0.2638888888888889 0.0140625 0.022222222222222223
4 0.43359375 0.2916666666666667 0.0140625 0.024074074074074074
4 0.42552083333333335 0.30972222222222223 0.016666666666666666 0.025
4 0.4276041666666667 0.33287037037037037 0.017708333333333333 0.030555555555555555
4 0.42239583333333336 0.35462962962962963 0.019791666666666666 0.03518518518518519
4 0.41458333333333336 0.3814814814814815 0.020833333333333332 0.03148148148148148
4 0.4583333333333333 0.2662037037037037 0.013541666666666667 0.023148148148148147
4 0.4588541666666667 0.28194444444444444 0.013541666666666667 0.026851851851851852
4 0.45677083333333335 0.30833333333333335 0.016666666666666666 0.025925925925925925
4 0.4583333333333333 0.3300925925925926 0.015625 0.030555555555555555
4 0.46015625 0.37083333333333335 0.019270833333333334 0.032407407407407406
4 0.4549479166666667 0.4162037037037037 0.022395833333333334 0.03611111111111111
4 0.48489583333333336 0.27175925925925926 0.014583333333333334 0.021296296296296296
4 0.4861979166666667 0.2865740740740741 0.015104166666666667 0.023148148148148147
4 0.48776041666666664 0.30462962962962964 0.0140625 0.025925925925925925
4 0.490625 0.32592592592592595 0.014583333333333334 0.027777777777777776
4 0.490625 0.3537037037037037 0.01875 0.02962962962962963
4 0.49166666666666664 0.3787037037037037 0.019791666666666666 0.037037037037037035
4 0.5127604166666667 0.30277777777777776 0.0171875 0.02962962962962963
4 0.53046875 0.4027777777777778 0.024479166666666666 0.04259259259259259
4 0.3734375 0.3824074074074074 0.021875 0.03518518518518519
4 0.40677083333333336 0.45925925925925926 0.027083333333333334 0.04814814814814815
4 0.4015625 0.5199074074074074 0.030208333333333334 0.05092592592592592
4 0.45625 0.4962962962962963 0.028125 0.05
4 0.49921875 0.46296296296296297 0.024479166666666666 0.04259259259259259
4 0.50703125 0.5041666666666667 0.027604166666666666 0.049074074074074076
4 0.3333333333333333 0.5430555555555555 0.034375 0.05462962962962963
4 0.38697916666666665 0.5907407407407408 0.035416666666666666 0.06296296296296296
4 0.3729166666666667 0.6800925925925926 0.040625 0.0787037037037037
4 0.5052083333333334 0.6226851851851852 0.034375 0.06759259259259259
4 0.5096354166666667 0.7361111111111112 0.044270833333333336 0.1
4 0.4421875 0.7361111111111112 0.03958333333333333 0.09259259259259259
4 0.4484375 0.5722222222222222 0.029166666666666667 0.053703703703703705
4 0.51171875 0.5643518518518519 0.030729166666666665 0.05462962962962963
4 0.4453125 0.9013888888888889 0.051041666666666666 0.1398148148148148
4 0.35572916666666665 0.8421296296296297 0.053125 0.12314814814814815
