0 0.453125 0.5912037037037037 0.036458333333333336 0.07685185185185185
0 0.3692708333333333 0.6662037037037037 0.05520833333333333 0.05462962962962963
0 0.35598958333333336 0.6273148148148148 0.050520833333333334 0.05277777777777778
0 0.31666666666666665 0.4898148148148148 0.028125 0.05555555555555555
0 0.3528645833333333 0.4444444444444444 0.033854166666666664 0.053703703703703705
0 0.4114583333333333 0.4222222222222222 0.028125 0.040740740740740744
0 0.2604166666666667 0.6365740740740741 0.035416666666666666 0.0824074074074074
0 0.18255208333333334 0.6425925925925926 0.025520833333333333 0.07962962962962963
0 0.21692708333333333 0.5736111111111111 0.024479166666666666 0.06944444444444445
0 0.21588541666666666 0.48703703703703705 0.021354166666666667 0.04814814814814815
0 0.16041666666666668 0.5032407407407408 0.026041666666666668 0.06018518518518518
0 0.16640625 0.42407407407407405 0.021354166666666667 0.04814814814814815
0 0.20416666666666666 0.38657407407407407 0.01875 0.03425925925925926
0 0.19765625 0.32916666666666666 0.0171875 0.03611111111111111
0 0.16848958333333333 0.31805555555555554 0.0171875 0.03796296296296296
0 0.19713541666666667 0.2689814814814815 0.013020833333333334 0.025
0 0.21875 0.2449074074074074 0.013541666666666667 0.023148148148148147
0 0.20963541666666666 0.21898148148148147 0.011979166666666667 0.021296296296296296
0 0.1828125 0.23981481481481481 0.014583333333333334 0.024074074074074074
0 0.14973958333333334 0.26435185185185184 0.018229166666666668 0.026851851851851852
0 0.13177083333333334 0.31342592592592594 0.013541666666666667 0.032407407407407406
0 0.10651041666666666 0.3347222222222222 0.0171875 0.032407407407407406
0 0.08515625 0.4527777777777778 0.044270833333333336 0.03518518518518519
0 0.055989583333333336 0.25277777777777777 0.0140625 0.027777777777777776
0 0.08151041666666667 0.2513888888888889 0.016145833333333335 0.028703703703703703
0 0.09036458333333333 0.15601851851851853 0.011979166666666667 0.021296296296296296
0 0.09479166666666666 0.1310185185185185 0.010416666666666666 0.01574074074074074
0 0.09609375 0.12037037037037036 0.009895833333333333 0.016666666666666666
0 0.1125 0.16018518518518518 0.010416666666666666 0.020370370370370372
0 0.18255208333333334 0.20833333333333334 0.0109375 0.018518518518518517
0 0.18489583333333334 0.18194444444444444 0.010416666666666666 0.017592592592592594
0 0.2078125 0.1837962962962963 0.011458333333333333 0.021296296296296296
0 0.20026041666666666 0.13472222222222222 0.008854166666666666 0.013888888888888888
0 0.178125 0.1300925925925926 0.010416666666666666 0.017592592592592594
0 0.1765625 0.1087962962962963 0.008333333333333333 0.013888888888888888
0 0.1375 0.14814814814814814 0.009375 0.016666666666666666
0 0.13932291666666666 0.13425925925925927 0.009895833333333333 0.016666666666666666
0 0.15885416666666666 0.08611111111111111 0.007291666666666667 0.014814814814814815
0 0.15833333333333333 0.05787037037037037 0.00625 0.012037037037037037
0 0.14479166666666668 0.038425925925925926 0.00625 0.012037037037037037
0 0.16901041666666666 0.019444444444444445 0.005729166666666666 0.009259259259259259
0 0.1109375 0.05740740740740741 0.0125 0.011111111111111112
0 0.11614583333333334 0.037037037037037035 0.007291666666666667 0.012962962962962963
0 0.24739583333333334 0.39537037037037037 0.01875 0.040740740740740744
0 0.5333333333333333 0.36203703703703705 0.026041666666666668 0.03333333333333333
0 0.5497395833333333 0.3592592592592593 0.027604166666666666 0.037037037037037035
0 0.56796875 0.35185185185185186 0.027604166666666666 0.03888888888888889
0 0.45546875 0.2865740740740741 0.030729166666666665 0.030555555555555555
0 0.24817708333333333 0.17453703703703705 0.0109375 0.019444444444444445
0 0.2375 0.11203703703703703 0.009375 0.016666666666666666
0 0.23385416666666667 0.0962962962962963 0.009375 0.012962962962962963
0 0.24401041666666667 0.08564814814814815 0.016145833333333335 0.01574074074074074
0 0.23359375 0.06620370370370371 0.008854166666666666 0.013888888888888888
0 0.24166666666666667 0.07731481481481481 0.007291666666666667 0.012037037037037037
0 0.37890625 0.05185185185185185 0.013020833333333334 0.009259259259259259
0 0.38229166666666664 0.05740740740740741 0.014583333333333334 0.011111111111111112
0 0.3893229166666667 0.06481481481481481 0.016145833333333335 0.012962962962962963
0 0.40130208333333334 0.0763888888888889 0.0140625 0.010185185185185186
0 0.4083333333333333 0.08287037037037037 0.016666666666666666 0.012037037037037037
0 0.415625 0.08981481481481482 0.015625 0.009259259259259259
0 0.42161458333333335 0.0962962962962963 0.011979166666666667 0.009259259259259259
0 0.4278645833333333 0.10046296296296296 0.0140625 0.010185185185185186
0 0.43671875 0.10787037037037037 0.015104166666666667 0.012037037037037037
0 0.4393229166666667 0.1125 0.016145833333333335 0.012037037037037037
0 0.44479166666666664 0.11851851851851852 0.015625 0.012962962962962963
0 0.40989583333333335 0.05092592592592592 0.013541666666666667 0.011111111111111112
0 0.42682291666666666 0.05138888888888889 0.013020833333333334 0.010185185185185186
0 0.42916666666666664 0.056018518518518516 0.013541666666666667 0.010185185185185186
0 0.42135416666666664 0.06157407407407407 0.014583333333333334 0.010185185185185186
0 0.42473958333333334 0.06574074074074074 0.015104166666666667 0.011111111111111112
0 0.4309895833333333 0.07037037037037037 0.013020833333333334 0.011111111111111112
0 0.4348958333333333 0.07407407407407407 0.015625 0.011111111111111112
0 0.4505208333333333 0.08703703703703704 0.015625 0.012962962962962963
0 0.45364583333333336 0.09027777777777778 0.0125 0.012037037037037037
0 0.43984375 0.06388888888888888 0.015104166666666667 0.011111111111111112
0 0.4388020833333333 0.07777777777777778 0.015104166666666667 0.011111111111111112
0 0.41171875 0.053703703703703705 0.016145833333333335 0.011111111111111112
0 0.4596354166666667 0.09398148148148149 0.0171875 0.012037037037037037
0 0.471875 0.08796296296296297 0.015625 0.011111111111111112
0 0.46536458333333336 0.08472222222222223 0.0109375 0.010185185185185186
0 0.4669270833333333 0.10138888888888889 0.0171875 0.013888888888888888
0 0.48151041666666666 0.11296296296296296 0.0171875 0.012962962962962963
0 0.4864583333333333 0.1175925925925926 0.020833333333333332 0.014814814814814815
0 0.49270833333333336 0.12222222222222222 0.01875 0.012962962962962963
0 0.49557291666666664 0.10138888888888889 0.0171875 0.013888888888888888
0 0.534375 0.15694444444444444 0.021875 0.01574074074074074
0 0.51171875 0.11898148148148148 0.018229166666666668 0.013888888888888888
0 0.5083333333333333 0.13564814814814816 0.020833333333333332 0.013888888888888888
0 0.48020833333333335 0.15185185185185185 0.01875 0.012962962962962963
0 0.5205729166666667 0.1287037037037037 0.018229166666666668 0.012962962962962963
0 0.51953125 0.14583333333333334 0.021354166666666667 0.017592592592592594
0 0.534375 0.13842592592592592 0.016666666666666666 0.013888888888888888
0 0.5260416666666666 0.15185185185185185 0.019791666666666666 0.016666666666666666
0 0.5541666666666667 0.175 0.020833333333333332 0.016666666666666666
0 0.5471354166666667 0.1699074074074074 0.024479166666666666 0.017592592592592594
0 0.5533854166666666 0.15416666666666667 0.018229166666666668 0.013888888888888888
0 0.5463541666666667 0.14953703703703702 0.020833333333333332 0.013888888888888888
0 0.6015625 0.15462962962962962 0.022916666666666665 0.016666666666666666
0 0.5921875 0.14907407407407408 0.019791666666666666 0.016666666666666666
0 0.5645833333333333 0.1287037037037037 0.01875 0.012962962962962963
0 0.5817708333333333 0.1259259259259259 0.01875 0.012962962962962963
0 0.54609375 0.11388888888888889 0.016145833333333335 0.012962962962962963
0 0.5630208333333333 0.11296296296296296 0.016666666666666666 0.012962962962962963
0 0.5783854166666667 0.10138888888888889 0.015104166666666667 0.01574074074074074
0 0.5666666666666667 0.09305555555555556 0.014583333333333334 0.013888888888888888
0 0.5458333333333333 0.10092592592592593 0.017708333333333333 0.011111111111111112
0 0.5390625 0.11018518518518519 0.016666666666666666 0.012962962962962963
0 0.5252604166666667 0.09907407407407408 0.0171875 0.012962962962962963
0 0.5356770833333333 0.09305555555555556 0.0171875 0.013888888888888888
0 0.51015625 0.08842592592592592 0.016145833333333335 0.012037037037037037
0 0.4953125 0.07824074074074074 0.016666666666666666 0.010185185185185186
0 0.5104166666666666 0.07731481481481481 0.013541666666666667 0.010185185185185186
0 0.5020833333333333 0.07037037037037037 0.013541666666666667 0.009259259259259259
0 0.49322916666666666 0.06527777777777778 0.015625 0.010185185185185186
0 0.4869791666666667 0.062037037037037036 0.010416666666666666 0.009259259259259259
0 0.48098958333333336 0.05648148148148148 0.011979166666666667 0.009259259259259259
0 0.46822916666666664 0.05787037037037037 0.015625 0.010185185185185186
0 0.4739583333333333 0.05092592592592592 0.013541666666666667 0.009259259259259259
0 0.46041666666666664 0.05185185185185185 0.014583333333333334 0.011111111111111112
0 0.45598958333333334 0.04953703703703704 0.011979166666666667 0.008333333333333333
0 0.45286458333333335 0.04675925925925926 0.0109375 0.008333333333333333
0 0.5036458333333333 0.03796296296296296 0.011458333333333333 0.011111111111111112
0 0.49166666666666664 0.04722222222222222 0.011458333333333333 0.011111111111111112
