0 0.02890625 0.7189814814814814 0.0578125 0.10277777777777777
0 0.0953125 0.5638888888888889 0.053125 0.07962962962962963
0 0.052083333333333336 0.3800925925925926 0.065625 0.049074074074074076
0 0.12317708333333334 0.075 0.04114583333333333 0.027777777777777776
0 0.18098958333333334 0.08148148148148149 0.0296875 0.025925925925925925
0 0.29401041666666666 0.08935185185185185 0.0328125 0.026851851851851852
0 0.33828125 0.09166666666666666 0.0359375 0.025925925925925925
0 0.34088541666666666 0.07777777777777778 0.03177083333333333 0.022222222222222223
0 0.51015625 0.0587962962962963 0.022395833333333334 0.023148148148148147
0 0.53125 0.032407407407407406 0.015625 0.020370370370370372
0 0.6213541666666667 0.09166666666666666 0.03125 0.025925925925925925
0 0.8559895833333333 0.075 0.0328125 0.020370370370370372
0 0.9458333333333333 0.09537037037037037 0.030208333333333334 0.022222222222222223
0 0.9104166666666667 0.1300925925925926 0.0375 0.028703703703703703
0 0.8807291666666667 0.16805555555555557 0.03229166666666667 0.032407407407407406
0 0.9515625 0.2810185185185185 0.034375 0.03611111111111111
0 0.3729166666666667 0.3800925925925926 0.026041666666666668 0.05648148148148148
0 0.38645833333333335 0.32546296296296295 0.025 0.05277777777777778
0 0.40286458333333336 0.25462962962962965 0.021354166666666667 0.04259259259259259
0 0.6768229166666667 0.058333333333333334 0.03177083333333333 0.020370370370370372
0 0.6708333333333333 0.006481481481481481 0.022916666666666665 0.012962962962962963
0 0.7 0.00787037037037037 0.014583333333333334 0.01574074074074074
0 0.6809895833333334 0.0824074074074074 0.0296875 0.020370370370370372
0 0.7567708333333333 0.06805555555555555 0.029166666666666667 0.021296296296296296
0 0.7651041666666667 0.14675925925925926 0.03229166666666667 0.028703703703703703
0 0.93515625 0.15416666666666667 0.034895833333333334 0.023148148148148147
0 0.9419270833333333 0.16666666666666666 0.03802083333333333 0.025925925925925925
0 0.9549479166666667 0.1763888888888889 0.033854166666666664 0.023148148148148147
0 0.95546875 0.18888888888888888 0.03177083333333333 0.020370370370370372
0 0.9424479166666667 0.350462962962963 0.043229166666666666 0.030555555555555555
0 0.921875 0.3106481481481482 0.05416666666666667 0.03425925925925926
0 0.91015625 0.29074074074074074 0.0484375 0.03148148148148148
0 0.8997395833333334 0.2740740740740741 0.0484375 0.03148148148148148
0 0.8919270833333334 0.2569444444444444 0.0484375 0.028703703703703703
0 0.8825520833333333 0.2412037037037037 0.04635416666666667 0.028703703703703703
0 0.8677083333333333 0.22314814814814815 0.04375 0.03333333333333333
0 0.859375 0.2064814814814815 0.040625 0.027777777777777776
0 0.8588541666666667 0.19490740740740742 0.03333333333333333 0.021296296296296296
0 0.84921875 0.18287037037037038 0.03802083333333333 0.026851851851851852
0 0.8440104166666667 0.1685185185185185 0.03802083333333333 0.024074074074074074
0 0.8346354166666666 0.15833333333333333 0.0390625 0.025925925925925925
0 0.8276041666666667 0.14953703703703702 0.0375 0.026851851851851852
0 0.95546875 0.7203703703703703 0.07447916666666667 0.06481481481481481
0 0.925 0.6699074074074074 0.07083333333333333 0.05277777777777778
0 0.9138020833333333 0.625 0.0734375 0.053703703703703705
0 0.8880208333333334 0.549537037037037 0.06979166666666667 0.05277777777777778
0 0.8638020833333333 0.5055555555555555 0.05677083333333333 0.04259259259259259
0 0.8479166666666667 0.47175925925925927 0.05 0.03981481481481482
0 0.8408854166666667 0.4361111111111111 0.0546875 0.040740740740740744
0 0.82890625 0.40879629629629627 0.049479166666666664 0.03796296296296296
0 0.8184895833333333 0.3851851851851852 0.043229166666666666 0.03333333333333333
0 0.8096354166666667 0.3587962962962963 0.0453125 0.03796296296296296
0 0.80234375 0.3347222222222222 0.043229166666666666 0.03796296296296296
0 0.7924479166666667 0.31666666666666665 0.03697916666666667 0.03333333333333333
0 0.790625 0.29907407407407405 0.040625 0.03333333333333333
0 0.7815104166666667 0.28055555555555556 0.044270833333333336 0.03148148148148148
0 0.7770833333333333 0.2638888888888889 0.03854166666666667 0.02962962962962963
0 0.7692708333333333 0.24583333333333332 0.03958333333333333 0.025
0 0.7611979166666667 0.23055555555555557 0.03802083333333333 0.02962962962962963
0 0.7557291666666667 0.21712962962962962 0.0375 0.026851851851851852
0 0.7515625 0.20462962962962963 0.0375 0.027777777777777776
0 0.7380208333333333 0.15462962962962962 0.030208333333333334 0.02962962962962963
0 0.73984375 0.1736111111111111 0.030729166666666665 0.021296296296296296
0 0.9330729166666667 0.8888888888888888 0.09010416666666667 0.07407407407407407
0 0.8403645833333333 0.9083333333333333 0.07552083333333333 0.09814814814814815
0 0.7729166666666667 0.9143518518518519 0.05416666666666667 0.125
0 0.7893229166666667 0.6402777777777777 0.0421875 0.07685185185185185
0 0.7677083333333333 0.5537037037037037 0.041666666666666664 0.07037037037037037
0 0.73828125 0.42314814814814816 0.0328125 0.053703703703703705
0 0.6434895833333333 0.21898148148148147 0.021354166666666667 0.03425925925925926
0 0.6541666666666667 0.2726851851851852 0.021875 0.03981481481481482
0 0.6645833333333333 0.32175925925925924 0.022916666666666665 0.03981481481481482
0 0.6744791666666666 0.38472222222222224 0.026041666666666668 0.04537037037037037
0 0.7127604166666667 0.6185185185185185 0.03697916666666667 0.07592592592592592
0 0.6739583333333333 0.6703703703703704 0.03854166666666667 0.08888888888888889
0 0.6322916666666667 0.9092592592592592 0.042708333333333334 0.12037037037037036
0 0.6153645833333333 0.7671296296296296 0.04739583333333333 0.11018518518518519
0 0.59609375 0.6296296296296297 0.034895833333333334 0.08333333333333333
0 0.5815104166666667 0.5467592592592593 0.030729166666666665 0.06759259259259259
0 0.615625 0.5060185185185185 0.03229166666666667 0.06759259259259259
0 0.653125 0.5074074074074074 0.029166666666666667 0.06111111111111111
0 0.64375 0.4300925925925926 0.029166666666666667 0.05648148148148148
0 0.6041666666666666 0.42916666666666664 0.023958333333333335 0.04722222222222222
0 0.5700520833333333 0.45694444444444443 0.0265625 0.05277777777777778
0 0.5684895833333333 0.39444444444444443 0.024479166666666666 0.05185185185185185
0 0.5979166666666667 0.3541666666666667 0.022916666666666665 0.04722222222222222
0 0.6330729166666667 0.36527777777777776 0.022395833333333334 0.04722222222222222
0 0.6278645833333333 0.3111111111111111 0.021354166666666667 0.040740740740740744
0 0.6221354166666667 0.2638888888888889 0.0203125 0.037037037037037035
0 0.6166666666666667 0.22314814814814815 0.01875 0.03148148148148148
0 0.5888020833333333 0.2199074074074074 0.019270833333333334 0.03611111111111111
0 0.5921875 0.2625 0.01875 0.03425925925925926
0 0.59453125 0.3074074074074074 0.019270833333333334 0.040740740740740744
0 0.5614583333333333 0.3398148148148148 0.021875 0.04259259259259259
0 0.5635416666666667 0.2935185185185185 0.01875 0.037037037037037035
0 0.5635416666666667 0.2513888888888889 0.017708333333333333 0.03425925925925926
0 0.5622395833333333 0.21481481481481482 0.019270833333333334 0.03333333333333333
0 0.5223958333333333 0.5726851851851852 0.028125 0.0787037037037037
0 0.47994791666666664 0.3523148148148148 0.021354166666666667 0.049074074074074076
0 0.4901041666666667 0.2569444444444444 0.019791666666666666 0.041666666666666664
0 0.4471354166666667 0.18518518518518517 0.025520833333333333 0.037037037037037035
