0 0.3059895833333333 0.5092592592592593 0.06927083333333334 0.11481481481481481
0 0.48072916666666665 0.3574074074074074 0.06354166666666666 0.06111111111111111
0 0.1984375 0.30925925925925923 0.05520833333333333 0.044444444444444446
0 0.5067708333333333 0.28055555555555556 0.05416666666666667 0.037037037037037035
0 0.27786458333333336 0.20462962962962963 0.022395833333333334 0.046296296296296294
0 0.3140625 0.21388888888888888 0.019791666666666666 0.03888888888888889
0 0.38567708333333334 0.1925925925925926 0.019270833333333334 0.02962962962962963
0 0.1984375 0.1638888888888889 0.022916666666666665 0.027777777777777776
0 0.30416666666666664 0.04027777777777778 0.009375 0.017592592592592594
0 0.3140625 0.1675925925925926 0.019791666666666666 0.040740740740740744
0 0.2708333333333333 0.2875 0.04583333333333333 0.04351851851851852
0 0.60859375 0.33055555555555555 0.058854166666666666 0.04814814814814815
0 0.3888020833333333 0.6708333333333333 0.0484375 0.075
0 0.34661458333333334 0.12037037037037036 0.015104166666666667 0.025925925925925925
0 0.46875 0.1925925925925926 0.021875 0.03518518518518519
0 0.2791666666666667 0.15046296296296297 0.017708333333333333 0.032407407407407406
0 0.28359375 0.1726851851851852 0.0171875 0.03611111111111111
0 0.2890625 0.13148148148148148 0.011458333333333333 0.02962962962962963
0 0.2950520833333333 0.1111111111111111 0.016145833333333335 0.025925925925925925
0 0.2830729166666667 0.09537037037037037 0.011979166666666667 0.020370370370370372
0 0.35520833333333335 0.22962962962962963 0.030208333333333334 0.03333333333333333
0 0.31744791666666666 0.09074074074074075 0.009895833333333333 0.018518518518518517
0 0.3177083333333333 0.10694444444444444 0.0125 0.023148148148148147
0 0.31484375 0.13935185185185187 0.015104166666666667 0.021296296296296296
0 0.31640625 0.12129629629629629 0.0140625 0.018518518518518517
0 0.22994791666666667 0.09953703703703703 0.016145833333333335 0.021296296296296296
0 0.24921875 0.059722222222222225 0.0109375 0.017592592592592594
0 0.2596354166666667 0.044444444444444446 0.008854166666666666 0.018518518518518517
0 0.27421875 0.009259259259259259 0.0078125 0.012962962962962963
0 0.45729166666666665 0.16805555555555557 0.020833333333333332 0.026851851851851852
0 0.4484375 0.14583333333333334 0.017708333333333333 0.028703703703703703
0 0.41744791666666664 0.07592592592592592 0.013020833333333334 0.022222222222222223
0 0.39817708333333335 0.03148148148148148 0.0078125 0.012962962962962963
0 0.4473958333333333 0.028703703703703703 0.009375 0.012962962962962963
0 0.39479166666666665 0.024074074074074074 0.008333333333333333 0.011111111111111112
0 0.3893229166666667 0.0125 0.008854166666666666 0.010185185185185186
