0 0.18697916666666667 0.6865740740740741 0.09583333333333334 0.04351851851851852
0 0.103125 0.6199074074074075 0.09166666666666666 0.0787037037037037
0 0.11953125 0.5652777777777778 0.09114583333333333 0.075
0 0.475 0.39490740740740743 0.03229166666666667 0.06018518518518518
0 0.42630208333333336 0.3541666666666667 0.0234375 0.05092592592592592
0 0.44557291666666665 0.2967592592592593 0.0234375 0.041666666666666664
0 0.2755208333333333 0.25416666666666665 0.04583333333333333 0.032407407407407406
0 0.396875 0.18611111111111112 0.016666666666666666 0.03148148148148148
0 0.3953125 0.16064814814814815 0.015625 0.026851851851851852
0 0.3921875 0.14074074074074075 0.016666666666666666 0.02962962962962963
0 0.25052083333333336 0.19583333333333333 0.026041666666666668 0.049074074074074076
0 0.2877604166666667 0.1837962962962963 0.0359375 0.030555555555555555
0 0.2903645833333333 0.16712962962962963 0.0296875 0.025
0 0.30572916666666666 0.1527777777777778 0.027083333333333334 0.027777777777777776
0 0.29296875 0.1361111111111111 0.03177083333333333 0.022222222222222223
0 0.3028645833333333 0.1037037037037037 0.025520833333333333 0.022222222222222223
0 0.30364583333333334 0.08101851851851852 0.020833333333333332 0.017592592592592594
0 0.35442708333333334 0.07731481481481481 0.0078125 0.017592592592592594
0 0.30755208333333334 0.053703703703703705 0.0140625 0.018518518518518517
0 0.3138020833333333 0.04259259259259259 0.0171875 0.016666666666666666
0 0.32473958333333336 0.034722222222222224 0.008854166666666666 0.01574074074074074
0 0.31171875 0.03194444444444444 0.008854166666666666 0.01574074074074074
0 0.3171875 0.021296296296296296 0.016666666666666666 0.014814814814814815
0 0.3143229166666667 0.013425925925925926 0.008854166666666666 0.013888888888888888
0 0.29635416666666664 0.009722222222222222 0.019791666666666666 0.012037037037037037
0 0.3875 0.08842592592592592 0.011458333333333333 0.019444444444444445
0 0.3859375 0.075 0.011458333333333333 0.018518518518518517
0 0.384375 0.06111111111111111 0.010416666666666666 0.018518518518518517
0 0.3765625 0.006481481481481481 0.01875 0.012962962962962963
0 0.3763020833333333 0.009722222222222222 0.016145833333333335 0.01574074074074074
0 0.3854166666666667 0.019444444444444445 0.017708333333333333 0.016666666666666666
0 0.37135416666666665 0.023148148148148147 0.008333333333333333 0.014814814814814815
0 0.3815104166666667 0.027314814814814816 0.008854166666666666 0.013888888888888888
0 0.38125 0.03611111111111111 0.009375 0.016666666666666666
0 0.3802083333333333 0.04351851851851852 0.010416666666666666 0.016666666666666666
