0 0.33880208333333334 0.5013888888888889 0.0421875 0.08055555555555556
0 0.37161458333333336 0.41435185185185186 0.0390625 0.06018518518518518
0 0.43828125 0.3226851851851852 0.027604166666666666 0.049074074074074076
0 0.37734375 0.35833333333333334 0.03177083333333333 0.046296296296296294
0 0.39010416666666664 0.300462962962963 0.03125 0.049074074074074076
0 0.4361979166666667 0.23981481481481481 0.0234375 0.037037037037037035
0 0.39791666666666664 0.24305555555555555 0.022916666666666665 0.03796296296296296
0 0.40703125 0.19675925925925927 0.021354166666666667 0.03796296296296296
0 0.44557291666666665 0.1884259259259259 0.0203125 0.03796296296296296
0 0.47265625 0.16296296296296298 0.0171875 0.02962962962962963
0 0.3536458333333333 0.25925925925925924 0.026041666666666668 0.046296296296296294
0 0.27890625 0.19444444444444445 0.0265625 0.040740740740740744
0 0.303125 0.1425925925925926 0.020833333333333332 0.03148148148148148
0 0.415625 0.16064814814814815 0.019791666666666666 0.030555555555555555
0 0.475 0.11203703703703703 0.014583333333333334 0.025925925925925925
0 0.4515625 0.10277777777777777 0.014583333333333334 0.025925925925925925
0 0.3455729166666667 0.0625 0.0171875 0.025
0 0.3572916666666667 0.08425925925925926 0.017708333333333333 0.02962962962962963
0 0.39166666666666666 0.06805555555555555 0.013541666666666667 0.025
0 0.45208333333333334 0.05925925925925926 0.013541666666666667 0.024074074074074074
0 0.4622395833333333 0.03009259259259259 0.011979166666666667 0.019444444444444445
0 0.46432291666666664 0.011111111111111112 0.009895833333333333 0.014814814814814815
0 0.3966145833333333 0.006944444444444444 0.009895833333333333 0.012037037037037037
0 0.33307291666666666 0.1087962962962963 0.028645833333333332 0.026851851851851852
0 0.4203125 0.10046296296296296 0.01875 0.023148148148148147
0 0.4270833333333333 0.11388888888888889 0.016666666666666666 0.020370370370370372
0 0.4236979166666667 0.13518518518518519 0.019270833333333334 0.025925925925925925
0 0.4200520833333333 0.055092592592592596 0.021354166666666667 0.021296296296296296
0 0.5065104166666666 0.06342592592592593 0.0140625 0.017592592592592594
0 0.49166666666666664 0.07546296296296297 0.014583333333333334 0.023148148148148147
0 0.50703125 0.037037037037037035 0.011979166666666667 0.018518518518518517
0 0.6375 0.7574074074074074 0.1 0.1
0 0.80625 0.5574074074074075 0.07395833333333333 0.05185185185185185
0 0.9078125 0.08518518518518518 0.021875 0.027777777777777776
0 0.8877604166666667 0.08425925925925926 0.0171875 0.02962962962962963
0 0.86953125 0.0837962962962963 0.0171875 0.025
0 0.8513020833333333 0.08009259259259259 0.015104166666666667 0.021296296296296296
0 0.9143229166666667 0.05787037037037037 0.030729166666666665 0.023148148148148147
