4 0.2734375 0.9453703703703704 0.240625 0.10925925925925926
4 0.5828125 0.8981481481481481 0.196875 0.2037037037037037
4 0.3578125 0.8282407407407407 0.146875 0.23055555555555557
4 0.42604166666666665 0.6694444444444444 0.06979166666666667 0.10925925925925926
4 0.4388020833333333 0.6143518518518518 0.0546875 0.06574074074074074
4 0.5145833333333333 0.6157407407407407 0.046875 0.07962962962962963
4 0.5166666666666667 0.575462962962963 0.03229166666666667 0.04351851851851852
4 0.4518229166666667 0.5925925925925926 0.0453125 0.06296296296296296
4 0.46119791666666665 0.5611111111111111 0.0296875 0.03888888888888889
4 0.50546875 0.5513888888888889 0.0265625 0.03425925925925926
4 0.5026041666666666 0.5370370370370371 0.021875 0.024074074074074074
4 0.4700520833333333 0.5472222222222223 0.027604166666666666 0.03148148148148148
4 0.49583333333333335 0.5268518518518519 0.017708333333333333 0.022222222222222223
4 0.48359375 0.5032407407407408 0.009895833333333333 0.019444444444444445
4 0.5997395833333333 0.5282407407407408 0.0328125 0.028703703703703703
4 0.5822916666666667 0.5268518518518519 0.025 0.024074074074074074
4 0.5739583333333333 0.5259259259259259 0.028125 0.022222222222222223
4 0.5505208333333333 0.5162037037037037 0.022916666666666665 0.01574074074074074
4 0.5463541666666667 0.5111111111111111 0.022916666666666665 0.014814814814814815
