0 0.07447916666666667 0.6597222222222222 0.09583333333333334 0.09537037037037037
0 0.18385416666666668 0.5819444444444445 0.059375 0.14907407407407408
0 0.3265625 0.44351851851851853 0.036458333333333336 0.08148148148148149
0 0.2234375 0.3638888888888889 0.034375 0.07407407407407407
0 0.40286458333333336 0.3148148148148148 0.027604166666666666 0.046296296296296294
0 0.3489583333333333 0.19490740740740742 0.019791666666666666 0.03611111111111111
0 0.25078125 0.1865740740740741 0.021354166666666667 0.049074074074074076
0 0.2598958333333333 0.14351851851851852 0.025 0.03888888888888889
0 0.32708333333333334 0.15462962962962962 0.019791666666666666 0.03518518518518519
0 0.32369791666666664 0.12361111111111112 0.018229166666666668 0.026851851851851852
0 0.3619791666666667 0.12175925925925926 0.016666666666666666 0.030555555555555555
0 0.29140625 0.0962962962962963 0.033854166666666664 0.022222222222222223
0 0.31197916666666664 0.07777777777777778 0.015625 0.022222222222222223
0 0.27395833333333336 0.059722222222222225 0.0125 0.023148148148148147
0 0.30052083333333335 0.060648148148148145 0.015625 0.021296296296296296
0 0.30234375 0.047685185185185185 0.016145833333333335 0.019444444444444445
0 0.2828125 0.0412037037037037 0.014583333333333334 0.021296296296296296
0 0.2682291666666667 0.026851851851851852 0.013541666666666667 0.016666666666666666
0 0.2552083333333333 0.015277777777777777 0.0125 0.01574074074074074
