0 0.01796875 0.0712962962962963 0.0359375 0.07037037037037037
0 0.0875 0.11805555555555555 0.052083333333333336 0.049074074074074076
0 0.10078125 0.1337962962962963 0.03697916666666667 0.0712962962962963
0 0.13671875 0.16064814814814815 0.03697916666666667 0.0712962962962963
0 0.18072916666666666 0.19166666666666668 0.05416666666666667 0.08703703703703704
0 0.28958333333333336 0.2523148148148148 0.053125 0.05648148148148148
0 0.11145833333333334 0.2791666666666667 0.06770833333333333 0.0712962962962963
0 0.04244791666666667 0.16018518518518518 0.0484375 0.04814814814814815
0 0.38671875 0.3921296296296296 0.06302083333333333 0.10092592592592593
0 0.40182291666666664 0.4986111111111111 0.07239583333333334 0.1287037037037037
0 0.4747395833333333 0.23194444444444445 0.04739583333333333 0.075
0 0.5518229166666667 0.15925925925925927 0.03802083333333333 0.07407407407407407
0 0.5921875 0.07407407407407407 0.03125 0.05740740740740741
0 0.5033854166666667 0.287962962962963 0.0484375 0.09074074074074075
0 0.43307291666666664 0.637962962962963 0.0828125 0.14074074074074075
