4 0.3953125 0.2833333333333333 0.015625 0.046296296296296294
4 0.3984375 0.5662037037037037 0.015625 0.06018518518518518
4 0.4427083333333333 0.3458333333333333 0.030208333333333334 0.03425925925925926
4 0.43385416666666665 0.37222222222222223 0.03125 0.037037037037037035
4 0.3606770833333333 0.26944444444444443 0.013020833333333334 0.046296296296296294
4 0.3028645833333333 0.24305555555555555 0.0234375 0.04722222222222222
4 0.2890625 0.22268518518518518 0.014583333333333334 0.04351851851851852
4 0.3380208333333333 0.2814814814814815 0.013541666666666667 0.03333333333333333
4 0.0049479166666666664 0.10972222222222222 0.009895833333333333 0.04351851851851852
4 0.018489583333333334 0.10324074074074074 0.0203125 0.03611111111111111
4 0.03802083333333333 0.10092592592592593 0.020833333333333332 0.03888888888888889
4 0.04192708333333333 0.225 0.021354166666666667 0.04814814814814815
4 0.09140625 0.22083333333333333 0.0203125 0.049074074074074076
4 0.23385416666666667 0.11481481481481481 0.021875 0.04259259259259259
4 0.2552083333333333 0.11388888888888889 0.022916666666666665 0.040740740740740744
4 0.22369791666666666 0.22870370370370371 0.016145833333333335 0.05185185185185185
4 0.2559895833333333 0.2310185185185185 0.016145833333333335 0.05277777777777778
4 0.28515625 0.10833333333333334 0.0296875 0.027777777777777776
4 0.33984375 0.012037037037037037 0.0265625 0.024074074074074074
4 0.3419270833333333 0.02824074074074074 0.0265625 0.03611111111111111
4 0.34140625 0.05925925925925926 0.0234375 0.03333333333333333
4 0.42526041666666664 0.04351851851851852 0.025520833333333333 0.03333333333333333
4 0.42526041666666664 0.07222222222222222 0.028645833333333332 0.03148148148148148
4 0.4231770833333333 0.09861111111111111 0.028645833333333332 0.028703703703703703
4 0.5096354166666667 0.018518518518518517 0.028645833333333332 0.037037037037037035
4 0.46770833333333334 0.10046296296296296 0.0125 0.041666666666666664
4 0.5122395833333333 0.05277777777777778 0.0265625 0.037037037037037035
4 0.5169270833333334 0.11203703703703703 0.025520833333333333 0.03888888888888889
4 0.5114583333333333 0.08472222222222223 0.028125 0.03796296296296296
4 0.51953125 0.14074074074074075 0.025520833333333333 0.03888888888888889
4 0.5192708333333333 0.17824074074074073 0.025 0.04351851851851852
4 0.52421875 0.2064814814814815 0.025520833333333333 0.040740740740740744
4 0.5291666666666667 0.3138888888888889 0.01875 0.03888888888888889
4 0.5354166666666667 0.3625 0.019791666666666666 0.05277777777777778
4 0.3924479166666667 0.4050925925925926 0.015104166666666667 0.05648148148148148
4 0.41796875 0.4236111111111111 0.016145833333333335 0.058333333333333334
4 0.33984375 0.49537037037037035 0.016145833333333335 0.05740740740740741
4 0.42161458333333335 0.49675925925925923 0.0140625 0.05648148148148148
4 0.3450520833333333 0.5791666666666667 0.03177083333333333 0.04722222222222222
4 0.3729166666666667 0.5800925925925926 0.016666666666666666 0.06574074074074074
4 0.34609375 0.6194444444444445 0.030729166666666665 0.046296296296296294
4 0.3458333333333333 0.7064814814814815 0.021875 0.027777777777777776
4 0.3372395833333333 0.7592592592592593 0.022395833333333334 0.06666666666666667
4 0.34765625 0.8166666666666667 0.033854166666666664 0.053703703703703705
4 0.3502604166666667 0.8587962962962963 0.0328125 0.05462962962962963
4 0.35078125 0.9018518518518519 0.0328125 0.05555555555555555
4 0.35052083333333334 0.950462962962963 0.035416666666666666 0.06388888888888888
4 0.3611979166666667 0.975 0.0359375 0.05
4 0.43307291666666664 0.9773148148148149 0.0140625 0.04537037037037037
4 0.3963541666666667 0.9180555555555555 0.015625 0.06759259259259259
4 0.43046875 0.9046296296296297 0.016145833333333335 0.07037037037037037
4 0.4703125 0.40879629629629627 0.015625 0.05092592592592592
4 0.5247395833333334 0.42407407407407405 0.0140625 0.046296296296296294
4 0.5421875 0.44583333333333336 0.015625 0.05277777777777778
4 0.47109375 0.5467592592592593 0.0140625 0.049074074074074076
4 0.4713541666666667 0.6342592592592593 0.014583333333333334 0.05740740740740741
4 0.5455729166666666 0.5064814814814815 0.016145833333333335 0.05555555555555555
4 0.5481770833333334 0.5671296296296297 0.015104166666666667 0.05648148148148148
4 0.5546875 0.6268518518518519 0.017708333333333333 0.05925925925925926
4 0.49921875 0.6611111111111111 0.016145833333333335 0.06296296296296296
4 0.5609375 0.7060185185185185 0.017708333333333333 0.062037037037037036
4 0.47630208333333335 0.725925925925926 0.015104166666666667 0.053703703703703705
4 0.5755208333333334 0.9601851851851851 0.017708333333333333 0.06666666666666667
