0 0.17864583333333334 0.6921296296296297 0.06875 0.032407407407407406
0 0.17213541666666668 0.5912037037037037 0.06197916666666667 0.049074074074074076
0 0.4903645833333333 0.4773148148148148 0.025520833333333333 0.04722222222222222
0 0.21666666666666667 0.41805555555555557 0.04583333333333333 0.03425925925925926
0 0.22057291666666667 0.39166666666666666 0.043229166666666666 0.03333333333333333
0 0.23489583333333333 0.3398148148148148 0.035416666666666666 0.027777777777777776
0 0.23802083333333332 0.3074074074074074 0.036458333333333336 0.027777777777777776
0 0.2421875 0.29212962962962963 0.035416666666666666 0.026851851851851852
0 0.24583333333333332 0.26805555555555555 0.034375 0.025
0 0.24713541666666666 0.2550925925925926 0.0296875 0.023148148148148147
0 0.24947916666666667 0.24027777777777778 0.03125 0.023148148148148147
0 0.25104166666666666 0.2300925925925926 0.030208333333333334 0.023148148148148147
0 0.25546875 0.2199074074074074 0.028645833333333332 0.021296296296296296
0 0.2559895833333333 0.20925925925925926 0.0296875 0.020370370370370372
0 0.26171875 0.1912037037037037 0.027604166666666666 0.019444444444444445
0 0.03802083333333333 0.42314814814814816 0.051041666666666666 0.03888888888888889
0 0.18020833333333333 0.2564814814814815 0.01875 0.037037037037037035
0 0.2046875 0.18981481481481483 0.028125 0.020370370370370372
0 0.20390625 0.18194444444444444 0.027604166666666666 0.017592592592592594
0 0.16692708333333334 0.19907407407407407 0.030729166666666665 0.020370370370370372
0 0.32109375 0.23703703703703705 0.011979166666666667 0.027777777777777776
0 0.3484375 0.2199074074074074 0.011458333333333333 0.021296296296296296
0 0.3263020833333333 0.18935185185185185 0.0109375 0.023148148148148147
0 0.3809895833333333 0.19444444444444445 0.011979166666666667 0.022222222222222223
0 0.35963541666666665 0.1300925925925926 0.009895833333333333 0.01574074074074074
0 0.32760416666666664 0.12546296296296297 0.009375 0.017592592592592594
0 0.3026041666666667 0.15648148148148147 0.023958333333333335 0.018518518518518517
0 0.30755208333333334 0.13657407407407407 0.0109375 0.017592592592592594
0 0.26796875 0.1388888888888889 0.022395833333333334 0.014814814814814815
0 0.26901041666666664 0.13333333333333333 0.021354166666666667 0.014814814814814815
0 0.27317708333333335 0.11481481481481481 0.0203125 0.016666666666666666
0 0.275 0.10972222222222222 0.020833333333333332 0.013888888888888888
0 0.2760416666666667 0.10092592592592593 0.01875 0.014814814814814815
0 0.27578125 0.09259259259259259 0.0171875 0.012962962962962963
0 0.27890625 0.08657407407407407 0.018229166666666668 0.01574074074074074
0 0.2791666666666667 0.08333333333333333 0.01875 0.011111111111111112
0 0.278125 0.07731481481481481 0.01875 0.010185185185185186
0 0.28177083333333336 0.07314814814814814 0.013541666666666667 0.012962962962962963
0 0.28072916666666664 0.07083333333333333 0.017708333333333333 0.012037037037037037
0 0.29192708333333334 0.12175925925925926 0.009895833333333333 0.01574074074074074
0 0.30703125 0.0824074074074074 0.0078125 0.014814814814814815
0 0.33619791666666665 0.06388888888888888 0.0067708333333333336 0.011111111111111112
0 0.22942708333333334 0.13287037037037036 0.013020833333333334 0.017592592592592594
0 0.24166666666666667 0.08055555555555556 0.007291666666666667 0.012962962962962963
0 0.2526041666666667 0.06898148148148148 0.007291666666666667 0.012037037037037037
0 0.25703125 0.05648148148148148 0.016145833333333335 0.012962962962962963
0 0.55859375 0.14814814814814814 0.022395833333333334 0.014814814814814815
0 0.58828125 0.06805555555555555 0.009895833333333333 0.013888888888888888
0 0.36484375 0.07361111111111111 0.011979166666666667 0.013888888888888888
0 0.3567708333333333 0.05324074074074074 0.014583333333333334 0.013888888888888888
0 0.31640625 0.03425925925925926 0.005729166666666666 0.011111111111111112
0 0.32447916666666665 0.025 0.00625 0.011111111111111112
0 0.33359375 0.025 0.005729166666666666 0.009259259259259259
0 0.32109375 0.0125 0.0046875 0.010185185185185186
0 0.30182291666666666 0.03425925925925926 0.011979166666666667 0.011111111111111112
0 0.296875 0.025 0.013541666666666667 0.011111111111111112
