4 0.15677083333333333 0.9412037037037037 0.058333333333333334 0.1175925925925926
4 0.16328125 0.7833333333333333 0.0484375 0.10555555555555556
4 0.0890625 0.7782407407407408 0.04479166666666667 0.0824074074074074
4 0.15859375 0.5907407407407408 0.024479166666666666 0.04259259259259259
4 0.11432291666666666 0.600462962962963 0.0296875 0.04351851851851852
4 0.16953125 0.5342592592592592 0.0234375 0.03518518518518519
4 0.08333333333333333 0.5421296296296296 0.019791666666666666 0.032407407407407406
4 0.14375 0.5203703703703704 0.019791666666666666 0.03333333333333333
4 0.4322916666666667 0.6078703703703704 0.026041666666666668 0.041666666666666664
4 0.43255208333333334 0.5435185185185185 0.021354166666666667 0.037037037037037035
4 0.4239583333333333 0.5138888888888888 0.017708333333333333 0.027777777777777776
4 0.5520833333333334 0.6888888888888889 0.041666666666666664 0.05555555555555555
4 0.5833333333333334 0.7458333333333333 0.05520833333333333 0.06574074074074074
4 0.018489583333333334 0.5643518518518519 0.03697916666666667 0.032407407407407406
4 0.01875 0.5467592592592593 0.026041666666666668 0.013888888888888888
4 0.14296875 0.49074074074074076 0.0171875 0.025925925925925925
4 0.140625 0.4726851851851852 0.015625 0.021296296296296296
4 0.12265625 0.4675925925925926 0.015104166666666667 0.024074074074074074
4 0.14557291666666666 0.449537037037037 0.0140625 0.019444444444444445
4 0.16276041666666666 0.4773148148148148 0.016145833333333335 0.023148148148148147
4 0.42109375 0.44166666666666665 0.011979166666666667 0.016666666666666666
4 0.4669270833333333 0.47314814814814815 0.015104166666666667 0.022222222222222223
4 0.46432291666666664 0.4638888888888889 0.0140625 0.018518518518518517
4 0.46197916666666666 0.4546296296296296 0.014583333333333334 0.020370370370370372
4 0.4583333333333333 0.44814814814814813 0.0125 0.016666666666666666
4 0.45625 0.44212962962962965 0.0125 0.017592592592592594
4 0.45338541666666665 0.43472222222222223 0.013020833333333334 0.021296296296296296
4 0.44973958333333336 0.42916666666666664 0.0109375 0.017592592592592594
4 0.44609375 0.42268518518518516 0.009895833333333333 0.01574074074074074
