4 0.32421875 0.5722222222222222 0.04635416666666667 0.15
4 0.3684895833333333 0.37175925925925923 0.030729166666666665 0.062037037037037036
4 0.3802083333333333 0.24212962962962964 0.022916666666666665 0.03981481481481482
4 0.3502604166666667 0.20277777777777778 0.018229166666666668 0.03148148148148148
4 0.3216145833333333 0.06157407407407407 0.009895833333333333 0.013888888888888888
4 0.4276041666666667 0.6287037037037037 0.05520833333333333 0.1259259259259259
4 0.18776041666666668 0.17685185185185184 0.018229166666666668 0.03148148148148148
4 0.3260416666666667 0.04259259259259259 0.008333333333333333 0.012962962962962963
4 0.334375 0.03194444444444444 0.007291666666666667 0.012037037037037037
4 0.32135416666666666 0.02824074074074074 0.008333333333333333 0.013888888888888888
4 0.28880208333333335 0.03935185185185185 0.008854166666666666 0.013888888888888888
4 0.28932291666666665 0.02824074074074074 0.0078125 0.013888888888888888
4 0.3614583333333333 0.010648148148148148 0.00625 0.012037037037037037
4 0.21041666666666667 0.09027777777777778 0.027083333333333334 0.021296296296296296
4 0.21484375 0.10925925925925926 0.0140625 0.022222222222222223
4 0.13932291666666666 0.19583333333333333 0.03177083333333333 0.025
4 0.16901041666666666 0.22083333333333333 0.0234375 0.03425925925925926
