0 0.25234375 0.25833333333333336 0.0171875 0.03518518518518519
0 0.2171875 0.09351851851851851 0.007291666666666667 0.014814814814814815
0 0.18567708333333333 0.0962962962962963 0.019270833333333334 0.014814814814814815
0 0.18411458333333333 0.08611111111111111 0.015104166666666667 0.011111111111111112
0 0.46927083333333336 0.45092592592592595 0.058333333333333334 0.07407407407407407
0 0.21640625 0.013425925925925926 0.0036458333333333334 0.006481481481481481
0 0.21197916666666666 0.01990740740740741 0.0020833333333333333 0.006481481481481481
0 0.024479166666666666 0.12962962962962962 0.01875 0.018518518518518517
0 0.040625 0.12685185185185185 0.017708333333333333 0.018518518518518517
0 0.030729166666666665 0.1398148148148148 0.030208333333333334 0.020370370370370372
