4 0.22213541666666667 0.3592592592592593 0.018229166666666668 0.037037037037037035
4 0.25338541666666664 0.4050925925925926 0.0203125 0.03981481481481482
4 0.25234375 0.35462962962962963 0.0171875 0.03148148148148148
4 0.23333333333333334 0.25555555555555554 0.010416666666666666 0.020370370370370372
4 0.2552083333333333 0.2449074074074074 0.008333333333333333 0.01574074074074074
4 0.23671875 0.21435185185185185 0.005729166666666666 0.010185185185185186
4 0.25885416666666666 0.28194444444444444 0.009375 0.017592592592592594
4 0.24375 0.16574074074074074 0.004166666666666667 0.009259259259259259
4 0.24322916666666666 0.18101851851851852 0.005208333333333333 0.006481481481481481
4 0.28854166666666664 0.21342592592592594 0.00625 0.012037037037037037
4 0.2609375 0.22870370370370371 0.005208333333333333 0.011111111111111112
