4 0.33125 0.5092592592592593 0.036458333333333336 0.08703703703703704
4 0.35625 0.6810185185185185 0.05 0.05462962962962963
4 0.45364583333333336 0.6537037037037037 0.06875 0.10925925925925926
4 0.38046875 0.41759259259259257 0.028645833333333332 0.05740740740740741
4 0.07604166666666666 0.2773148148148148 0.036458333333333336 0.028703703703703703
4 0.47708333333333336 0.4027777777777778 0.036458333333333336 0.04259259259259259
4 0.4244791666666667 0.32037037037037036 0.025 0.03333333333333333
4 0.33307291666666666 0.3574074074074074 0.022395833333333334 0.040740740740740744
4 0.32421875 0.2898148148148148 0.016145833333333335 0.027777777777777776
4 0.31640625 0.26296296296296295 0.015104166666666667 0.022222222222222223
4 0.3333333333333333 0.26481481481481484 0.014583333333333334 0.024074074074074074
4 0.37604166666666666 0.20416666666666666 0.01875 0.013888888888888888
4 0.29192708333333334 0.22175925925925927 0.0109375 0.017592592592592594
4 0.31536458333333334 0.21296296296296297 0.009895833333333333 0.012962962962962963
4 0.33645833333333336 0.21157407407407408 0.010416666666666666 0.01574074074074074
4 0.34270833333333334 0.20462962962962963 0.010416666666666666 0.014814814814814815
4 0.33697916666666666 0.1962962962962963 0.008333333333333333 0.011111111111111112
4 0.3421875 0.1912037037037037 0.007291666666666667 0.010185185185185186
4 0.3263020833333333 0.19814814814814816 0.0078125 0.011111111111111112
4 0.3216145833333333 0.18703703703703703 0.0078125 0.011111111111111112
4 0.32708333333333334 0.1814814814814815 0.007291666666666667 0.009259259259259259
4 0.30963541666666666 0.19583333333333333 0.009895833333333333 0.013888888888888888
4 0.29921875 0.19953703703703704 0.008854166666666666 0.013888888888888888
4 0.2864583333333333 0.20694444444444443 0.009375 0.01574074074074074
4 0.30026041666666664 0.18287037037037038 0.0078125 0.012037037037037037
4 0.2908854166666667 0.1814814814814815 0.0078125 0.011111111111111112
4 0.2916666666666667 0.1763888888888889 0.007291666666666667 0.010185185185185186
4 0.32526041666666666 0.1699074074074074 0.005729166666666666 0.008333333333333333
4 0.3182291666666667 0.1699074074074074 0.005208333333333333 0.008333333333333333
4 0.3143229166666667 0.1648148148148148 0.0046875 0.009259259259259259
4 0.32083333333333336 0.1638888888888889 0.005208333333333333 0.007407407407407408
4 0.3072916666666667 0.1648148148148148 0.00625 0.009259259259259259
4 0.31692708333333336 0.15787037037037038 0.005729166666666666 0.008333333333333333
4 0.31171875 0.16157407407407406 0.0046875 0.006481481481481481
4 0.309375 0.15648148148148147 0.005208333333333333 0.007407407407407408
