4 0.45598958333333334 0.537962962962963 0.033854166666666664 0.07962962962962963
4 0.23255208333333333 0.5222222222222223 0.0609375 0.08703703703703704
4 0.22135416666666666 0.6787037037037037 0.071875 0.05925925925925926
4 0.44140625 0.449537037037037 0.0328125 0.075
4 0.32734375 0.41064814814814815 0.024479166666666666 0.07314814814814814
4 0.4276041666666667 0.37407407407407406 0.023958333333333335 0.053703703703703705
4 0.25442708333333336 0.3458333333333333 0.0328125 0.06018518518518518
4 0.271875 0.29305555555555557 0.034375 0.03981481481481482
4 0.2947916666666667 0.2587962962962963 0.01875 0.041666666666666664
4 0.26875 0.2537037037037037 0.017708333333333333 0.040740740740740744
4 0.40859375 0.29259259259259257 0.019270833333333334 0.04259259259259259
4 0.40729166666666666 0.2564814814814815 0.01875 0.03333333333333333
4 0.28151041666666665 0.20787037037037037 0.03177083333333333 0.030555555555555555
4 0.40286458333333336 0.22407407407407406 0.018229166666666668 0.03148148148148148
4 0.38333333333333336 0.21064814814814814 0.015625 0.030555555555555555
4 0.27786458333333336 0.18287037037037038 0.016145833333333335 0.030555555555555555
4 0.31484375 0.16342592592592592 0.016145833333333335 0.030555555555555555
4 0.4088541666666667 0.19814814814814816 0.03333333333333333 0.037037037037037035
4 0.3880208333333333 0.1675925925925926 0.027083333333333334 0.03148148148148148
4 0.28203125 0.13425925925925927 0.0265625 0.022222222222222223
4 0.24791666666666667 0.16712962962962963 0.029166666666666667 0.023148148148148147
4 0.25625 0.1361111111111111 0.027083333333333334 0.020370370370370372
4 0.38723958333333336 0.15231481481481482 0.0328125 0.021296296296296296
4 0.3927083333333333 0.14212962962962963 0.03125 0.026851851851851852
4 0.29244791666666664 0.10601851851851851 0.021354166666666667 0.019444444444444445
4 0.26458333333333334 0.09814814814814815 0.025 0.022222222222222223
4 0.3997395833333333 0.13425925925925927 0.03177083333333333 0.020370370370370372
4 0.396875 0.11851851851851852 0.025 0.020370370370370372
4 0.37161458333333336 0.10833333333333334 0.025520833333333333 0.020370370370370372
4 0.4041666666666667 0.11435185185185186 0.027083333333333334 0.017592592592592594
4 0.39947916666666666 0.1087962962962963 0.026041666666666668 0.017592592592592594
4 0.29401041666666666 0.09212962962962963 0.011979166666666667 0.017592592592592594
4 0.29401041666666666 0.08333333333333333 0.009895833333333333 0.018518518518518517
4 0.30364583333333334 0.075 0.014583333333333334 0.016666666666666666
4 0.37395833333333334 0.09212962962962963 0.019791666666666666 0.01574074074074074
4 0.3697916666666667 0.08518518518518518 0.019791666666666666 0.018518518518518517
4 0.36276041666666664 0.07824074074074074 0.024479166666666666 0.023148148148148147
4 0.3796875 0.07037037037037037 0.020833333333333332 0.016666666666666666
4 0.37942708333333336 0.06527777777777778 0.0171875 0.01574074074074074
4 0.38177083333333334 0.05185185185185185 0.013541666666666667 0.016666666666666666
4 0.36953125 0.052314814814814814 0.016145833333333335 0.017592592592592594
4 0.36354166666666665 0.04722222222222222 0.016666666666666666 0.014814814814814815
4 0.36302083333333335 0.038425925925925926 0.01875 0.013888888888888888
4 0.36302083333333335 0.033796296296296297 0.015625 0.01574074074074074
4 0.3619791666666667 0.017592592592592594 0.011458333333333333 0.012962962962962963
4 0.35963541666666665 0.012037037037037037 0.0140625 0.011111111111111112
4 0.36640625 0.008796296296296297 0.016145833333333335 0.012037037037037037
4 0.34270833333333334 0.03888888888888889 0.009375 0.016666666666666666
4 0.33541666666666664 0.011111111111111112 0.007291666666666667 0.014814814814814815
4 0.3296875 0.003703703703703704 0.008333333333333333 0.007407407407407408
4 0.3046875 0.060648148148148145 0.017708333333333333 0.01574074074074074
4 0.3033854166666667 0.047685185185185185 0.0140625 0.013888888888888888
4 0.3046875 0.04398148148148148 0.020833333333333332 0.01574074074074074
