4 0.22760416666666666 0.475462962962963 0.09375 0.14722222222222223
4 0.6338541666666667 0.3333333333333333 0.08645833333333333 0.06851851851851852
4 0.6549479166666666 0.2662037037037037 0.08177083333333333 0.058333333333333334
4 0.6908854166666667 0.20787037037037037 0.034895833333333334 0.05462962962962963
4 0.6807291666666667 0.18101851851851852 0.05520833333333333 0.05462962962962963
4 0.4088541666666667 0.2773148148148148 0.065625 0.09351851851851851
4 0.4984375 0.1925925925925926 0.04791666666666667 0.06481481481481481
4 0.5177083333333333 0.12916666666666668 0.035416666666666666 0.05462962962962963
4 0.36041666666666666 0.1814814814814815 0.05416666666666667 0.05555555555555555
4 0.6815104166666667 0.044444444444444446 0.028645833333333332 0.037037037037037035
4 0.6739583333333333 0.009722222222222222 0.027083333333333334 0.019444444444444445
4 0.6203125 0.06574074074074074 0.03333333333333333 0.04259259259259259
4 0.57734375 0.10277777777777777 0.0359375 0.046296296296296294
4 0.4640625 0.07222222222222222 0.04375 0.040740740740740744
4 0.49296875 0.03935185185185185 0.044270833333333336 0.041666666666666664
4 0.521875 0.018518518518518517 0.042708333333333334 0.037037037037037035
4 0.53828125 0.014814814814814815 0.04010416666666667 0.02962962962962963
4 0.5494791666666666 0.010185185185185186 0.034375 0.020370370370370372
