0 0.42161458333333335 0.7962962962962963 0.07135416666666666 0.10925925925925926
0 0.30625 0.7467592592592592 0.057291666666666664 0.08981481481481482
0 0.384375 0.7078703703703704 0.05520833333333333 0.06388888888888888
0 0.4830729166666667 0.7050925925925926 0.0421875 0.075
0 0.4796875 0.6523148148148148 0.035416666666666666 0.05462962962962963
0 0.64140625 0.9166666666666666 0.1140625 0.15555555555555556
0 0.48802083333333335 0.6097222222222223 0.025 0.03611111111111111
0 0.45651041666666664 0.5879629629629629 0.019270833333333334 0.027777777777777776
0 0.50078125 0.5814814814814815 0.018229166666666668 0.025925925925925925
0 0.46770833333333334 0.5740740740740741 0.020833333333333332 0.02962962962962963
0 0.6072916666666667 0.8101851851851852 0.07083333333333333 0.10740740740740741
0 0.5864583333333333 0.7458333333333333 0.053125 0.08055555555555556
0 0.575 0.6972222222222222 0.05 0.07407407407407407
0 0.5700520833333333 0.6703703703703704 0.03802083333333333 0.05185185185185185
0 0.5606770833333333 0.6504629629629629 0.0328125 0.049074074074074076
0 0.5572916666666666 0.6300925925925925 0.030208333333333334 0.03796296296296296
0 0.5572916666666666 0.6180555555555556 0.030208333333333334 0.03796296296296296
0 0.54765625 0.587037037037037 0.021354166666666667 0.027777777777777776
0 0.41822916666666665 0.6564814814814814 0.040625 0.05740740740740741
0 0.39739583333333334 0.6125 0.06145833333333333 0.05092592592592592
