4 0.30104166666666665 0.3125 0.023958333333333335 0.03796296296296296
4 0.2669270833333333 0.24583333333333332 0.016145833333333335 0.021296296296296296
4 0.24921875 0.24768518518518517 0.015104166666666667 0.021296296296296296
4 0.17890625 0.2111111111111111 0.009895833333333333 0.018518518518518517
4 0.17552083333333332 0.1865740740740741 0.007291666666666667 0.013888888888888888
4 0.17864583333333334 0.1712962962962963 0.00625 0.012962962962962963
4 0.18203125 0.15787037037037038 0.005729166666666666 0.008333333333333333
4 0.2328125 0.18935185185185185 0.010416666666666666 0.013888888888888888
4 0.25494791666666666 0.2037037037037037 0.009895833333333333 0.012962962962962963
4 0.22135416666666666 0.18055555555555555 0.007291666666666667 0.012962962962962963
4 0.21015625 0.1597222222222222 0.0078125 0.008333333333333333
4 0.15625 0.1925925925925926 0.008333333333333333 0.016666666666666666
4 0.24973958333333332 0.19490740740740742 0.009895833333333333 0.013888888888888888
4 0.24088541666666666 0.18055555555555555 0.0078125 0.011111111111111112
4 0.23723958333333334 0.17592592592592593 0.0078125 0.009259259259259259
4 0.23333333333333334 0.16805555555555557 0.00625 0.008333333333333333
4 0.22994791666666667 0.16203703703703703 0.0067708333333333336 0.009259259259259259
4 0.22760416666666666 0.15833333333333333 0.00625 0.007407407407407408
4 0.22291666666666668 0.1527777777777778 0.005208333333333333 0.007407407407407408
4 0.22005208333333334 0.14722222222222223 0.0046875 0.007407407407407408
4 0.21796875 0.14444444444444443 0.0046875 0.005555555555555556
4 0.171875 0.16111111111111112 0.00625 0.007407407407407408
4 0.171875 0.14537037037037037 0.004166666666666667 0.005555555555555556
4 0.16770833333333332 0.15324074074074073 0.004166666666666667 0.006481481481481481
4 0.16822916666666668 0.15 0.005208333333333333 0.007407407407407408
