4 0.16536458333333334 0.6587962962962963 0.12760416666666666 0.09907407407407408
4 0.24010416666666667 0.48703703703703705 0.052083333333333336 0.10925925925925926
4 0.23802083333333332 0.40046296296296297 0.03854166666666667 0.08055555555555556
4 0.1703125 0.37916666666666665 0.052083333333333336 0.08611111111111111
4 0.2484375 0.33796296296296297 0.046875 0.07037037037037037
4 0.2682291666666667 0.26064814814814813 0.05 0.05648148148148148
4 0.26328125 0.23796296296296296 0.028645833333333332 0.046296296296296294
4 0.265625 0.2064814814814815 0.0375 0.03333333333333333
4 0.2682291666666667 0.19212962962962962 0.035416666666666666 0.032407407407407406
4 0.27421875 0.17777777777777778 0.033854166666666664 0.02962962962962963
4 0.2638020833333333 0.15925925925925927 0.016145833333333335 0.027777777777777776
4 0.26614583333333336 0.1449074074074074 0.014583333333333334 0.025
4 0.2546875 0.10972222222222222 0.016666666666666666 0.023148148148148147
4 0.2765625 0.10925925925925926 0.0125 0.020370370370370372
4 0.27317708333333335 0.09305555555555556 0.0140625 0.017592592592592594
4 0.46770833333333334 0.34120370370370373 0.03229166666666667 0.05462962962962963
4 0.44869791666666664 0.2949074074074074 0.0296875 0.04722222222222222
4 0.42083333333333334 0.25416666666666665 0.040625 0.04537037037037037
4 0.415625 0.2199074074074074 0.034375 0.04537037037037037
4 0.40598958333333335 0.19537037037037036 0.021354166666666667 0.025925925925925925
4 0.4125 0.15555555555555556 0.020833333333333332 0.024074074074074074
4 0.33255208333333336 0.12962962962962962 0.013020833333333334 0.022222222222222223
4 0.3653645833333333 0.11527777777777778 0.013020833333333334 0.021296296296296296
4 0.3809895833333333 0.10046296296296296 0.011979166666666667 0.01574074074074074
4 0.2796875 0.07037037037037037 0.016666666666666666 0.012962962962962963
4 0.27734375 0.08333333333333333 0.0203125 0.018518518518518517
4 0.2859375 0.08703703703703704 0.019791666666666666 0.014814814814814815
4 0.26953125 0.07916666666666666 0.021354166666666667 0.01574074074074074
4 0.3346354166666667 0.05416666666666667 0.0078125 0.012037037037037037
