0 0.36770833333333336 0.11944444444444445 0.021875 0.05925925925925926
0 0.5700520833333333 0.011111111111111112 0.03697916666666667 0.020370370370370372
0 0.30807291666666664 0.8634259259259259 0.06302083333333333 0.06574074074074074
0 0.22734375 0.9226851851851852 0.04010416666666667 0.09722222222222222
0 0.196875 0.5296296296296297 0.041666666666666664 0.07592592592592592
0 0.33046875 0.3 0.021354166666666667 0.06481481481481481
0 0.32057291666666665 0.3763888888888889 0.025520833333333333 0.06759259259259259
0 0.3046875 0.4726851851851852 0.028125 0.08055555555555556
0 0.3455729166666667 0.562037037037037 0.05260416666666667 0.05
0 0.35651041666666666 0.5078703703703704 0.0515625 0.04537037037037037
0 0.3265625 0.6550925925925926 0.04791666666666667 0.04722222222222222
0 0.6455729166666667 0.07546296296296297 0.03697916666666667 0.028703703703703703
