0 0.49921875 0.6314814814814815 0.022395833333333334 0.05185185185185185
0 0.34270833333333334 0.5023148148148148 0.015625 0.03425925925925926
0 0.46328125 0.5097222222222222 0.018229166666666668 0.03981481481481482
0 0.45598958333333334 0.4305555555555556 0.015104166666666667 0.02962962962962963
0 0.32838541666666665 0.3675925925925926 0.0109375 0.022222222222222223
0 0.3341145833333333 0.4287037037037037 0.013020833333333334 0.025925925925925925
0 0.3177083333333333 0.49166666666666664 0.015625 0.03333333333333333
0 0.36302083333333335 0.35648148148148145 0.011458333333333333 0.024074074074074074
0 0.39817708333333335 0.32592592592592595 0.0109375 0.020370370370370372
0 0.33046875 0.31805555555555554 0.009895833333333333 0.017592592592592594
0 0.39088541666666665 0.29768518518518516 0.008854166666666666 0.019444444444444445
0 0.3341145833333333 0.2689814814814815 0.0078125 0.013888888888888888
0 0.35625 0.24444444444444444 0.007291666666666667 0.012962962962962963
0 0.33958333333333335 0.24444444444444444 0.00625 0.011111111111111112
0 0.34375 0.2310185185185185 0.00625 0.010185185185185186
0 0.3924479166666667 0.22314814814814815 0.005729166666666666 0.011111111111111112
0 0.3921875 0.20972222222222223 0.007291666666666667 0.012037037037037037
0 0.41302083333333334 0.18055555555555555 0.00625 0.009259259259259259
0 0.3703125 0.19074074074074074 0.00625 0.009259259259259259
0 0.43671875 0.3060185185185185 0.015104166666666667 0.013888888888888888
0 0.4265625 0.3106481481481482 0.015625 0.012037037037037037
0 0.3731770833333333 0.17083333333333334 0.0067708333333333336 0.010185185185185186
0 0.378125 0.18425925925925926 0.00625 0.011111111111111112
0 0.3984375 0.16712962962962963 0.007291666666666667 0.008333333333333333
0 0.4166666666666667 0.16574074074074074 0.005208333333333333 0.007407407407407408
0 0.42109375 0.1527777777777778 0.0067708333333333336 0.007407407407407408
0 0.44427083333333334 0.2912037037037037 0.011458333333333333 0.012037037037037037
0 0.6776041666666667 0.42777777777777776 0.0125 0.022222222222222223
0 0.68203125 0.412962962962963 0.011979166666666667 0.018518518518518517
0 0.6859375 0.40324074074074073 0.011458333333333333 0.019444444444444445
