0 0.7598958333333333 0.02546296296296296 0.019791666666666666 0.032407407407407406
0 0.7213541666666666 0.08564814814814815 0.022916666666666665 0.03796296296296296
0 0.6981770833333333 0.12407407407407407 0.0234375 0.03333333333333333
0 0.6848958333333334 0.15324074074074073 0.021875 0.03425925925925926
0 0.6703125 0.17731481481481481 0.019791666666666666 0.03611111111111111
0 0.6546875 0.2064814814814815 0.021875 0.03888888888888889
0 0.6364583333333333 0.23472222222222222 0.022916666666666665 0.03796296296296296
0 0.6153645833333333 0.2740740740740741 0.0265625 0.04259259259259259
0 0.7145833333333333 0.23842592592592593 0.026041666666666668 0.03981481481481482
0 0.6442708333333333 0.3194444444444444 0.026041666666666668 0.046296296296296294
0 0.6591145833333333 0.3425925925925926 0.025520833333333333 0.044444444444444446
0 0.6854166666666667 0.3476851851851852 0.029166666666666667 0.04722222222222222
0 0.9260416666666667 0.10138888888888889 0.01875 0.032407407407407406
0 0.91640625 0.12777777777777777 0.019270833333333334 0.03333333333333333
0 0.90546875 0.15648148148148147 0.0171875 0.03518518518518519
0 0.8880208333333334 0.19814814814814816 0.020833333333333332 0.03518518518518519
0 0.8760416666666667 0.22870370370370371 0.019791666666666666 0.03518518518518519
0 0.8638020833333333 0.2587962962962963 0.019270833333333334 0.032407407407407406
0 0.8505208333333333 0.29398148148148145 0.022916666666666665 0.03796296296296296
0 0.8338541666666667 0.34120370370370373 0.023958333333333335 0.03981481481481482
0 0.81796875 0.38287037037037036 0.022395833333333334 0.04537037037037037
0 0.8046875 0.4217592592592593 0.021875 0.04537037037037037
0 0.7942708333333334 0.46296296296296297 0.019791666666666666 0.04259259259259259
0 0.86953125 0.611574074074074 0.05260416666666667 0.058333333333333334
0 0.8921875 0.5513888888888889 0.040625 0.05092592592592592
0 0.60546875 0.562037037037037 0.04010416666666667 0.03333333333333333
0 0.5421875 0.7236111111111111 0.034375 0.06018518518518518
0 0.565625 0.7518518518518519 0.035416666666666666 0.06296296296296296
0 0.4908854166666667 0.8342592592592593 0.03802083333333333 0.06851851851851852
0 0.49947916666666664 0.8949074074074074 0.03854166666666667 0.07314814814814814
0 0.40625 0.6513888888888889 0.0375 0.06574074074074074
0 0.3734375 0.7064814814814815 0.030208333333333334 0.05
0 0.3372395833333333 0.7675925925925926 0.0390625 0.06851851851851852
0 0.27838541666666666 0.8759259259259259 0.0390625 0.07222222222222222
0 0.2375 0.9416666666666667 0.041666666666666664 0.07407407407407407
0 0.16875 1.0657407407407407 0.052083333333333336 0.08888888888888889
0 0.31145833333333334 1.2453703703703705 0.05416666666666667 0.11296296296296296
0 0.33567708333333335 1.3027777777777778 0.049479166666666664 0.1111111111111111
0 0.22239583333333332 1.2824074074074074 0.06145833333333333 0.1111111111111111
0 0.13671875 1.3347222222222221 0.08177083333333333 0.10833333333333334
0 0.39166666666666666 1.2949074074074074 0.05520833333333333 0.10833333333333334
0 0.45234375 1.3328703703703704 0.043229166666666666 0.08981481481481482
0 0.42473958333333334 1.0662037037037038 0.043229166666666666 0.0824074074074074
