0 0.33984375 0.7194444444444444 0.008854166666666666 0.018518518518518517
0 0.33958333333333335 0.6662037037037037 0.009375 0.032407407407407406
0 0.3268229166666667 0.637962962962963 0.008854166666666666 0.027777777777777776
0 0.33880208333333334 0.6231481481481481 0.008854166666666666 0.03148148148148148
0 0.3734375 0.5532407407407407 0.010416666666666666 0.032407407407407406
0 0.3263020833333333 0.5328703703703703 0.008854166666666666 0.026851851851851852
0 0.3377604166666667 0.5296296296296297 0.008854166666666666 0.02962962962962963
0 0.33645833333333336 0.4912037037037037 0.008333333333333333 0.025
0 0.32578125 0.4981481481481482 0.008854166666666666 0.027777777777777776
0 0.3260416666666667 0.4675925925925926 0.007291666666666667 0.022222222222222223
0 0.33645833333333336 0.44675925925925924 0.008333333333333333 0.025
0 0.3260416666666667 0.4356481481481482 0.008333333333333333 0.023148148148148147
0 0.315625 0.4222222222222222 0.008333333333333333 0.022222222222222223
0 0.2984375 0.3912037037037037 0.010416666666666666 0.017592592592592594
0 0.3106770833333333 0.37962962962962965 0.009895833333333333 0.020370370370370372
0 0.3255208333333333 0.4050925925925926 0.007291666666666667 0.023148148148148147
0 0.34609375 0.41805555555555557 0.0078125 0.023148148148148147
0 0.3809895833333333 0.40324074074074073 0.0078125 0.021296296296296296
0 0.37109375 0.3560185185185185 0.0109375 0.021296296296296296
0 0.41171875 0.3472222222222222 0.0140625 0.012962962962962963
0 0.43020833333333336 0.34444444444444444 0.015625 0.012962962962962963
0 0.4083333333333333 0.2953703703703704 0.013541666666666667 0.011111111111111112
0 0.3567708333333333 0.29583333333333334 0.0125 0.013888888888888888
0 0.3255208333333333 0.3148148148148148 0.014583333333333334 0.012962962962962963
0 0.3268229166666667 0.29444444444444445 0.0140625 0.011111111111111112
0 0.2674479166666667 0.3662037037037037 0.016145833333333335 0.013888888888888888
0 0.2908854166666667 0.32407407407407407 0.0140625 0.012962962962962963
0 0.2984375 0.31342592592592594 0.014583333333333334 0.012037037037037037
