0 0.4973958333333333 0.15462962962962962 0.028125 0.11851851851851852
0 0.51328125 0.3212962962962963 0.04010416666666667 0.11851851851851852
0 0.4903645833333333 0.5912037037037037 0.033854166666666664 0.11388888888888889
0 0.4864583333333333 0.8763888888888889 0.04479166666666667 0.11018518518518519
0 0.6203125 0.8430555555555556 0.053125 0.08796296296296297
0 0.6252604166666667 0.9898148148148148 0.05572916666666667 0.09074074074074075
0 0.6236979166666666 1.0888888888888888 0.05572916666666667 0.09074074074074075
0 0.6236979166666666 1.2162037037037037 0.049479166666666664 0.11018518518518519
0 0.61953125 1.3425925925925926 0.050520833333333334 0.09259259259259259
0 0.6286458333333333 0.6393518518518518 0.04895833333333333 0.09722222222222222
0 0.63125 0.5217592592592593 0.04895833333333333 0.09722222222222222
0 0.621875 0.44166666666666665 0.05 0.0962962962962963
0 0.675 0.25277777777777777 0.040625 0.08703703703703704
0 0.6841145833333333 0.17083333333333334 0.049479166666666664 0.05648148148148148
0 0.6919270833333333 0.10231481481481482 0.05677083333333333 0.05462962962962963
0 0.6799479166666667 0.031018518518518518 0.05677083333333333 0.05462962962962963
0 0.19895833333333332 1.0023148148148149 0.029166666666666667 0.11018518518518519
0 0.19453125 1.3375 0.030729166666666665 0.10277777777777777
