0 0.18645833333333334 0.8490740740740741 0.05520833333333333 0.08148148148148149
0 0.21354166666666666 0.8685185185185185 0.059375 0.07777777777777778
0 0.25859375 0.8777777777777778 0.05260416666666667 0.08333333333333333
0 0.26588541666666665 0.8111111111111111 0.0421875 0.05740740740740741
0 0.30390625 0.812037037037037 0.0390625 0.06296296296296296
0 0.3385416666666667 0.825 0.03854166666666667 0.06851851851851852
0 0.3734375 0.7625 0.03125 0.049074074074074076
0 0.3333333333333333 0.7625 0.03125 0.04351851851851852
0 0.3 0.7583333333333333 0.03333333333333333 0.04259259259259259
0 0.3580729166666667 0.7240740740740741 0.027604166666666666 0.040740740740740744
0 0.3328125 0.7175925925925926 0.028125 0.040740740740740744
0 0.3494791666666667 0.6921296296296297 0.022916666666666665 0.032407407407407406
0 0.37421875 0.6930555555555555 0.0203125 0.030555555555555555
0 0.3703125 0.6703703703703704 0.020833333333333332 0.025925925925925925
0 0.39088541666666665 0.6717592592592593 0.0171875 0.025
0 0.403125 0.6527777777777778 0.015625 0.025925925925925925
0 0.38671875 0.649537037037037 0.016145833333333335 0.019444444444444445
0 0.39817708333333335 0.637962962962963 0.013020833333333334 0.020370370370370372
0 0.41640625 0.6342592592592593 0.015104166666666667 0.022222222222222223
0 0.40859375 0.6185185185185185 0.011979166666666667 0.016666666666666666
0 0.4322916666666667 0.6101851851851852 0.0125 0.018518518518518517
0 0.44947916666666665 0.6111111111111112 0.011458333333333333 0.018518518518518517
0 0.4231770833333333 0.6032407407407407 0.0109375 0.01574074074074074
0 0.4388020833333333 0.5990740740740741 0.008854166666666666 0.012962962962962963
0 0.4283854166666667 0.5935185185185186 0.0078125 0.012962962962962963
0 0.43671875 0.5837962962962963 0.008854166666666666 0.013888888888888888
0 0.45208333333333334 0.5837962962962963 0.009375 0.013888888888888888
0 0.4466145833333333 0.5736111111111111 0.0078125 0.010185185185185186
0 0.453125 0.5652777777777778 0.008333333333333333 0.010185185185185186
0 0.4640625 0.5643518518518519 0.00625 0.010185185185185186
0 0.46510416666666665 0.55 0.005208333333333333 0.007407407407407408
0 0.4744791666666667 0.5476851851851852 0.004166666666666667 0.006481481481481481
0 0.48463541666666665 0.5555555555555556 0.0046875 0.007407407407407408
0 0.4783854166666667 0.5421296296296296 0.0036458333333333334 0.006481481481481481
0 0.4828125 0.5347222222222222 0.003125 0.004629629629629629
0 0.4864583333333333 0.5296296296296297 0.003125 0.003703703703703704
0 0.4984375 0.5449074074074074 0.004166666666666667 0.006481481481481481
0 0.4744791666666667 0.5314814814814814 0.003125 0.003703703703703704
0 0.47682291666666665 0.5305555555555556 0.0015625 0.003703703703703704
0 0.48385416666666664 0.5277777777777778 0.003125 0.003703703703703704
0 0.48072916666666665 0.5259259259259259 0.003125 0.003703703703703704
0 0.48463541666666665 0.5231481481481481 0.005729166666666666 0.003703703703703704
0 0.49270833333333336 0.524074074074074 0.004166666666666667 0.003703703703703704
0 0.49713541666666666 0.5254629629629629 0.0026041666666666665 0.002777777777777778
0 0.4979166666666667 0.5217592592592593 0.0020833333333333333 0.002777777777777778
0 0.4942708333333333 0.5171296296296296 0.0020833333333333333 0.002777777777777778
0 0.49505208333333334 0.513425925925926 0.0015625 0.002777777777777778
0 0.49895833333333334 0.5138888888888888 0.0020833333333333333 0.001851851851851852
0 0.4986979166666667 0.5111111111111111 0.0015625 0.001851851851851852
0 0.5919270833333333 0.5305555555555556 0.0078125 0.005555555555555556
0 0.5760416666666667 0.525 0.004166666666666667 0.003703703703703704
0 0.5799479166666667 0.5347222222222222 0.008854166666666666 0.004629629629629629
0 0.5763020833333333 0.5324074074074074 0.0078125 0.003703703703703704
0 0.5747395833333333 0.5324074074074074 0.0078125 0.005555555555555556
0 0.5526041666666667 0.5296296296296297 0.007291666666666667 0.005555555555555556
0 0.55 0.5268518518518519 0.00625 0.003703703703703704
0 0.5494791666666666 0.5361111111111111 0.008333333333333333 0.005555555555555556
0 0.5481770833333334 0.5337962962962963 0.0078125 0.004629629629629629
0 0.5453125 0.5314814814814814 0.007291666666666667 0.005555555555555556
0 0.54375 0.5300925925925926 0.007291666666666667 0.006481481481481481
0 0.5424479166666667 0.5277777777777778 0.0067708333333333336 0.005555555555555556
0 0.54140625 0.5236111111111111 0.0067708333333333336 0.004629629629629629
