4 0.27265625 0.5444444444444444 0.0140625 0.044444444444444446
4 0.16796875 0.20277777777777778 0.0203125 0.03888888888888889
4 0.1515625 0.2263888888888889 0.016666666666666666 0.041666666666666664
4 0.12526041666666668 0.30787037037037035 0.016145833333333335 0.04351851851851852
4 0.09557291666666666 0.38287037037037036 0.016145833333333335 0.041666666666666664
4 0.14791666666666667 0.40925925925925927 0.015625 0.040740740740740744
4 0.17083333333333334 0.29907407407407405 0.017708333333333333 0.040740740740740744
4 0.19505208333333332 0.29768518518518516 0.016145833333333335 0.041666666666666664
4 0.24114583333333334 0.4078703703703704 0.027083333333333334 0.030555555555555555
4 0.3359375 0.31342592592592594 0.026041666666666668 0.026851851851851852
4 0.35104166666666664 0.33194444444444443 0.025 0.028703703703703703
4 0.5885416666666666 0.14212962962962963 0.026041666666666668 0.028703703703703703
