4 0.159375 0.29398148148148145 0.046875 0.08425925925925926
4 0.30546875 0.1685185185185185 0.027604166666666666 0.05
4 0.19244791666666666 0.2101851851851852 0.034895833333333334 0.05740740740740741
4 0.33255208333333336 0.055092592592592596 0.019270833333333334 0.03611111111111111
4 0.22942708333333334 0.11481481481481481 0.028645833333333332 0.04259259259259259
4 0.24583333333333332 0.07777777777777778 0.025 0.04814814814814815
4 0.25859375 0.03935185185185185 0.0203125 0.03981481481481482
4 0.26796875 0.014814814814814815 0.018229166666666668 0.02962962962962963
4 0.40286458333333336 0.046296296296296294 0.030729166666666665 0.03518518518518519
4 0.40729166666666666 0.01898148148148148 0.036458333333333336 0.026851851851851852
