0 0.68046875 0.013425925925925926 0.04739583333333333 0.026851851851851852
0 0.71953125 0.22361111111111112 0.019270833333333334 0.03425925925925926
0 0.7083333333333334 0.8935185185185185 0.0375 0.14074074074074075
0 0.017447916666666667 0.8629629629629629 0.034895833333333334 0.15555555555555556
0 0.265625 0.9402777777777778 0.036458333333333336 0.05648148148148148
0 0.11848958333333333 0.018055555555555554 0.021354166666666667 0.03611111111111111
0 0.025520833333333333 0.056018518518518516 0.028125 0.06388888888888888
0 0.05416666666666667 0.05138888888888889 0.03229166666666667 0.0712962962962963
0 0.08046875 0.05092592592592592 0.028645833333333332 0.07222222222222222
0 0.25729166666666664 0.11388888888888889 0.023958333333333335 0.06666666666666667
0 0.23932291666666666 0.30648148148148147 0.025520833333333333 0.08148148148148149
0 0.21614583333333334 0.4773148148148148 0.029166666666666667 0.10092592592592593
0 0.17395833333333333 0.8087962962962963 0.03854166666666667 0.1361111111111111
0 0.5872395833333334 0.8717592592592592 0.0421875 0.14722222222222223
0 0.48463541666666665 0.24953703703703703 0.024479166666666666 0.07685185185185185
0 0.24140625 0.20324074074074075 0.0265625 0.07685185185185185
0 0.47630208333333335 0.1300925925925926 0.019270833333333334 0.06388888888888888
0 0.42682291666666666 0.6722222222222223 0.0296875 0.1259259259259259
0 0.09557291666666666 0.8416666666666667 0.043229166666666666 0.13148148148148148
0 0.6611979166666667 0.40879629629629627 0.028645833333333332 0.08611111111111111
0 0.615625 0.6550925925925926 0.040625 0.1175925925925926
0 0.16875 0.9555555555555556 0.034375 0.03148148148148148
0 0.12135416666666667 0.23148148148148148 0.05 0.03888888888888889
0 0.12864583333333332 0.19398148148148148 0.046875 0.03796296296296296
0 0.13307291666666668 0.16203703703703703 0.049479166666666664 0.02962962962962963
0 0.14166666666666666 0.1287037037037037 0.04479166666666667 0.03518518518518519
0 0.15078125 0.10138888888888889 0.043229166666666666 0.03611111111111111
0 0.16223958333333333 0.01990740740740741 0.049479166666666664 0.028703703703703703
0 0.6893229166666667 0.02962962962962963 0.049479166666666664 0.03333333333333333
0 0.6971354166666667 0.055092592592592596 0.04635416666666667 0.041666666666666664
0 0.15911458333333334 0.04583333333333333 0.04010416666666667 0.03796296296296296
