0 0.34270833333333334 0.011111111111111112 0.0020833333333333333 0.003703703703703704
0 0.34765625 0.020370370370370372 0.0015625 0.003703703703703704
0 0.34270833333333334 0.024074074074074074 0.0020833333333333333 0.003703703703703704
0 0.35052083333333334 0.026851851851851852 0.0020833333333333333 0.003703703703703704
0 0.34765625 0.028703703703703703 0.0015625 0.003703703703703704
0 0.35 0.03148148148148148 0.0020833333333333333 0.003703703703703704
0 0.35104166666666664 0.03657407407407407 0.0020833333333333333 0.002777777777777778
0 0.35208333333333336 0.04537037037037037 0.0020833333333333333 0.003703703703703704
0 0.3419270833333333 0.04490740740740741 0.0015625 0.002777777777777778
0 0.10729166666666666 0.4898148148148148 0.007291666666666667 0.012962962962962963
0 0.12239583333333333 0.48055555555555557 0.00625 0.016666666666666666
0 0.12942708333333333 0.4759259259259259 0.005729166666666666 0.012962962962962963
0 0.15078125 0.4685185185185185 0.0067708333333333336 0.012962962962962963
0 0.15755208333333334 0.46620370370370373 0.0067708333333333336 0.013888888888888888
0 0.20208333333333334 0.45185185185185184 0.010416666666666666 0.014814814814814815
0 0.1484375 0.34953703703703703 0.010416666666666666 0.010185185185185186
0 0.18255208333333334 0.3277777777777778 0.008854166666666666 0.009259259259259259
0 0.22213541666666667 0.3 0.008854166666666666 0.009259259259259259
0 0.2760416666666667 0.44305555555555554 0.0125 0.010185185185185186
0 0.29453125 0.44907407407407407 0.011979166666666667 0.009259259259259259
0 0.33515625 0.4064814814814815 0.0109375 0.009259259259259259
0 0.31484375 0.3476851851851852 0.0109375 0.012037037037037037
0 0.39895833333333336 0.45925925925925926 0.0125 0.011111111111111112
0 0.45078125 0.5458333333333333 0.016145833333333335 0.01574074074074074
0 0.5330729166666667 0.39166666666666666 0.013020833333333334 0.011111111111111112
0 0.5692708333333333 0.3962962962962963 0.013541666666666667 0.009259259259259259
0 0.70078125 0.3578703703703704 0.011979166666666667 0.01574074074074074
0 0.7096354166666666 0.35555555555555557 0.009895833333333333 0.014814814814814815
0 0.7263020833333333 0.34953703703703703 0.005729166666666666 0.017592592592592594
0 0.6559895833333333 0.2518518518518518 0.008854166666666666 0.007407407407407408
0 0.6528645833333333 0.27175925925925926 0.0109375 0.006481481481481481
0 0.6515625 0.2796296296296296 0.010416666666666666 0.007407407407407408
0 0.6138020833333333 0.2708333333333333 0.009895833333333333 0.006481481481481481
0 0.6239583333333333 0.26296296296296295 0.009375 0.007407407407407408
0 0.5807291666666666 0.2712962962962963 0.010416666666666666 0.007407407407407408
0 0.5825520833333333 0.26481481481481484 0.008854166666666666 0.007407407407407408
0 0.559375 0.26342592592592595 0.007291666666666667 0.006481481481481481
0 0.5239583333333333 0.24212962962962964 0.007291666666666667 0.006481481481481481
0 0.5330729166666667 0.2740740740740741 0.009895833333333333 0.007407407407407408
0 0.4747395833333333 0.2712962962962963 0.008854166666666666 0.007407407407407408
0 0.4859375 0.3212962962962963 0.010416666666666666 0.009259259259259259
0 0.5036458333333333 0.3148148148148148 0.010416666666666666 0.007407407407407408
0 0.496875 0.362962962962963 0.010416666666666666 0.014814814814814815
0 0.46328125 0.3106481481481482 0.0078125 0.012037037037037037
0 0.4713541666666667 0.2037037037037037 0.010416666666666666 0.009259259259259259
0 0.3919270833333333 0.2199074074074074 0.005729166666666666 0.008333333333333333
0 0.4088541666666667 0.23657407407407408 0.00625 0.008333333333333333
0 0.3734375 0.27037037037037037 0.009375 0.007407407407407408
0 0.3606770833333333 0.2962962962962963 0.008854166666666666 0.007407407407407408
0 0.24817708333333333 0.28194444444444444 0.0078125 0.008333333333333333
0 0.25625 0.27361111111111114 0.007291666666666667 0.008333333333333333
0 0.26458333333333334 0.2638888888888889 0.008333333333333333 0.007407407407407408
0 0.29270833333333335 0.09814814814814815 0.005208333333333333 0.007407407407407408
0 0.30052083333333335 0.12638888888888888 0.00625 0.004629629629629629
0 0.30078125 0.12222222222222222 0.0067708333333333336 0.005555555555555556
0 0.35234375 0.05324074074074074 0.0015625 0.004629629629629629
0 0.3377604166666667 0.05416666666666667 0.0026041666666666665 0.004629629629629629
0 0.340625 0.05694444444444444 0.0020833333333333333 0.004629629629629629
0 0.34427083333333336 0.052314814814814814 0.0020833333333333333 0.004629629629629629
0 0.34817708333333336 0.062037037037037036 0.0015625 0.003703703703703704
0 0.35182291666666665 0.06342592592592593 0.0015625 0.004629629629629629
0 0.35052083333333334 0.0699074074074074 0.0020833333333333333 0.004629629629629629
0 0.34401041666666665 0.06018518518518518 0.0015625 0.003703703703703704
0 0.33697916666666666 0.058333333333333334 0.003125 0.003703703703703704
0 0.34010416666666665 0.06388888888888888 0.0020833333333333333 0.003703703703703704
0 0.34348958333333335 0.06527777777777778 0.0015625 0.004629629629629629
0 0.33645833333333336 0.06481481481481481 0.0020833333333333333 0.005555555555555556
0 0.34036458333333336 0.07037037037037037 0.0015625 0.005555555555555556
0 0.34322916666666664 0.0712962962962963 0.003125 0.003703703703703704
0 0.33984375 0.07546296296296297 0.0026041666666666665 0.004629629629629629
0 0.35130208333333335 0.08518518518518518 0.0015625 0.005555555555555556
0 0.3502604166666667 0.09166666666666666 0.0015625 0.005555555555555556
0 0.34739583333333335 0.09953703703703703 0.0020833333333333333 0.004629629629629629
0 0.35520833333333335 0.10833333333333334 0.003125 0.005555555555555556
0 0.35885416666666664 0.1486111111111111 0.003125 0.006481481481481481
0 0.365625 0.16064814814814815 0.004166666666666667 0.006481481481481481
0 0.35989583333333336 0.16944444444444445 0.005208333333333333 0.007407407407407408
0 0.3528645833333333 0.15787037037037038 0.0036458333333333334 0.006481481481481481
0 0.3497395833333333 0.15324074074074073 0.0036458333333333334 0.006481481481481481
0 0.340625 0.12824074074074074 0.0020833333333333333 0.004629629629629629
0 0.34401041666666665 0.12175925925925926 0.0026041666666666665 0.004629629629629629
0 0.34791666666666665 0.1375 0.003125 0.004629629629629629
0 0.3424479166666667 0.13425925925925927 0.0026041666666666665 0.005555555555555556
0 0.34348958333333335 0.13842592592592592 0.0026041666666666665 0.006481481481481481
0 0.3450520833333333 0.1425925925925926 0.0036458333333333334 0.005555555555555556
0 0.346875 0.14629629629629629 0.003125 0.007407407407407408
