4 0.2760416666666667 0.08055555555555556 0.026041666666666668 0.04259259259259259
4 0.35546875 0.02175925925925926 0.030729166666666665 0.032407407407407406
4 0.35390625 0.05 0.0328125 0.03148148148148148
4 0.3541666666666667 0.0787037037037037 0.035416666666666666 0.03333333333333333
4 0.33255208333333336 0.2023148148148148 0.033854166666666664 0.03611111111111111
4 0.5059895833333333 0.2662037037037037 0.0328125 0.03425925925925926
4 0.46640625 0.25046296296296294 0.033854166666666664 0.03425925925925926
4 0.44427083333333334 0.31296296296296294 0.03229166666666667 0.03518518518518519
4 0.4236979166666667 0.26666666666666666 0.034895833333333334 0.03333333333333333
4 0.4010416666666667 0.29907407407407405 0.03854166666666667 0.037037037037037035
4 0.35625 0.2916666666666667 0.035416666666666666 0.03148148148148148
4 0.3359375 0.36203703703703705 0.036458333333333336 0.03333333333333333
4 0.33098958333333334 0.4361111111111111 0.0390625 0.03333333333333333
4 0.6932291666666667 0.8782407407407408 0.021875 0.07685185185185185
4 0.2828125 0.9537037037037037 0.041666666666666664 0.037037037037037035
4 0.29765625 0.8902777777777777 0.0421875 0.05092592592592592
4 0.2994791666666667 0.7930555555555555 0.040625 0.03981481481481482
4 0.3065104166666667 0.7439814814814815 0.0421875 0.03796296296296296
4 0.3078125 0.700462962962963 0.03958333333333333 0.03611111111111111
4 0.3109375 0.6125 0.042708333333333334 0.03611111111111111
4 0.3104166666666667 0.5717592592592593 0.0375 0.03425925925925926
4 0.2390625 0.49398148148148147 0.040625 0.03425925925925926
