4 0.36432291666666666 1.0087962962962962 0.06927083333333334 0.07685185185185185
4 0.5059895833333333 0.9787037037037037 0.06302083333333333 0.07592592592592592
4 0.5091145833333334 0.9231481481481482 0.059895833333333336 0.07037037037037037
4 0.7263020833333333 0.8226851851851852 0.04635416666666667 0.04722222222222222
4 0.7796875 0.7388888888888889 0.035416666666666666 0.037037037037037035
4 0.81640625 0.6708333333333333 0.028645833333333332 0.030555555555555555
4 0.88984375 0.675 0.028645833333333332 0.02962962962962963
4 1.0286458333333333 0.5671296296296297 0.026041666666666668 0.017592592592592594
4 0.8322916666666667 0.5398148148148149 0.011458333333333333 0.016666666666666666
4 0.059895833333333336 0.5333333333333333 0.026041666666666668 0.014814814814814815
4 0.0546875 0.4689814814814815 0.0125 0.008333333333333333
4 0.007291666666666667 0.5055555555555555 0.014583333333333334 0.012962962962962963
4 0.00859375 0.500462962962963 0.0171875 0.012037037037037037
4 0.016666666666666666 0.48148148148148145 0.019791666666666666 0.011111111111111112
4 0.0203125 0.4666666666666667 0.016666666666666666 0.009259259259259259
