4 0.29739583333333336 0.27314814814814814 0.046875 0.05925925925925926
4 0.3341145833333333 0.21157407407407408 0.03802083333333333 0.058333333333333334
4 0.37890625 0.2962962962962963 0.04739583333333333 0.06666666666666667
4 0.3578125 0.17685185185185184 0.034375 0.04814814814814815
4 0.4140625 0.2263888888888889 0.04479166666666667 0.04722222222222222
4 0.4395833333333333 0.18518518518518517 0.051041666666666666 0.044444444444444446
4 0.46484375 0.1574074074074074 0.0484375 0.03888888888888889
4 0.47760416666666666 0.12685185185185185 0.04583333333333333 0.037037037037037035
4 0.48541666666666666 0.11342592592592593 0.034375 0.032407407407407406
4 0.49557291666666664 0.10138888888888889 0.0421875 0.03981481481481482
4 0.48671875 0.0763888888888889 0.04114583333333333 0.03425925925925926
4 0.38619791666666664 0.13148148148148148 0.027604166666666666 0.044444444444444446
4 0.3341145833333333 0.14074074074074075 0.025520833333333333 0.04259259259259259
4 0.3541666666666667 0.1087962962962963 0.030208333333333334 0.03796296296296296
4 0.2869791666666667 0.2037037037037037 0.03854166666666667 0.053703703703703705
4 0.36692708333333335 0.06944444444444445 0.0265625 0.03333333333333333
4 0.39505208333333336 0.053703703703703705 0.021354166666666667 0.02962962962962963
4 0.42265625 0.060648148148148145 0.021354166666666667 0.041666666666666664
4 0.43984375 0.03657407407407407 0.0203125 0.03796296296296296
4 0.4544270833333333 0.018055555555555554 0.0203125 0.026851851851851852
4 0.415625 0.02824074074074074 0.020833333333333332 0.030555555555555555
4 0.17421875 0.04861111111111111 0.028645833333333332 0.04351851851851852
4 0.21223958333333334 0.028703703703703703 0.016145833333333335 0.03888888888888889
4 0.11067708333333333 0.10092592592592593 0.0234375 0.044444444444444446
4 0.15911458333333334 0.9069444444444444 0.1015625 0.125
4 0.6598958333333333 0.9296296296296296 0.13854166666666667 0.08148148148148149
