4 0.020833333333333332 0.9347222222222222 0.03958333333333333 0.075
4 0.3567708333333333 0.9393518518518519 0.06770833333333333 0.06574074074074074
4 0.16953125 0.3527777777777778 0.0390625 0.08148148148148149
4 0.20208333333333334 0.25833333333333336 0.030208333333333334 0.06666666666666667
4 0.3067708333333333 0.0824074074074074 0.01875 0.03518518518518519
4 0.33671875 0.013425925925925926 0.013020833333333334 0.026851851851851852
4 0.3611979166666667 0.033796296296296297 0.028645833333333332 0.028703703703703703
4 0.40651041666666665 0.08333333333333333 0.033854166666666664 0.03518518518518519
4 0.4356770833333333 0.5694444444444444 0.0703125 0.09074074074074075
4 0.4625 0.6365740740740741 0.08645833333333333 0.10833333333333334
