0 0.42109375 0.8449074074074074 0.0609375 0.09351851851851851
0 0.4861979166666667 0.6972222222222222 0.0578125 0.09074074074074075
0 0.5489583333333333 0.5458333333333333 0.05 0.07314814814814814
0 0.62890625 0.4236111111111111 0.0453125 0.06574074074074074
0 0.6536458333333334 0.3773148148148148 0.040625 0.06388888888888888
0 0.66640625 0.35694444444444445 0.0421875 0.058333333333333334
0 0.7005208333333334 0.30092592592592593 0.046875 0.05555555555555555
0 0.7177083333333333 0.275 0.03854166666666667 0.05555555555555555
0 0.72734375 0.25416666666666665 0.04010416666666667 0.04722222222222222
0 0.7401041666666667 0.2361111111111111 0.03854166666666667 0.04814814814814815
0 0.7463541666666667 0.2152777777777778 0.03958333333333333 0.049074074074074076
0 0.79140625 0.16435185185185186 0.03697916666666667 0.04351851851851852
0 0.80546875 0.1259259259259259 0.0390625 0.046296296296296294
0 0.8166666666666667 0.11157407407407408 0.03854166666666667 0.041666666666666664
0 0.83203125 0.07777777777777778 0.033854166666666664 0.03888888888888889
0 0.8546875 0.03796296296296296 0.035416666666666666 0.03518518518518519
