0 0.13619791666666667 0.7351851851851852 0.0515625 0.046296296296296294
0 0.13072916666666667 0.08842592592592592 0.00625 0.010185185185185186
0 0.12421875 0.09861111111111111 0.005729166666666666 0.010185185185185186
0 0.10078125 0.09537037037037037 0.008854166666666666 0.007407407407407408
0 0.09973958333333334 0.1050925925925926 0.009895833333333333 0.006481481481481481
0 0.10104166666666667 0.11296296296296296 0.008333333333333333 0.005555555555555556
0 0.10130208333333333 0.12314814814814815 0.0067708333333333336 0.007407407407407408
0 0.10078125 0.1361111111111111 0.0046875 0.009259259259259259
0 0.12552083333333333 0.13240740740740742 0.00625 0.009259259259259259
0 0.12552083333333333 0.2037037037037037 0.007291666666666667 0.012962962962962963
0 0.12838541666666667 0.1648148148148148 0.005729166666666666 0.012962962962962963
0 0.09765625 0.19398148148148148 0.0067708333333333336 0.012037037037037037
0 0.03958333333333333 0.2 0.003125 0.007407407407407408
0 0.049479166666666664 0.20092592592592592 0.004166666666666667 0.007407407407407408
0 0.08046875 0.2125 0.013020833333333334 0.008333333333333333
0 0.08098958333333334 0.22268518518518518 0.016145833333333335 0.012037037037037037
0 0.07942708333333333 0.2273148148148148 0.016145833333333335 0.012037037037037037
0 0.08046875 0.23935185185185184 0.016145833333333335 0.012037037037037037
0 0.075 0.262037037037037 0.01875 0.016666666666666666
0 0.07552083333333333 0.2722222222222222 0.017708333333333333 0.014814814814814815
0 0.07421875 0.2851851851851852 0.021354166666666667 0.014814814814814815
0 0.0734375 0.29444444444444445 0.020833333333333332 0.012962962962962963
0 0.07421875 0.30277777777777776 0.018229166666666668 0.012962962962962963
0 0.09088541666666666 0.31712962962962965 0.008854166666666666 0.01574074074074074
0 0.08020833333333334 0.24537037037037038 0.019791666666666666 0.014814814814814815
0 0.04505208333333333 0.4078703703703704 0.027604166666666666 0.021296296296296296
0 0.05677083333333333 0.3912037037037037 0.015625 0.013888888888888888
0 0.054947916666666666 0.3768518518518518 0.015104166666666667 0.014814814814814815
0 0.07994791666666666 0.37592592592592594 0.016145833333333335 0.014814814814814815
0 0.11197916666666667 0.6925925925925925 0.04895833333333333 0.04259259259259259
0 0.1375 0.22361111111111112 0.010416666666666666 0.019444444444444445
0 0.13802083333333334 0.15416666666666667 0.008333333333333333 0.012037037037037037
0 0.13515625 0.1300925925925926 0.0067708333333333336 0.012037037037037037
0 0.15416666666666667 0.04814814814814815 0.003125 0.005555555555555556
0 0.15026041666666667 0.032407407407407406 0.0026041666666666665 0.007407407407407408
0 0.14765625 0.023148148148148147 0.0026041666666666665 0.005555555555555556
0 0.17604166666666668 0.1287037037037037 0.005208333333333333 0.009259259259259259
0 0.18697916666666667 0.11018518518518519 0.004166666666666667 0.007407407407407408
0 0.18567708333333333 0.1648148148148148 0.0067708333333333336 0.011111111111111112
0 0.19973958333333333 0.21851851851851853 0.005729166666666666 0.009259259259259259
0 0.20442708333333334 0.22962962962962963 0.0067708333333333336 0.011111111111111112
0 0.209375 0.25046296296296294 0.00625 0.013888888888888888
0 0.21380208333333334 0.26481481481481484 0.0078125 0.014814814814814815
0 0.21901041666666668 0.2828703703703704 0.008854166666666666 0.01574074074074074
0 0.22369791666666666 0.30185185185185187 0.009895833333333333 0.018518518518518517
0 0.23463541666666668 0.33935185185185185 0.011979166666666667 0.019444444444444445
0 0.23958333333333334 0.3592592592592593 0.0125 0.020370370370370372
0 0.24635416666666668 0.37916666666666665 0.011458333333333333 0.019444444444444445
0 0.271875 0.4708333333333333 0.015625 0.032407407407407406
0 0.26640625 0.9430555555555555 0.030729166666666665 0.058333333333333334
0 0.28567708333333336 0.5699074074074074 0.03177083333333333 0.03611111111111111
0 0.315625 0.4476851851851852 0.016666666666666666 0.030555555555555555
0 0.3515625 0.6138888888888889 0.0375 0.040740740740740744
0 0.4479166666666667 0.7162037037037037 0.022916666666666665 0.06574074074074074
0 0.43072916666666666 0.5787037037037037 0.035416666666666666 0.03518518518518519
0 0.43984375 0.4134259259259259 0.021354166666666667 0.025
0 0.45755208333333336 0.4273148148148148 0.025520833333333333 0.023148148148148147
0 0.49661458333333336 0.6773148148148148 0.0171875 0.05277777777777778
0 0.5580729166666667 0.6523148148148148 0.016145833333333335 0.041666666666666664
0 0.55 0.5337962962962963 0.0375 0.03425925925925926
0 0.5901041666666667 0.5143518518518518 0.035416666666666666 0.030555555555555555
0 0.6557291666666667 0.44814814814814813 0.036458333333333336 0.025925925925925925
0 0.6372395833333333 0.49537037037037035 0.03177083333333333 0.03148148148148148
0 0.6927083333333334 0.46805555555555556 0.029166666666666667 0.026851851851851852
0 0.7010416666666667 0.4305555555555556 0.034375 0.02962962962962963
0 0.6989583333333333 0.3625 0.009375 0.01574074074074074
