4 0.46015625 1.0060185185185184 0.08489583333333334 0.08055555555555556
4 0.471875 0.9166666666666666 0.078125 0.06851851851851852
4 0.4947916666666667 0.3912037037037037 0.016666666666666666 0.03611111111111111
4 0.46875 0.3731481481481482 0.022916666666666665 0.025925925925925925
4 0.4361979166666667 0.2773148148148148 0.018229166666666668 0.021296296296296296
4 0.40651041666666665 0.2587962962962963 0.0140625 0.021296296296296296
4 0.38177083333333334 0.2310185185185185 0.015625 0.019444444444444445
4 0.37916666666666665 0.2740740740740741 0.015625 0.020370370370370372
4 0.36640625 0.2587962962962963 0.0171875 0.019444444444444445
4 0.5135416666666667 0.41203703703703703 0.025 0.03518518518518519
4 0.53984375 0.40694444444444444 0.027604166666666666 0.03611111111111111
4 1.0005208333333333 0.8231481481481482 0.08229166666666667 0.08888888888888889
4 0.8989583333333333 0.7240740740740741 0.06979166666666667 0.07222222222222222
4 0.76953125 0.6037037037037037 0.05677083333333333 0.05925925925925926
4 0.64609375 0.524074074074074 0.04114583333333333 0.044444444444444446
4 0.6416666666666667 0.3958333333333333 0.03229166666666667 0.030555555555555555
4 0.7627604166666667 0.3023148148148148 0.03177083333333333 0.026851851851851852
4 0.77578125 0.26064814814814813 0.0265625 0.021296296296296296
