4 0.16822916666666668 0.023148148148148147 0.014583333333333334 0.014814814814814815
4 0.16588541666666667 0.01574074074074074 0.013020833333333334 0.014814814814814815
4 0.16354166666666667 0.010648148148148148 0.0125 0.012037037037037037
4 0.16328125 0.0060185185185185185 0.015104166666666667 0.012037037037037037
4 0.17526041666666667 0.19027777777777777 0.008854166666666666 0.021296296296296296
4 0.17083333333333334 0.17314814814814813 0.009375 0.018518518518518517
4 0.16119791666666666 0.17777777777777778 0.008854166666666666 0.020370370370370372
4 0.15859375 0.20277777777777778 0.009895833333333333 0.020370370370370372
4 0.14947916666666666 0.20694444444444443 0.009375 0.026851851851851852
4 0.14088541666666668 0.21157407407407408 0.008854166666666666 0.023148148148148147
4 0.13151041666666666 0.2152777777777778 0.009895833333333333 0.023148148148148147
4 0.13645833333333332 0.1912037037037037 0.008333333333333333 0.021296296296296296
4 0.12890625 0.1550925925925926 0.0078125 0.019444444444444445
4 0.0953125 0.23657407407407408 0.008333333333333333 0.025
4 0.08619791666666667 0.24212962962962964 0.0078125 0.021296296296296296
4 0.18619791666666666 0.18564814814814815 0.0109375 0.025
4 0.14583333333333334 0.1875 0.008333333333333333 0.021296296296296296
4 0.05 0.26666666666666666 0.010416666666666666 0.022222222222222223
4 0.00859375 0.287962962962963 0.011979166666666667 0.02962962962962963
4 0.017708333333333333 0.2800925925925926 0.009375 0.025
4 0.028125 0.2791666666666667 0.010416666666666666 0.025
4 0.06796875 0.2523148148148148 0.008854166666666666 0.025
4 0.07708333333333334 0.24583333333333332 0.010416666666666666 0.026851851851851852
4 0.1578125 0.3800925925925926 0.023958333333333335 0.023148148148148147
4 0.2830729166666667 0.1685185185185185 0.019270833333333334 0.018518518518518517
4 0.36380208333333336 0.41388888888888886 0.022395833333333334 0.018518518518518517
4 0.48125 0.3365740740740741 0.01875 0.017592592592592594
4 0.6255208333333333 0.4009259259259259 0.019791666666666666 0.016666666666666666
4 0.5684895833333333 0.11342592592592593 0.0203125 0.017592592592592594
4 0.7213541666666666 0.1486111111111111 0.015625 0.01574074074074074
