4 0.38958333333333334 0.7203703703703703 0.0375 0.09074074074074075
4 0.32135416666666666 0.7106481481481481 0.053125 0.08981481481481482
4 0.22447916666666667 0.6842592592592592 0.03854166666666667 0.09074074074074075
4 0.19192708333333333 0.675 0.05572916666666667 0.07777777777777778
4 0.1484375 0.6560185185185186 0.065625 0.08611111111111111
4 0.11302083333333333 0.6569444444444444 0.057291666666666664 0.08055555555555556
4 0.32369791666666664 0.5060185185185185 0.0296875 0.04537037037037037
4 0.23828125 0.48935185185185187 0.033854166666666664 0.041666666666666664
4 0.1578125 0.5050925925925925 0.04479166666666667 0.041666666666666664
4 0.12708333333333333 0.4976851851851852 0.04583333333333333 0.05277777777777778
4 0.05520833333333333 0.48842592592592593 0.051041666666666666 0.041666666666666664
4 0.034895833333333334 0.48009259259259257 0.052083333333333336 0.03796296296296296
4 0.021875 0.47175925925925927 0.042708333333333334 0.03796296296296296
4 0.11015625 0.4546296296296296 0.043229166666666666 0.040740740740740744
4 0.44296875 0.5268518518518519 0.03697916666666667 0.044444444444444446
4 0.5171875 0.5189814814814815 0.05 0.04537037037037037
4 0.56953125 0.49537037037037035 0.0390625 0.037037037037037035
4 0.5895833333333333 0.38935185185185184 0.014583333333333334 0.021296296296296296
4 0.6510416666666666 0.38101851851851853 0.036458333333333336 0.021296296296296296
4 0.6453125 0.37175925925925923 0.030208333333333334 0.017592592592592594
4 0.6739583333333333 0.37175925925925923 0.030208333333333334 0.025
4 0.6604166666666667 0.3648148148148148 0.023958333333333335 0.018518518518518517
4 0.6354166666666666 0.36712962962962964 0.026041666666666668 0.017592592592592594
4 0.6315104166666666 0.3587962962962963 0.025520833333333333 0.017592592592592594
4 0.6276041666666666 0.35324074074074074 0.023958333333333335 0.01574074074074074
4 0.62265625 0.3486111111111111 0.0234375 0.01574074074074074
4 0.6190104166666667 0.34305555555555556 0.0234375 0.01574074074074074
4 0.6458333333333334 0.3425925925925926 0.023958333333333335 0.018518518518518517
4 0.6458333333333334 0.33796296296296297 0.027083333333333334 0.016666666666666666
4 0.61484375 0.3384259259259259 0.024479166666666666 0.013888888888888888
4 0.6166666666666667 0.33287037037037037 0.027083333333333334 0.013888888888888888
4 0.6111979166666667 0.33055555555555555 0.0234375 0.016666666666666666
4 0.6283854166666667 0.32037037037037036 0.019270833333333334 0.018518518518518517
4 0.603125 0.31805555555555554 0.026041666666666668 0.01574074074074074
4 0.5973958333333333 0.31203703703703706 0.020833333333333332 0.014814814814814815
4 0.6213541666666667 0.3125 0.020833333333333332 0.01574074074074074
4 0.6200520833333333 0.30648148148148147 0.0171875 0.012962962962962963
4 0.6020833333333333 0.29907407407407405 0.015625 0.011111111111111112
4 0.6236979166666666 0.28935185185185186 0.0078125 0.013888888888888888
4 0.7182291666666667 0.36157407407407405 0.021875 0.019444444444444445
