0 0.14401041666666667 1.0620370370370371 0.1171875 0.15
0 0.0421875 0.8796296296296297 0.084375 0.1037037037037037
0 0.17864583333333334 0.7847222222222222 0.11145833333333334 0.08425925925925926
0 0.5252604166666667 0.8060185185185185 0.0953125 0.08981481481481482
0 0.41796875 0.6958333333333333 0.0671875 0.06759259259259259
0 0.4075520833333333 0.6523148148148148 0.06614583333333333 0.05648148148148148
0 0.8130208333333333 0.6865740740740741 0.09166666666666666 0.06388888888888888
0 0.8377604166666667 0.6337962962962963 0.0765625 0.05092592592592592
0 0.8723958333333334 0.5726851851851852 0.06875 0.041666666666666664
0 0.8869791666666667 0.5310185185185186 0.05520833333333333 0.03425925925925926
0 0.9080729166666667 0.4930555555555556 0.044270833333333336 0.026851851851851852
0 0.9231770833333334 0.47129629629629627 0.019270833333333334 0.027777777777777776
0 0.9080729166666667 0.37824074074074077 0.013020833333333334 0.008333333333333333
0 0.9369791666666667 0.43472222222222223 0.025 0.01574074074074074
0 0.95546875 0.3861111111111111 0.011979166666666667 0.007407407407407408
0 0.9575520833333333 0.3875 0.013020833333333334 0.008333333333333333
0 0.97109375 0.39351851851851855 0.016145833333333335 0.009259259259259259
0 0.9848958333333333 0.4009259259259259 0.016666666666666666 0.009259259259259259
0 0.9875 0.40555555555555556 0.017708333333333333 0.011111111111111112
0 1.0018229166666666 0.412962962962963 0.0265625 0.014814814814814815
0 1.0057291666666666 0.41944444444444445 0.026041666666666668 0.014814814814814815
0 1.0044270833333333 0.42314814814814816 0.027604166666666666 0.014814814814814815
0 1.01484375 0.4375 0.034895833333333334 0.013888888888888888
0 1.0184895833333334 0.4412037037037037 0.033854166666666664 0.01574074074074074
0 1.01484375 0.44212962962962965 0.03177083333333333 0.013888888888888888
0 1.01640625 0.44722222222222224 0.034895833333333334 0.016666666666666666
0 1.0140625 0.45231481481481484 0.0375 0.019444444444444445
0 1.01875 0.4615740740740741 0.03958333333333333 0.021296296296296296
0 1.0200520833333333 0.47129629629629627 0.043229166666666666 0.022222222222222223
0 1.0177083333333334 0.5032407407407408 0.04791666666666667 0.03425925925925926
0 1.0197916666666667 0.5277777777777778 0.04375 0.03333333333333333
0 1.01953125 0.6212962962962963 0.044270833333333336 0.040740740740740744
0 1.0111979166666667 0.6925925925925925 0.0609375 0.06666666666666667
0 1.02109375 0.7384259259259259 0.04114583333333333 0.06759259259259259
0 0.84296875 0.3763888888888889 0.0078125 0.006481481481481481
