0 0.4427083333333333 0.37083333333333335 0.010416666666666666 0.032407407407407406
0 0.42994791666666665 0.18287037037037038 0.013020833333333334 0.021296296296296296
0 0.33046875 0.10092592592592593 0.0078125 0.016666666666666666
0 0.21171875 0.18564814814814815 0.018229166666666668 0.013888888888888888
0 0.24348958333333334 0.16712962962962963 0.0109375 0.019444444444444445
0 0.2598958333333333 0.16805555555555557 0.015625 0.01574074074074074
0 0.24088541666666666 0.22870370370370371 0.013020833333333334 0.024074074074074074
0 0.08958333333333333 0.3296296296296296 0.014583333333333334 0.037037037037037035
0 0.12005208333333334 0.31805555555555554 0.011979166666666667 0.030555555555555555
0 0.18984375 0.3675925925925926 0.0140625 0.03333333333333333
0 0.17395833333333333 0.36527777777777776 0.014583333333333334 0.03611111111111111
0 0.15755208333333334 0.37037037037037035 0.013020833333333334 0.02962962962962963
0 0.15989583333333332 0.4046296296296296 0.013541666666666667 0.037037037037037035
0 0.09140625 0.39305555555555555 0.0140625 0.028703703703703703
0 0.07369791666666667 0.3962962962962963 0.016145833333333335 0.040740740740740744
0 0.12421875 0.37916666666666665 0.0140625 0.03425925925925926
0 0.14166666666666666 0.3726851851851852 0.014583333333333334 0.03425925925925926
0 0.12604166666666666 0.41898148148148145 0.015625 0.04351851851851852
0 0.1078125 0.3861111111111111 0.014583333333333334 0.03333333333333333
