0 0.4484375 0.38101851851851853 0.0125 0.023148148148148147
0 0.4674479166666667 0.350462962962963 0.009895833333333333 0.017592592592592594
0 0.47213541666666664 0.36435185185185187 0.0109375 0.01574074074074074
0 0.5010416666666667 0.44583333333333336 0.015625 0.026851851851851852
0 0.475 0.48009259259259257 0.015625 0.028703703703703703
0 0.4549479166666667 0.47685185185185186 0.0171875 0.025925925925925925
0 0.5138020833333333 0.48148148148148145 0.015104166666666667 0.024074074074074074
0 0.5440104166666667 0.5685185185185185 0.0171875 0.027777777777777776
0 0.5528645833333333 0.6032407407407407 0.018229166666666668 0.03425925925925926
0 0.5197916666666667 0.638425925925926 0.020833333333333332 0.03796296296296296
0 0.4778645833333333 0.5555555555555556 0.019270833333333334 0.037037037037037035
0 0.5565104166666667 0.9125 0.03177083333333333 0.062037037037037036
0 0.2955729166666667 0.4486111111111111 0.04114583333333333 0.030555555555555555
0 0.29192708333333334 0.4847222222222222 0.030729166666666665 0.023148148148148147
0 0.2752604166666667 0.575462962962963 0.030729166666666665 0.025
0 0.28567708333333336 0.600462962962963 0.03177083333333333 0.03425925925925926
0 0.2791666666666667 0.625462962962963 0.04583333333333333 0.03425925925925926
0 0.26328125 0.774074074074074 0.04635416666666667 0.037037037037037035
0 0.40677083333333336 0.6476851851851851 0.01875 0.04722222222222222
0 0.3533854166666667 0.6342592592592593 0.016145833333333335 0.040740740740740744
0 0.47291666666666665 0.9606481481481481 0.028125 0.08796296296296297
0 0.37083333333333335 0.9805555555555555 0.028125 0.07962962962962963
