4 0.030208333333333334 0.03148148148148148 0.010416666666666666 0.024074074074074074
4 0.027604166666666666 0.08333333333333333 0.011458333333333333 0.024074074074074074
4 0.07994791666666666 0.2337962962962963 0.011979166666666667 0.032407407407407406
4 0.05390625 0.36018518518518516 0.013020833333333334 0.037037037037037035
4 0.03177083333333333 0.40925925925925927 0.013541666666666667 0.037037037037037035
4 0.08567708333333333 0.5319444444444444 0.013020833333333334 0.04351851851851852
4 0.03984375 0.5162037037037037 0.019270833333333334 0.041666666666666664
4 0.05520833333333333 0.21157407407407408 0.011458333333333333 0.025
4 0.12552083333333333 0.6277777777777778 0.014583333333333334 0.05185185185185185
4 0.18697916666666667 0.4212962962962963 0.011458333333333333 0.03518518518518519
4 0.115625 0.47314814814814815 0.013541666666666667 0.044444444444444446
4 0.20078125 0.29814814814814816 0.015104166666666667 0.025925925925925925
4 0.28854166666666664 0.31296296296296294 0.017708333333333333 0.02962962962962963
4 0.134375 0.17175925925925925 0.013541666666666667 0.026851851851851852
4 0.375 0.44027777777777777 0.020833333333333332 0.030555555555555555
4 0.6052083333333333 0.7097222222222223 0.026041666666666668 0.03611111111111111
4 0.46796875 0.7037037037037037 0.025520833333333333 0.040740740740740744
4 0.11692708333333333 0.38981481481481484 0.015104166666666667 0.03888888888888889
4 0.1 0.5861111111111111 0.020833333333333332 0.05
