0 0.3697916666666667 0.0125 0.004166666666666667 0.008333333333333333
0 0.36640625 0.008796296296296297 0.0036458333333333334 0.006481481481481481
0 0.3653645833333333 0.0060185185185185185 0.0046875 0.008333333333333333
0 0.4080729166666667 0.19768518518518519 0.0109375 0.021296296296296296
0 0.45989583333333334 0.2675925925925926 0.026041666666666668 0.020370370370370372
0 0.31536458333333334 0.26064814814814813 0.027604166666666666 0.019444444444444445
0 0.23828125 0.25833333333333336 0.0296875 0.020370370370370372
0 0.23723958333333334 0.24814814814814815 0.027604166666666666 0.020370370370370372
0 0.3223958333333333 0.38842592592592595 0.015625 0.03425925925925926
0 0.34817708333333336 0.4324074074074074 0.0171875 0.040740740740740744
