0 0.23098958333333333 0.6046296296296296 0.0921875 0.1537037037037037
0 0.28880208333333335 0.5009259259259259 0.05572916666666667 0.10925925925925926
0 0.3880208333333333 0.3509259259259259 0.059375 0.06666666666666667
0 0.4869791666666667 0.27546296296296297 0.0375 0.05092592592592592
0 0.5049479166666667 0.23981481481481481 0.028645833333333332 0.044444444444444446
0 0.6299479166666667 0.17407407407407408 0.022395833333333334 0.02962962962962963
0 0.640625 0.30324074074074076 0.029166666666666667 0.05648148148148148
0 0.6721354166666667 0.2 0.021354166666666667 0.037037037037037035
0 0.7036458333333333 0.2263888888888889 0.028125 0.04351851851851852
0 0.6505208333333333 0.10555555555555556 0.015625 0.024074074074074074
0 0.6671875 0.06666666666666667 0.011458333333333333 0.016666666666666666
0 0.6606770833333333 0.037037037037037035 0.0078125 0.012962962962962963
0 0.56171875 0.14166666666666666 0.0171875 0.03148148148148148
0 0.525 0.1925925925925926 0.025 0.037037037037037035
0 0.7197916666666667 0.18611111111111112 0.01875 0.03333333333333333
0 0.7145833333333333 0.16574074074074074 0.017708333333333333 0.03148148148148148
0 0.7083333333333334 0.14953703703703702 0.014583333333333334 0.026851851851851852
0 0.70234375 0.13333333333333333 0.016145833333333335 0.024074074074074074
0 0.6966145833333334 0.11990740740740741 0.016145833333333335 0.023148148148148147
0 0.6854166666666667 0.14027777777777778 0.014583333333333334 0.028703703703703703
0 0.6940104166666666 0.10694444444444444 0.0140625 0.019444444444444445
0 0.6916666666666667 0.09768518518518518 0.0125 0.019444444444444445
0 0.6885416666666667 0.08657407407407407 0.0125 0.021296296296296296
0 0.7114583333333333 0.07222222222222222 0.014583333333333334 0.014814814814814815
0 0.7065104166666667 0.06296296296296296 0.009895833333333333 0.014814814814814815
0 0.7041666666666667 0.056018518518518516 0.0125 0.01574074074074074
0 0.5705729166666667 0.11990740740740741 0.013020833333333334 0.019444444444444445
0 0.57734375 0.09305555555555556 0.0109375 0.019444444444444445
0 0.5841145833333333 0.0824074074074074 0.008854166666666666 0.018518518518518517
