4 0.07708333333333334 0.3277777777777778 0.030208333333333334 0.03518518518518519
4 0.16692708333333334 0.3726851851851852 0.033854166666666664 0.03425925925925926
4 0.28151041666666665 0.4162037037037037 0.0359375 0.03425925925925926
4 0.37213541666666666 0.45601851851851855 0.034895833333333334 0.03425925925925926
4 0.43333333333333335 0.3814814814814815 0.014583333333333334 0.027777777777777776
4 0.44765625 0.38101851851851853 0.018229166666666668 0.041666666666666664
4 0.4796875 0.3662037037037037 0.026041666666666668 0.04351851851851852
4 0.4895833333333333 0.35694444444444445 0.022916666666666665 0.049074074074074076
4 0.5041666666666667 0.350462962962963 0.017708333333333333 0.03981481481481482
4 0.465625 0.26805555555555555 0.029166666666666667 0.03611111111111111
4 0.41510416666666666 0.2902777777777778 0.019791666666666666 0.03796296296296296
4 0.39921875 0.2833333333333333 0.019270833333333334 0.03333333333333333
4 0.3880208333333333 0.2763888888888889 0.019791666666666666 0.03796296296296296
4 0.37604166666666666 0.2652777777777778 0.019791666666666666 0.03981481481481482
4 0.2375 0.2587962962962963 0.027083333333333334 0.030555555555555555
4 0.2643229166666667 0.21944444444444444 0.024479166666666666 0.03148148148148148
4 0.27239583333333334 0.20787037037037037 0.022916666666666665 0.028703703703703703
4 0.28203125 0.19074074074074074 0.0234375 0.025925925925925925
4 0.2890625 0.18101851851851852 0.023958333333333335 0.030555555555555555
4 0.29739583333333336 0.16898148148148148 0.023958333333333335 0.028703703703703703
