4 0.2942708333333333 0.9476851851851852 0.0375 0.049074074074074076
4 0.22265625 0.8796296296296297 0.03177083333333333 0.05185185185185185
4 0.1984375 0.7717592592592593 0.021875 0.032407407407407406
4 0.15 0.7138888888888889 0.01875 0.024074074074074074
4 0.1296875 0.6791666666666667 0.013541666666666667 0.019444444444444445
4 0.14401041666666667 0.6569444444444444 0.013020833333333334 0.017592592592592594
4 0.14270833333333333 0.6356481481481482 0.009375 0.012037037037037037
4 0.09791666666666667 0.6129629629629629 0.009375 0.012962962962962963
4 0.09817708333333333 0.5851851851851851 0.008854166666666666 0.009259259259259259
4 0.08333333333333333 0.5680555555555555 0.00625 0.008333333333333333
4 0.04973958333333333 0.5412037037037037 0.005729166666666666 0.006481481481481481
4 0.0609375 0.575 0.007291666666666667 0.009259259259259259
4 0.06328125 0.5986111111111111 0.0078125 0.012037037037037037
4 0.07786458333333333 0.612037037037037 0.0078125 0.012962962962962963
4 0.08177083333333333 0.625462962962963 0.009375 0.01574074074074074
4 0.08229166666666667 0.6412037037037037 0.010416666666666666 0.012037037037037037
4 0.08307291666666666 0.6541666666666667 0.0140625 0.017592592592592594
4 0.08515625 0.6611111111111111 0.011979166666666667 0.022222222222222223
4 0.08828125 0.6763888888888889 0.0140625 0.019444444444444445
4 0.08932291666666667 0.6912037037037037 0.0140625 0.021296296296296296
4 0.09739583333333333 0.7046296296296296 0.014583333333333334 0.024074074074074074
4 0.09921875 0.725 0.015104166666666667 0.025925925925925925
4 0.10625 0.7527777777777778 0.017708333333333333 0.027777777777777776
4 0.11067708333333333 0.7796296296296297 0.0203125 0.03888888888888889
4 0.11927083333333334 0.8148148148148148 0.021875 0.04259259259259259
4 0.12317708333333334 0.8546296296296296 0.025520833333333333 0.046296296296296294
4 0.14739583333333334 0.9407407407407408 0.03229166666666667 0.06296296296296296
4 0.08932291666666667 0.9032407407407408 0.028645833333333332 0.06574074074074074
4 0.10625 0.9569444444444445 0.030208333333333334 0.030555555555555555
4 0.084375 0.8407407407407408 0.022916666666666665 0.04814814814814815
4 0.08489583333333334 0.8092592592592592 0.020833333333333332 0.037037037037037035
4 0.0796875 0.7796296296296297 0.019791666666666666 0.037037037037037035
4 0.07786458333333333 0.7472222222222222 0.018229166666666668 0.03518518518518519
4 0.07421875 0.7106481481481481 0.013020833333333334 0.025
4 0.07005208333333333 0.6953703703703704 0.013020833333333334 0.022222222222222223
4 0.06640625 0.6800925925925926 0.0140625 0.021296296296296296
4 0.06536458333333334 0.6583333333333333 0.008854166666666666 0.018518518518518517
4 0.05078125 0.6351851851851852 0.0109375 0.022222222222222223
4 0.048177083333333336 0.6027777777777777 0.005729166666666666 0.014814814814814815
4 0.0484375 0.5800925925925926 0.005208333333333333 0.019444444444444445
