4 0.075 0.4532407407407407 0.057291666666666664 0.03611111111111111
4 0.014322916666666666 0.32037037037037036 0.028645833333333332 0.03333333333333333
4 0.0078125 0.20555555555555555 0.015625 0.018518518518518517
4 0.013020833333333334 0.2101851851851852 0.026041666666666668 0.016666666666666666
4 0.012239583333333333 0.2199074074074074 0.024479166666666666 0.019444444444444445
4 0.02109375 0.2273148148148148 0.0390625 0.025
4 0.026302083333333334 0.2310185185185185 0.0328125 0.026851851851851852
4 0.027864583333333335 0.23796296296296296 0.030729166666666665 0.027777777777777776
4 0.032552083333333336 0.2462962962962963 0.028645833333333332 0.025925925925925925
4 0.0390625 0.2513888888888889 0.028125 0.025
4 0.04505208333333333 0.25555555555555554 0.028645833333333332 0.025925925925925925
4 0.25729166666666664 0.4930555555555556 0.025 0.04537037037037037
4 0.28854166666666664 0.5069444444444444 0.035416666666666666 0.04537037037037037
4 0.31197916666666664 0.5277777777777778 0.0375 0.05740740740740741
4 0.3346354166666667 0.55 0.03802083333333333 0.053703703703703705
4 0.35911458333333335 0.5680555555555555 0.04114583333333333 0.06018518518518518
4 0.38515625 0.5861111111111111 0.04114583333333333 0.05
4 0.41015625 0.6087962962962963 0.044270833333333336 0.062037037037037036
4 0.4393229166666667 0.6296296296296297 0.03697916666666667 0.053703703703703705
4 0.46848958333333335 0.6564814814814814 0.0453125 0.05740740740740741
4 0.45234375 0.7638888888888888 0.0671875 0.08333333333333333
4 0.5869791666666667 0.8976851851851851 0.078125 0.075
4 0.7942708333333334 1.0629629629629629 0.057291666666666664 0.09814814814814815
4 0.8578125 0.9277777777777778 0.06145833333333333 0.09444444444444444
4 0.9346354166666667 0.712037037037037 0.0453125 0.06481481481481481
4 0.8739583333333333 0.8074074074074075 0.057291666666666664 0.07222222222222222
4 1.03203125 0.49675925925925923 0.019270833333333334 0.041666666666666664
4 1.021875 0.22314814814814815 0.03333333333333333 0.027777777777777776
4 1.0299479166666667 0.2212962962962963 0.0234375 0.024074074074074074
4 1.0322916666666666 0.13148148148148148 0.017708333333333333 0.014814814814814815
4 0.79296875 0.08055555555555556 0.015104166666666667 0.014814814814814815
4 0.8197916666666667 0.08796296296296297 0.019791666666666666 0.014814814814814815
4 1.0052083333333333 0.15648148148148147 0.026041666666666668 0.020370370370370372
