4 0.06015625 0.05925925925925926 0.0203125 0.02962962962962963
4 0.084375 0.08657407407407407 0.015625 0.026851851851851852
4 0.10208333333333333 0.08703703703703704 0.01875 0.03148148148148148
4 0.009375 0.20324074074074075 0.017708333333333333 0.041666666666666664
4 0.09192708333333334 0.3037037037037037 0.03802083333333333 0.037037037037037035
4 0.28880208333333335 0.2916666666666667 0.034895833333333334 0.03333333333333333
4 0.19609375 0.35324074074074074 0.03697916666666667 0.028703703703703703
4 0.18020833333333333 0.43287037037037035 0.0375 0.03425925925925926
4 0.23802083333333332 0.4375 0.03854166666666667 0.032407407407407406
4 0.28828125 0.4462962962962963 0.0390625 0.03333333333333333
4 0.3223958333333333 0.39166666666666666 0.036458333333333336 0.03148148148148148
4 0.2671875 0.3523148148148148 0.03854166666666667 0.032407407407407406
4 0.3184895833333333 0.3560185185185185 0.03697916666666667 0.030555555555555555
4 0.35703125 0.45092592592592595 0.034895833333333334 0.037037037037037035
4 0.44192708333333336 0.3578703703703704 0.034895833333333334 0.032407407407407406
4 0.38515625 0.3537037037037037 0.03697916666666667 0.03333333333333333
4 0.4979166666666667 0.35555555555555557 0.03958333333333333 0.037037037037037035
4 0.50703125 0.399537037037037 0.034895833333333334 0.032407407407407406
4 0.5567708333333333 0.36203703703703705 0.041666666666666664 0.037037037037037035
4 0.6111979166666667 0.36435185185185187 0.0390625 0.032407407407407406
4 0.6908854166666667 0.3277777777777778 0.043229166666666666 0.03888888888888889
4 0.20885416666666667 0.6620370370370371 0.04583333333333333 0.040740740740740744
4 0.25052083333333336 0.6138888888888889 0.023958333333333335 0.07592592592592592
4 0.23177083333333334 0.6032407407407407 0.022916666666666665 0.07314814814814814
4 0.21666666666666667 0.5976851851851852 0.022916666666666665 0.06944444444444445
4 0.19192708333333333 0.5939814814814814 0.022395833333333334 0.0824074074074074
4 0.17395833333333333 0.600925925925926 0.025 0.07222222222222222
4 0.15520833333333334 0.6027777777777777 0.028125 0.07407407407407407
4 0.13385416666666666 0.6 0.03229166666666667 0.07407407407407407
4 0.027083333333333334 0.6583333333333333 0.051041666666666666 0.03888888888888889
4 0.09244791666666667 0.6060185185185185 0.03177083333333333 0.075
4 0.11875 0.5861111111111111 0.03333333333333333 0.08148148148148149
4 0.11041666666666666 0.5287037037037037 0.026041666666666668 0.06111111111111111
4 0.13177083333333334 0.5138888888888888 0.021875 0.05925925925925926
4 0.14947916666666666 0.5263888888888889 0.025 0.07314814814814814
4 0.16901041666666666 0.5282407407407408 0.0234375 0.07685185185185185
4 0.18958333333333333 0.5296296296296297 0.020833333333333332 0.06666666666666667
4 0.20546875 0.5287037037037037 0.022395833333333334 0.06481481481481481
4 0.22682291666666668 0.5291666666666667 0.0203125 0.06759259259259259
4 0.24401041666666667 0.5347222222222222 0.021354166666666667 0.06574074074074074
4 0.26223958333333336 0.538425925925926 0.0203125 0.0712962962962963
4 0.28072916666666664 0.5435185185185185 0.01875 0.06481481481481481
4 0.30885416666666665 0.5439814814814815 0.03333333333333333 0.04351851851851852
