4 0.07109375 0.5407407407407407 0.0109375 0.027777777777777776
4 0.23854166666666668 0.5226851851851851 0.009375 0.028703703703703703
4 0.21458333333333332 0.3861111111111111 0.008333333333333333 0.027777777777777776
4 0.23255208333333333 0.3537037037037037 0.008854166666666666 0.02962962962962963
4 0.27786458333333336 0.2013888888888889 0.011979166666666667 0.028703703703703703
4 0.29322916666666665 0.10462962962962963 0.014583333333333334 0.012962962962962963
4 0.29375 0.08935185185185185 0.014583333333333334 0.012037037037037037
4 0.2984375 0.046296296296296294 0.011458333333333333 0.012962962962962963
4 0.296875 0.030555555555555555 0.015625 0.012962962962962963
4 0.29661458333333335 0.003703703703703704 0.015104166666666667 0.007407407407407408
4 0.37916666666666665 0.0699074074074074 0.00625 0.026851851851851852
4 0.33229166666666665 0.0837962962962963 0.00625 0.026851851851851852
4 0.46953125 0.03333333333333333 0.0078125 0.03333333333333333
4 0.39505208333333336 0.2337962962962963 0.008854166666666666 0.030555555555555555
4 0.31484375 0.2740740740740741 0.0067708333333333336 0.025925925925925925
4 0.34010416666666665 0.31851851851851853 0.007291666666666667 0.02962962962962963
4 0.42734375 0.4828703703703704 0.008854166666666666 0.032407407407407406
4 0.37942708333333336 0.6231481481481481 0.0067708333333333336 0.02962962962962963
4 0.33515625 0.6671296296296296 0.0067708333333333336 0.030555555555555555
4 0.3190104166666667 0.7055555555555556 0.008854166666666666 0.03148148148148148
4 0.6109375 0.7208333333333333 0.010416666666666666 0.01574074074074074
4 0.5309895833333333 0.5814814814814815 0.009895833333333333 0.02962962962962963
4 0.5481770833333334 0.5254629629629629 0.011979166666666667 0.032407407407407406
4 0.5369791666666667 0.47824074074074074 0.011458333333333333 0.032407407407407406
