0 0.37473958333333335 0.4462962962962963 0.015104166666666667 0.040740740740740744
0 0.13125 0.6990740740740741 0.035416666666666666 0.04814814814814815
0 0.15989583333333332 0.6259259259259259 0.022916666666666665 0.053703703703703705
0 0.0671875 0.65 0.03229166666666667 0.03333333333333333
0 0.09739583333333333 0.8013888888888889 0.034375 0.06018518518518518
0 0.0671875 0.8888888888888888 0.0375 0.05925925925925926
0 0.14791666666666667 0.7898148148148149 0.03229166666666667 0.06851851851851852
0 0.19713541666666667 0.5388888888888889 0.021354166666666667 0.046296296296296294
0 0.20911458333333333 0.48518518518518516 0.0203125 0.03888888888888889
0 0.23619791666666667 0.23796296296296296 0.019270833333333334 0.016666666666666666
0 0.31953125 0.16435185185185186 0.016145833333333335 0.01574074074074074
0 0.33645833333333336 0.05 0.00625 0.011111111111111112
0 0.35130208333333335 0.07222222222222222 0.013020833333333334 0.011111111111111112
0 0.3458333333333333 0.08518518518518518 0.013541666666666667 0.014814814814814815
0 0.35833333333333334 0.06759259259259259 0.013541666666666667 0.011111111111111112
0 0.3606770833333333 0.06296296296296296 0.013020833333333334 0.011111111111111112
0 0.3255208333333333 0.052314814814814814 0.00625 0.012037037037037037
0 0.29192708333333334 0.13518518518518519 0.015104166666666667 0.012962962962962963
0 0.29401041666666666 0.12407407407407407 0.013020833333333334 0.011111111111111112
0 0.33671875 0.09398148148148149 0.0171875 0.012037037037037037
0 0.334375 0.10046296296296296 0.015625 0.010185185185185186
0 0.32786458333333335 0.1486111111111111 0.013020833333333334 0.01574074074074074
0 0.5252604166666667 0.09444444444444444 0.0078125 0.011111111111111112
0 0.6 0.4111111111111111 0.015625 0.03518518518518519
