0 0.5984375 0.8425925925925926 0.07291666666666667 0.1388888888888889
0 0.19375 0.9138888888888889 0.11979166666666667 0.11666666666666667
0 0.3229166666666667 0.7175925925925926 0.058333333333333334 0.12222222222222222
0 0.5778645833333333 0.7152777777777778 0.0515625 0.09166666666666666
0 0.57109375 0.6342592592592593 0.0484375 0.07407407407407407
0 0.5546875 0.5638888888888889 0.03854166666666667 0.06851851851851852
0 0.3619791666666667 0.6046296296296296 0.046875 0.07592592592592592
0 0.3815104166666667 0.5555555555555556 0.0328125 0.06111111111111111
0 0.4010416666666667 0.5217592592592593 0.029166666666666667 0.05648148148148148
0 0.4161458333333333 0.487962962962963 0.028125 0.04814814814814815
0 0.43046875 0.462037037037037 0.0265625 0.037037037037037035
0 0.44427083333333334 0.4439814814814815 0.020833333333333332 0.030555555555555555
0 0.4588541666666667 0.4287037037037037 0.022916666666666665 0.027777777777777776
0 0.4471354166666667 0.41574074074074074 0.027604166666666666 0.025925925925925925
0 0.453125 0.39675925925925926 0.03333333333333333 0.025
0 0.471875 0.39351851851851855 0.022916666666666665 0.022222222222222223
0 0.55625 0.5277777777777778 0.03229166666666667 0.05740740740740741
0 0.5533854166666666 0.45231481481481484 0.018229166666666668 0.03425925925925926
0 0.5546875 0.43425925925925923 0.01875 0.027777777777777776
0 0.5442708333333334 0.41759259259259257 0.034375 0.03333333333333333
0 0.5940104166666667 0.4273148148148148 0.044270833333333336 0.041666666666666664
0 0.5770833333333333 0.4078703703703704 0.036458333333333336 0.026851851851851852
0 0.56171875 0.3921296296296296 0.018229166666666668 0.023148148148148147
0 0.48411458333333335 0.39166666666666666 0.0265625 0.025925925925925925
0 0.4940104166666667 0.38287037037037036 0.024479166666666666 0.023148148148148147
0 0.5372395833333333 0.36898148148148147 0.016145833333333335 0.023148148148148147
0 0.5489583333333333 0.3453703703703704 0.014583333333333334 0.014814814814814815
0 0.5736979166666667 0.32314814814814813 0.013020833333333334 0.020370370370370372
0 0.5255208333333333 0.34814814814814815 0.014583333333333334 0.014814814814814815
0 0.5309895833333333 0.3453703703703704 0.011979166666666667 0.012962962962962963
0 0.5403645833333334 0.3347222222222222 0.0171875 0.013888888888888888
0 0.5440104166666667 0.3314814814814815 0.015104166666666667 0.012962962962962963
0 0.5473958333333333 0.3287037037037037 0.013541666666666667 0.014814814814814815
0 0.5505208333333333 0.3236111111111111 0.013541666666666667 0.013888888888888888
0 0.5546875 0.32175925925925924 0.015625 0.013888888888888888
0 0.55703125 0.3837962962962963 0.0171875 0.017592592592592594
0 0.56640625 0.37777777777777777 0.013020833333333334 0.016666666666666666
0 0.56171875 0.36898148148148147 0.011979166666666667 0.013888888888888888
0 0.56953125 0.3662037037037037 0.011979166666666667 0.013888888888888888
