0 0.39505208333333336 0.3712962962962963 0.033854166666666664 0.1388888888888889
0 0.40078125 0.5777777777777777 0.033854166666666664 0.12037037037037036
0 0.5846354166666666 0.3148148148148148 0.06510416666666667 0.05740740740740741
0 0.5861979166666667 0.37453703703703706 0.06822916666666666 0.05462962962962963
0 0.5880208333333333 0.44351851851851853 0.07395833333333333 0.06296296296296296
0 0.5888020833333333 0.5097222222222222 0.0671875 0.062037037037037036
0 0.5903645833333333 0.5675925925925925 0.0703125 0.05740740740740741
0 0.5940104166666667 0.7657407407407407 0.06927083333333334 0.05185185185185185
0 0.6166666666666667 0.8203703703703704 0.07291666666666667 0.06296296296296296
0 0.6375 0.22685185185185186 0.041666666666666664 0.13148148148148148
0 0.6705729166666666 0.22592592592592592 0.03697916666666667 0.12222222222222222
0 0.7065104166666667 0.22175925925925927 0.03802083333333333 0.13055555555555556
0 0.06822916666666666 0.262037037037037 0.06875 0.05185185185185185
0 0.6013020833333333 0.950462962962963 0.07135416666666666 0.04351851851851852
0 0.7119791666666667 0.412962962962963 0.034375 0.04814814814814815
0 0.7096354166666666 0.4740740740740741 0.0390625 0.05555555555555555
0 0.7083333333333334 0.5324074074074074 0.041666666666666664 0.05740740740740741
0 0.7130208333333333 0.5916666666666667 0.03229166666666667 0.04814814814814815
0 0.71796875 0.7717592592592593 0.022395833333333334 0.05277777777777778
0 0.7135416666666666 0.7087962962962963 0.03125 0.05092592592592592
0 0.7119791666666667 0.6472222222222223 0.034375 0.053703703703703705
