4 0.49140625 0.6013888888888889 0.0036458333333333334 0.006481481481481481
4 0.49296875 0.6083333333333333 0.0036458333333333334 0.005555555555555556
4 0.48072916666666665 0.6055555555555555 0.003125 0.005555555555555556
4 0.5143229166666666 0.6337962962962963 0.0046875 0.008333333333333333
4 0.4830729166666667 0.6296296296296297 0.0046875 0.007407407407407408
4 0.5278645833333333 0.6722222222222223 0.0067708333333333336 0.011111111111111112
4 0.5098958333333333 0.7925925925925926 0.013541666666666667 0.025925925925925925
4 0.515625 0.8208333333333333 0.015625 0.028703703703703703
4 0.5177083333333333 0.8472222222222222 0.016666666666666666 0.03148148148148148
4 0.5643229166666667 0.7865740740740741 0.0171875 0.021296296296296296
4 0.5604166666666667 0.7675925925925926 0.013541666666666667 0.018518518518518517
4 0.5515625 0.7425925925925926 0.011458333333333333 0.018518518518518517
4 0.55625 0.7550925925925925 0.0125 0.019444444444444445
4 0.6028645833333334 0.6976851851851852 0.0203125 0.013888888888888888
4 0.6028645833333334 0.7180555555555556 0.019270833333333334 0.013888888888888888
4 0.6505208333333333 0.6625 0.017708333333333333 0.012037037037037037
4 0.66328125 0.6736111111111112 0.018229166666666668 0.012037037037037037
4 0.6731770833333334 0.6800925925925926 0.019270833333333334 0.012037037037037037
4 0.70546875 0.6847222222222222 0.013020833333333334 0.013888888888888888
4 0.7171875 0.6865740740740741 0.013541666666666667 0.013888888888888888
4 0.72421875 0.7055555555555556 0.0171875 0.016666666666666666
4 0.7388020833333333 0.7101851851851851 0.015104166666666667 0.016666666666666666
4 0.7625 0.6925925925925925 0.011458333333333333 0.014814814814814815
4 0.7729166666666667 0.6939814814814815 0.009375 0.013888888888888888
4 0.7903645833333334 0.6990740740740741 0.011979166666666667 0.014814814814814815
4 0.8044270833333333 0.6986111111111111 0.009895833333333333 0.01574074074074074
4 0.8229166666666666 0.6976851851851852 0.009375 0.013888888888888888
4 0.8442708333333333 0.7041666666666667 0.015625 0.013888888888888888
4 0.8611979166666667 0.7046296296296296 0.013020833333333334 0.014814814814814815
4 0.915625 0.7055555555555556 0.026041666666666668 0.016666666666666666
4 0.96171875 0.7023148148148148 0.027604166666666666 0.01574074074074074
4 0.97890625 0.7268518518518519 0.027604166666666666 0.020370370370370372
4 1.0286458333333333 0.7240740740740741 0.026041666666666668 0.016666666666666666
4 1.0294270833333334 0.6995370370370371 0.0234375 0.01574074074074074
4 0.9697916666666667 0.8773148148148148 0.04479166666666667 0.030555555555555555
4 0.9052083333333333 0.8796296296296297 0.042708333333333334 0.03333333333333333
4 0.18020833333333333 0.9953703703703703 0.059375 0.044444444444444446
4 0.030729166666666665 1.2384259259259258 0.06145833333333333 0.07314814814814814
4 0.057291666666666664 0.9208333333333333 0.05 0.03796296296296296
4 0.6260416666666667 0.6805555555555556 0.016666666666666666 0.012962962962962963
4 0.61953125 0.6759259259259259 0.019270833333333334 0.011111111111111112
4 0.6158854166666666 0.6712962962962963 0.0171875 0.011111111111111112
4 0.6041666666666666 0.6606481481481481 0.015625 0.012037037037037037
4 0.5973958333333333 0.6523148148148148 0.019791666666666666 0.010185185185185186
4 0.6026041666666667 0.6550925925925926 0.015625 0.010185185185185186
4 0.6356770833333333 0.6541666666666667 0.0171875 0.012037037037037037
4 0.6325520833333333 0.6481481481481481 0.016145833333333335 0.009259259259259259
4 0.62578125 0.6458333333333334 0.015104166666666667 0.013888888888888888
4 0.6171875 0.6361111111111111 0.014583333333333334 0.009259259259259259
4 0.60703125 0.6277777777777778 0.0140625 0.007407407407407408
4 0.5893229166666667 0.6439814814814815 0.0140625 0.008333333333333333
4 0.5846354166666666 0.6412037037037037 0.015104166666666667 0.010185185185185186
4 0.6036458333333333 0.624537037037037 0.014583333333333334 0.010185185185185186
4 0.5986979166666667 0.6231481481481481 0.016145833333333335 0.011111111111111112
4 0.5942708333333333 0.6152777777777778 0.013541666666666667 0.010185185185185186
