4 0.3890625 0.34675925925925927 0.046875 0.03796296296296296
4 0.37005208333333334 0.08101851851851852 0.04739583333333333 0.04351851851851852
4 0.53359375 0.350462962962963 0.028645833333333332 0.0787037037037037
4 0.5796875 0.35324074074074074 0.023958333333333335 0.08055555555555556
4 0.521875 0.513425925925926 0.01875 0.0787037037037037
4 0.46796875 0.5263888888888889 0.018229166666666668 0.06944444444444445
4 0.4171875 0.5282407407407408 0.021875 0.08055555555555556
4 0.3921875 0.5185185185185185 0.017708333333333333 0.08703703703703704
4 0.33098958333333334 0.5157407407407407 0.0203125 0.09074074074074075
4 0.30442708333333335 0.5055555555555555 0.0203125 0.08148148148148149
4 0.27682291666666664 0.5074074074074074 0.019270833333333334 0.06851851851851852
4 0.24739583333333334 0.49537037037037035 0.022916666666666665 0.08333333333333333
4 0.2125 0.4847222222222222 0.017708333333333333 0.0787037037037037
4 0.18697916666666667 0.48148148148148145 0.023958333333333335 0.07777777777777778
4 0.06770833333333333 0.3365740740740741 0.04895833333333333 0.030555555555555555
4 0.0921875 0.23472222222222222 0.05 0.03796296296296296
4 0.03307291666666667 0.3101851851851852 0.03177083333333333 0.05925925925925926
4 0.7049479166666667 0.55 0.025520833333333333 0.08333333333333333
4 0.48125 0.3648148148148148 0.046875 0.03518518518518519
4 0.14453125 0.32222222222222224 0.050520833333333334 0.04814814814814815
4 0.18151041666666667 0.017592592592592594 0.0546875 0.03518518518518519
4 0.010416666666666666 0.26157407407407407 0.020833333333333332 0.04722222222222222
