0 0.13619791666666667 0.5333333333333333 0.019270833333333334 0.014814814814814815
0 0.159375 0.5356481481481481 0.019791666666666666 0.01574074074074074
0 0.10651041666666666 0.5791666666666667 0.018229166666666668 0.013888888888888888
0 0.15494791666666666 0.5833333333333334 0.0203125 0.014814814814814815
0 0.18151041666666667 0.5847222222222223 0.0203125 0.013888888888888888
0 0.4049479166666667 0.9319444444444445 0.022395833333333334 0.023148148148148147
0 0.40703125 0.9587962962962963 0.0234375 0.026851851851851852
0 0.4140625 0.9041666666666667 0.021875 0.021296296296296296
0 0.4203125 0.8810185185185185 0.023958333333333335 0.019444444444444445
0 0.428125 0.8476851851851852 0.021875 0.021296296296296296
0 0.4359375 0.7953703703703704 0.020833333333333332 0.020370370370370372
0 0.440625 0.7726851851851851 0.021875 0.021296296296296296
0 0.44609375 0.749537037037037 0.016145833333333335 0.019444444444444445
0 0.4440104166666667 0.725462962962963 0.0203125 0.023148148148148147
0 0.44869791666666664 0.7 0.0203125 0.020370370370370372
0 0.446875 0.6398148148148148 0.009375 0.03888888888888889
0 0.43385416666666665 0.6393518518518518 0.009375 0.04351851851851852
0 0.48932291666666666 0.611574074074074 0.015104166666666667 0.012037037037037037
0 0.5098958333333333 0.5666666666666667 0.020833333333333332 0.016666666666666666
0 0.5330729166666667 0.5675925925925925 0.0203125 0.016666666666666666
0 0.46328125 0.41712962962962963 0.008854166666666666 0.030555555555555555
0 0.5809895833333333 0.49074074074074076 0.0109375 0.03333333333333333
0 0.6372395833333333 0.5731481481481482 0.019270833333333334 0.014814814814814815
0 0.6177083333333333 0.524537037037037 0.0125 0.032407407407407406
0 0.6380208333333334 0.5259259259259259 0.013541666666666667 0.02962962962962963
0 0.6486979166666667 0.5277777777777778 0.011979166666666667 0.03148148148148148
0 0.6572916666666667 0.5282407407407408 0.0125 0.030555555555555555
0 0.696875 0.5291666666666667 0.014583333333333334 0.032407407407407406
0 0.70703125 0.5300925925925926 0.0140625 0.030555555555555555
0 0.7169270833333333 0.5296296296296297 0.015104166666666667 0.03148148148148148
0 0.6635416666666667 0.5763888888888888 0.019791666666666666 0.01574074074074074
0 0.6890625 0.5791666666666667 0.021875 0.01574074074074074
0 0.21432291666666667 0.45555555555555555 0.018229166666666668 0.014814814814814815
0 0.24166666666666667 0.4587962962962963 0.017708333333333333 0.01574074074074074
0 0.26119791666666664 0.4583333333333333 0.018229166666666668 0.014814814814814815
0 0.2828125 0.46111111111111114 0.017708333333333333 0.014814814814814815
0 0.3033854166666667 0.46296296296296297 0.018229166666666668 0.014814814814814815
0 0.30416666666666664 0.42824074074074076 0.01875 0.01574074074074074
0 0.334375 0.4666666666666667 0.017708333333333333 0.014814814814814815
0 0.35546875 0.4689814814814815 0.0171875 0.01574074074074074
0 0.35 0.5513888888888889 0.019791666666666666 0.01574074074074074
0 0.27109375 0.5453703703703704 0.0203125 0.016666666666666666
0 0.37604166666666666 0.5990740740740741 0.016666666666666666 0.012962962962962963
0 0.3294270833333333 0.5967592592592592 0.0171875 0.013888888888888888
0 0.30546875 0.5935185185185186 0.018229166666666668 0.014814814814814815
0 0.259375 0.5912037037037037 0.019791666666666666 0.017592592592592594
0 0.23776041666666667 0.5907407407407408 0.0203125 0.016666666666666666
