4 0.24583333333333332 0.024074074074074074 0.019791666666666666 0.04814814814814815
4 0.2872395833333333 0.02175925925925926 0.0234375 0.04351851851851852
4 0.3893229166666667 0.0837962962962963 0.0234375 0.09537037037037037
4 0.38984375 0.20787037037037037 0.025520833333333333 0.09722222222222222
4 0.28671875 0.22314814814814815 0.025520833333333333 0.08703703703703704
4 0.39557291666666666 0.43703703703703706 0.024479166666666666 0.1037037037037037
4 0.39765625 0.9263888888888889 0.0234375 0.08981481481481482
4 0.39921875 0.787962962962963 0.027604166666666666 0.11296296296296296
4 0.33125 0.6708333333333333 0.020833333333333332 0.1398148148148148
4 0.28671875 0.9282407407407407 0.0265625 0.08611111111111111
4 0.225 0.9444444444444444 0.030208333333333334 0.053703703703703705
4 0.2869791666666667 0.7013888888888888 0.025 0.11018518518518519
4 0.28463541666666664 0.5777777777777777 0.0265625 0.10555555555555556
4 0.28802083333333334 0.4583333333333333 0.026041666666666668 0.10555555555555556
4 0.22083333333333333 0.48935185185185187 0.027083333333333334 0.10092592592592593
