4 0.5875 0.8453703703703703 0.08020833333333334 0.22037037037037038
4 0.61875 0.6134259259259259 0.08125 0.19166666666666668
4 0.03333333333333333 0.8578703703703704 0.06666666666666667 0.09722222222222222
4 0.29973958333333334 0.9523148148148148 0.09322916666666667 0.03796296296296296
4 0.28125 0.874537037037037 0.11458333333333333 0.11203703703703703
4 0.271875 0.7703703703703704 0.12291666666666666 0.11481481481481481
4 0.26927083333333335 0.6736111111111112 0.10208333333333333 0.08796296296296297
4 0.2604166666666667 0.5777777777777777 0.103125 0.10185185185185185
4 0.26015625 0.49953703703703706 0.09635416666666667 0.0824074074074074
4 0.25859375 0.4263888888888889 0.0921875 0.07314814814814814
4 0.2520833333333333 0.2967592592592593 0.07083333333333333 0.058333333333333334
4 0.24505208333333334 0.2449074074074074 0.08177083333333333 0.06018518518518518
4 0.23776041666666667 0.10092592592592593 0.07552083333333333 0.053703703703703705
4 0.234375 0.05925925925925926 0.06770833333333333 0.04814814814814815
4 0.23385416666666667 0.02638888888888889 0.07083333333333333 0.05277777777777778
4 0.24114583333333334 0.14907407407407408 0.07708333333333334 0.06481481481481481
4 0.6651041666666667 0.020833333333333332 0.042708333333333334 0.041666666666666664
