4 0.049479166666666664 0.49907407407407406 0.053125 0.040740740740740744
4 0.1109375 0.5236111111111111 0.05625 0.03425925925925926
4 0.19609375 0.4828703703703704 0.04635416666666667 0.041666666666666664
4 0.46927083333333336 0.8810185185185185 0.07708333333333334 0.075
4 0.7770833333333333 0.7328703703703704 0.034375 0.06018518518518518
4 0.30130208333333336 0.42777777777777776 0.0421875 0.040740740740740744
4 0.34140625 0.4046296296296296 0.04010416666666667 0.040740740740740744
4 0.3893229166666667 0.3912037037037037 0.0421875 0.032407407407407406
4 0.95546875 0.5444444444444444 0.059895833333333336 0.04259259259259259
4 0.8927083333333333 0.5282407407407408 0.04895833333333333 0.04351851851851852
4 0.828125 0.5013888888888889 0.052083333333333336 0.03611111111111111
4 0.6513020833333333 0.4050925925925926 0.0390625 0.028703703703703703
4 0.7778645833333333 0.47129629629629627 0.03802083333333333 0.03518518518518519
4 0.3296875 1.0953703703703703 0.07708333333333334 0.11851851851851852
4 0.92734375 0.787962962962963 0.04010416666666667 0.046296296296296294
4 0.44140625 0.30324074074074076 0.0140625 0.026851851851851852
4 0.45 0.28425925925925927 0.016666666666666666 0.027777777777777776
4 0.07552083333333333 0.7425925925925926 0.046875 0.13703703703703704
4 0.5645833333333333 0.15092592592592594 0.01875 0.037037037037037035
