0 0.17057291666666666 0.5976851851851852 0.1140625 0.09166666666666666
0 0.33307291666666666 0.7310185185185185 0.11927083333333334 0.10833333333333334
0 0.5861979166666667 0.8134259259259259 0.1359375 0.11944444444444445
0 0.5377604166666666 0.6726851851851852 0.09322916666666667 0.15833333333333333
0 0.78046875 0.8592592592592593 0.1546875 0.1259259259259259
0 1.01328125 0.8916666666666667 0.05677083333333333 0.1259259259259259
0 0.4890625 0.4828703703703704 0.09583333333333334 0.0712962962962963
0 0.5638020833333334 0.44583333333333336 0.09114583333333333 0.06759259259259259
0 0.8078125 0.5435185185185185 0.103125 0.07777777777777778
0 0.2015625 0.36435185185185187 0.08020833333333334 0.062037037037037036
0 0.030208333333333334 0.33796296296296297 0.06041666666666667 0.05740740740740741
0 0.04921875 1.275462962962963 0.0984375 0.21944444444444444
