4 0.40546875 1.2782407407407408 0.06822916666666666 0.2212962962962963
4 0.41848958333333336 0.9976851851851852 0.058854166666666666 0.2175925925925926
4 0.4591145833333333 0.3736111111111111 0.0296875 0.06574074074074074
4 0.61328125 0.39444444444444443 0.05677083333333333 0.07777777777777778
4 0.6841145833333333 0.7222222222222222 0.0515625 0.12407407407407407
4 0.03671875 0.41759259259259257 0.059895833333333336 0.08148148148148149
4 0.46588541666666666 0.1162037037037037 0.0171875 0.032407407407407406
4 0.46927083333333336 0.058333333333333334 0.014583333333333334 0.03148148148148148
4 0.5552083333333333 0.02546296296296296 0.014583333333333334 0.025
4 0.5143229166666666 0.05462962962962963 0.0140625 0.02962962962962963
4 0.5872395833333334 0.1087962962962963 0.0296875 0.030555555555555555
4 0.5627604166666667 0.046296296296296294 0.019270833333333334 0.025925925925925925
4 0.62421875 0.18425925925925926 0.0453125 0.03888888888888889
4 0.46588541666666666 0.1486111111111111 0.025520833333333333 0.032407407407407406
4 0.4591145833333333 0.20601851851851852 0.021354166666666667 0.04537037037037037
4 0.46041666666666664 0.29953703703703705 0.025 0.062037037037037036
4 0.2921875 0.5064814814814815 0.08020833333333334 0.06666666666666667
4 0.74140625 0.5972222222222222 0.0953125 0.06851851851851852
4 0.7421875 0.5412037037037037 0.08125 0.058333333333333334
4 0.74609375 0.4930555555555556 0.07552083333333333 0.06018518518518518
4 0.6619791666666667 0.2884259259259259 0.06041666666666667 0.05092592592592592
4 0.653125 0.27175925925925926 0.059375 0.04351851851851852
4 0.46588541666666666 0.08425925925925926 0.015104166666666667 0.027777777777777776
