4 0.5984375 0.4722222222222222 0.030208333333333334 0.05740740740740741
4 0.4744791666666667 0.37546296296296294 0.014583333333333334 0.023148148148148147
4 0.4328125 0.4027777777777778 0.0125 0.020370370370370372
4 0.41875 0.4462962962962963 0.0125 0.022222222222222223
4 0.4278645833333333 0.4060185185185185 0.008854166666666666 0.01574074074074074
4 0.42552083333333335 0.40925925925925927 0.011458333333333333 0.018518518518518517
4 0.42161458333333335 0.4111111111111111 0.009895833333333333 0.020370370370370372
4 0.4140625 0.4162037037037037 0.009375 0.019444444444444445
4 0.4122395833333333 0.4152777777777778 0.008854166666666666 0.01574074074074074
4 0.4015625 0.42592592592592593 0.007291666666666667 0.012962962962962963
4 0.39791666666666664 0.42453703703703705 0.007291666666666667 0.01574074074074074
4 0.4125 0.45 0.011458333333333333 0.020370370370370372
4 0.40963541666666664 0.4527777777777778 0.0109375 0.022222222222222223
4 0.40625 0.4527777777777778 0.010416666666666666 0.022222222222222223
4 0.3888020833333333 0.46064814814814814 0.009895833333333333 0.017592592592592594
4 0.3359375 0.4671296296296296 0.004166666666666667 0.008333333333333333
4 0.3341145833333333 0.46805555555555556 0.0036458333333333334 0.010185185185185186
4 0.33307291666666666 0.46805555555555556 0.0036458333333333334 0.010185185185185186
4 0.3302083333333333 0.47129629629629627 0.004166666666666667 0.009259259259259259
4 0.6442708333333333 0.7875 0.05520833333333333 0.058333333333333334
4 0.40911458333333334 0.6847222222222222 0.019270833333333334 0.028703703703703703
4 0.26223958333333336 0.6157407407407407 0.0036458333333333334 0.009259259259259259
4 0.25442708333333336 0.6351851851851852 0.0036458333333333334 0.007407407407407408
4 0.26640625 0.6300925925925925 0.0046875 0.008333333333333333
4 0.2708333333333333 0.6375 0.005208333333333333 0.010185185185185186
4 0.2552083333333333 0.6435185185185185 0.004166666666666667 0.005555555555555556
4 0.25546875 0.6467592592592593 0.0036458333333333334 0.006481481481481481
4 0.25546875 0.6509259259259259 0.0036458333333333334 0.005555555555555556
4 0.2557291666666667 0.6560185185185186 0.004166666666666667 0.006481481481481481
4 0.25625 0.6597222222222222 0.004166666666666667 0.006481481481481481
4 0.25677083333333334 0.6643518518518519 0.005208333333333333 0.008333333333333333
4 0.25755208333333335 0.6699074074074074 0.0046875 0.008333333333333333
4 0.25807291666666665 0.6754629629629629 0.0046875 0.012037037037037037
4 0.2559895833333333 0.687962962962963 0.0067708333333333336 0.016666666666666666
4 0.2591145833333333 0.7023148148148148 0.0067708333333333336 0.013888888888888888
4 0.275 0.7152777777777778 0.007291666666666667 0.017592592592592594
4 0.2791666666666667 0.7231481481481481 0.008333333333333333 0.016666666666666666
4 0.27708333333333335 0.7412037037037037 0.008333333333333333 0.021296296296296296
4 0.2716145833333333 0.7638888888888888 0.011979166666666667 0.016666666666666666
4 0.284375 0.7513888888888889 0.009375 0.019444444444444445
4 0.2752604166666667 0.7736111111111111 0.0109375 0.023148148148148147
4 0.28515625 0.7722222222222223 0.0109375 0.02962962962962963
4 0.3078125 0.7388888888888889 0.011458333333333333 0.024074074074074074
4 0.2752604166666667 0.7949074074074074 0.0109375 0.025
4 0.27786458333333336 0.8143518518518519 0.011979166666666667 0.023148148148148147
4 0.290625 0.8041666666666667 0.0125 0.028703703703703703
4 0.3028645833333333 0.7888888888888889 0.011979166666666667 0.02962962962962963
4 0.31015625 0.8162037037037037 0.013020833333333334 0.032407407407407406
4 0.3216145833333333 0.7865740740740741 0.013020833333333334 0.030555555555555555
4 0.28072916666666664 0.8356481481481481 0.013541666666666667 0.028703703703703703
4 0.2994791666666667 0.8587962962962963 0.014583333333333334 0.03796296296296296
4 0.32734375 0.8189814814814815 0.016145833333333335 0.03796296296296296
4 0.3359375 0.8564814814814815 0.01875 0.046296296296296294
4 0.321875 0.888425925925926 0.016666666666666666 0.04722222222222222
4 0.30520833333333336 0.8888888888888888 0.016666666666666666 0.03888888888888889
4 0.28515625 0.9037037037037037 0.018229166666666668 0.044444444444444446
4 0.2908854166666667 0.9462962962962963 0.019270833333333334 0.05185185185185185
4 0.3067708333333333 0.9333333333333333 0.021875 0.05740740740740741
4 0.31588541666666664 0.9606481481481481 0.0234375 0.023148148148148147
4 0.3328125 0.9314814814814815 0.020833333333333332 0.05555555555555555
4 0.3502604166666667 0.8962962962962963 0.0234375 0.05740740740740741
4 0.36744791666666665 0.9458333333333333 0.0265625 0.05277777777777778
4 0.34401041666666665 0.9574074074074074 0.021354166666666667 0.02962962962962963
