4 0.44479166666666664 0.3699074074074074 0.022916666666666665 0.05277777777777778
4 0.47604166666666664 0.3736111111111111 0.021875 0.04351851851851852
4 0.8442708333333333 0.8009259259259259 0.07083333333333333 0.12962962962962962
4 0.8958333333333334 0.8055555555555556 0.07916666666666666 0.1259259259259259
4 0.6114583333333333 0.4287037037037037 0.03229166666666667 0.046296296296296294
4 0.5708333333333333 0.45740740740740743 0.027083333333333334 0.05185185185185185
4 0.5666666666666667 0.4013888888888889 0.019791666666666666 0.03981481481481482
4 0.5309895833333333 0.32037037037037036 0.028645833333333332 0.046296296296296294
4 0.48020833333333335 0.13518518518518519 0.0125 0.022222222222222223
4 0.49375 0.09444444444444444 0.0125 0.014814814814814815
4 0.4549479166666667 0.14722222222222223 0.018229166666666668 0.018518518518518517
4 0.45755208333333336 0.14444444444444443 0.024479166666666666 0.018518518518518517
4 0.4544270833333333 0.13333333333333333 0.009895833333333333 0.020370370370370372
4 0.37942708333333336 0.2824074074074074 0.018229166666666668 0.02962962962962963
4 0.5796875 0.09953703703703703 0.01875 0.017592592592592594
4 0.553125 0.08703703703703704 0.009375 0.016666666666666666
4 0.49453125 0.07175925925925926 0.011979166666666667 0.012037037037037037
4 0.49375 0.05694444444444444 0.008333333333333333 0.010185185185185186
4 0.54375 0.04675925925925926 0.00625 0.010185185185185186
4 0.5364583333333334 0.025 0.004166666666666667 0.011111111111111112
