0 0.32395833333333335 0.6712962962962963 0.10104166666666667 0.11481481481481481
0 0.6895833333333333 0.6689814814814815 0.059375 0.11944444444444445
0 0.5341145833333333 0.42777777777777776 0.1015625 0.1037037037037037
0 0.29791666666666666 0.6055555555555555 0.08541666666666667 0.13333333333333333
0 0.24348958333333334 0.3819444444444444 0.08697916666666666 0.06944444444444445
0 0.3515625 0.26064814814814813 0.03854166666666667 0.11018518518518519
0 0.5315104166666667 0.3537037037037037 0.07864583333333333 0.08518518518518518
0 0.5361979166666667 0.29583333333333334 0.08802083333333334 0.0787037037037037
0 0.5473958333333333 0.18101851851851852 0.08020833333333334 0.07685185185185185
0 0.5580729166666667 0.1476851851851852 0.08072916666666667 0.06574074074074074
