4 0.6520833333333333 0.8907407407407407 0.1125 0.09814814814814815
4 0.11432291666666666 0.6921296296296297 0.0109375 0.03611111111111111
4 0.10807291666666667 0.6898148148148148 0.0067708333333333336 0.03518518518518519
4 0.058854166666666666 0.8550925925925926 0.09270833333333334 0.10648148148148148
4 0.1328125 0.7333333333333333 0.058333333333333334 0.06111111111111111
4 0.37916666666666665 0.649074074074074 0.016666666666666666 0.03148148148148148
4 0.38203125 0.5833333333333334 0.011979166666666667 0.018518518518518517
4 0.40208333333333335 0.575925925925926 0.010416666666666666 0.016666666666666666
4 0.38645833333333335 0.5541666666666667 0.008333333333333333 0.013888888888888888
4 0.321875 0.5527777777777778 0.011458333333333333 0.016666666666666666
4 0.340625 0.5328703703703703 0.008333333333333333 0.012037037037037037
4 0.35520833333333335 0.5324074074074074 0.008333333333333333 0.011111111111111112
4 0.39114583333333336 0.5333333333333333 0.007291666666666667 0.012962962962962963
4 0.37994791666666666 0.5296296296296297 0.0078125 0.011111111111111112
4 0.3854166666666667 0.5180555555555556 0.00625 0.008333333333333333
4 0.4049479166666667 0.5106481481481482 0.0046875 0.006481481481481481
4 0.39765625 0.5 0.0036458333333333334 0.005555555555555556
4 0.39895833333333336 0.49398148148148147 0.003125 0.006481481481481481
4 0.35104166666666664 0.5208333333333334 0.008333333333333333 0.012037037037037037
4 0.35859375 0.5120370370370371 0.005729166666666666 0.007407407407407408
4 0.35859375 0.5055555555555555 0.005729166666666666 0.007407407407407408
4 0.3684895833333333 0.5032407407407408 0.0046875 0.006481481481481481
4 0.36614583333333334 0.500462962962963 0.004166666666666667 0.006481481481481481
4 0.38046875 0.49583333333333335 0.0036458333333333334 0.004629629629629629
4 0.37473958333333335 0.49444444444444446 0.0036458333333333334 0.005555555555555556
4 0.37473958333333335 0.4898148148148148 0.0026041666666666665 0.003703703703703704
4 0.3815104166666667 0.49166666666666664 0.0036458333333333334 0.003703703703703704
4 0.3848958333333333 0.4888888888888889 0.003125 0.003703703703703704
4 0.3809895833333333 0.48935185185185187 0.0026041666666666665 0.004629629629629629
4 0.3815104166666667 0.4861111111111111 0.0036458333333333334 0.003703703703703704
4 0.3828125 0.48564814814814816 0.003125 0.002777777777777778
4 0.38828125 0.48518518518518516 0.0026041666666666665 0.003703703703703704
4 0.3854166666666667 0.4824074074074074 0.0020833333333333333 0.003703703703703704
4 0.39010416666666664 0.48194444444444445 0.0020833333333333333 0.002777777777777778
4 0.38958333333333334 0.4791666666666667 0.0020833333333333333 0.002777777777777778
4 0.40286458333333336 0.475462962962963 0.0015625 0.002777777777777778
4 0.4005208333333333 0.47314814814814815 0.0010416666666666667 0.001851851851851852
4 0.4049479166666667 0.4740740740740741 0.0015625 0.001851851851851852
