4 0.5169270833333334 0.6736111111111112 0.049479166666666664 0.03981481481481482
4 0.5169270833333334 0.6268518518518519 0.0421875 0.037037037037037035
4 0.5182291666666666 0.587037037037037 0.041666666666666664 0.05
4 0.5286458333333334 0.5680555555555555 0.03958333333333333 0.05092592592592592
4 0.540625 0.5199074074074074 0.0375 0.03796296296296296
4 0.5481770833333334 0.38425925925925924 0.030729166666666665 0.025925925925925925
4 0.40546875 0.39675925925925926 0.0296875 0.030555555555555555
4 0.3619791666666667 0.6625 0.023958333333333335 0.06944444444444445
4 0.29921875 0.6305555555555555 0.03802083333333333 0.05740740740740741
4 0.3263020833333333 0.39675925925925926 0.0296875 0.030555555555555555
4 0.359375 0.37916666666666665 0.029166666666666667 0.028703703703703703
4 0.390625 0.3625 0.027083333333333334 0.026851851851851852
4 0.42526041666666664 0.3388888888888889 0.0265625 0.03148148148148148
4 0.44609375 0.3439814814814815 0.024479166666666666 0.028703703703703703
4 0.4515625 0.3023148148148148 0.025 0.019444444444444445
4 0.44973958333333336 0.2916666666666667 0.025520833333333333 0.016666666666666666
4 0.43802083333333336 0.2675925925925926 0.022916666666666665 0.018518518518518517
4 0.45703125 0.24166666666666667 0.0109375 0.024074074074074074
4 0.47161458333333334 0.25277777777777777 0.0109375 0.024074074074074074
4 0.49322916666666666 0.26064814814814813 0.011458333333333333 0.023148148148148147
4 0.5059895833333333 0.25601851851851853 0.013020833333333334 0.023148148148148147
4 0.5255208333333333 0.26157407407407407 0.015625 0.021296296296296296
4 0.5638020833333334 0.2828703703703704 0.0265625 0.021296296296296296
4 0.56796875 0.2759259259259259 0.0234375 0.018518518518518517
4 0.5760416666666667 0.26481481481481484 0.01875 0.022222222222222223
4 0.5989583333333334 0.2462962962962963 0.022916666666666665 0.016666666666666666
4 0.609375 0.23657407407407408 0.023958333333333335 0.017592592592592594
4 0.61640625 0.22314814814814815 0.0171875 0.018518518518518517
4 0.6171875 0.17407407407407408 0.014583333333333334 0.016666666666666666
