0 0.40729166666666666 0.537962962962963 0.016666666666666666 0.07222222222222222
0 0.30755208333333334 0.3800925925925926 0.018229166666666668 0.062037037037037036
0 0.37213541666666666 0.31666666666666665 0.0140625 0.05
0 0.37890625 0.2375 0.0140625 0.041666666666666664
0 0.35911458333333335 0.11018518518518519 0.011979166666666667 0.046296296296296294
0 0.31692708333333336 0.24259259259259258 0.015104166666666667 0.046296296296296294
0 0.25364583333333335 0.9092592592592592 0.035416666666666666 0.1259259259259259
0 0.2677083333333333 0.7703703703703704 0.029166666666666667 0.11851851851851852
0 0.4078125 0.6995370370370371 0.019791666666666666 0.09907407407407408
0 0.27838541666666666 0.6523148148148148 0.030729166666666665 0.10833333333333334
0 0.2911458333333333 0.5467592592592593 0.025 0.08055555555555556
0 0.40989583333333335 0.3990740740740741 0.016666666666666666 0.05
0 0.41041666666666665 0.3347222222222222 0.014583333333333334 0.058333333333333334
0 0.2638020833333333 0.2935185185185185 0.0390625 0.03888888888888889
0 0.27239583333333334 0.31666666666666665 0.035416666666666666 0.037037037037037035
0 0.4078125 0.25925925925925924 0.016666666666666666 0.04814814814814815
0 0.40989583333333335 0.21898148148148147 0.015625 0.03796296296296296
0 0.32786458333333335 0.1439814814814815 0.015104166666666667 0.03611111111111111
0 0.33880208333333334 0.03194444444444444 0.011979166666666667 0.032407407407407406
0 0.41015625 0.12731481481481483 0.011979166666666667 0.03425925925925926
0 0.40911458333333334 0.17175925925925925 0.011979166666666667 0.04351851851851852
0 0.32369791666666664 0.19490740740740742 0.015104166666666667 0.04351851851851852
0 0.38619791666666664 0.013425925925925926 0.0109375 0.025
0 0.41067708333333336 0.01712962962962963 0.0109375 0.026851851851851852
0 0.34270833333333334 0.010185185185185186 0.0125 0.020370370370370372
0 0.33645833333333336 0.06435185185185185 0.011458333333333333 0.041666666666666664
