4 0.38723958333333336 0.029166666666666667 0.03802083333333333 0.058333333333333334
4 0.3927083333333333 0.11342592592592593 0.04479166666666667 0.1361111111111111
4 0.3802083333333333 0.25555555555555554 0.04583333333333333 0.12777777777777777
4 0.3640625 0.624537037037037 0.06458333333333334 0.22870370370370371
4 0.34088541666666666 0.8907407407407407 0.06927083333333334 0.16296296296296298
4 0.70703125 0.8875 0.044270833333333336 0.1675925925925926
4 0.6893229166666667 0.5907407407407408 0.0796875 0.1925925925925926
4 0.6541666666666667 0.37592592592592594 0.0625 0.1388888888888889
4 0.6223958333333334 0.20046296296296295 0.058333333333333334 0.10833333333333334
4 0.60625 0.09490740740740741 0.04895833333333333 0.08611111111111111
