0 0.5028645833333333 0.8569444444444444 0.0328125 0.09907407407407408
0 0.7552083333333334 0.6476851851851851 0.03125 0.03796296296296296
0 0.8294270833333334 0.2175925925925926 0.034895833333333334 0.03333333333333333
0 0.8515625 0.1986111111111111 0.035416666666666666 0.032407407407407406
0 0.25052083333333336 0.4476851851851852 0.042708333333333334 0.05277777777777778
0 0.20703125 0.5648148148148148 0.025520833333333333 0.07037037037037037
0 0.24088541666666666 0.225 0.025520833333333333 0.024074074074074074
0 0.23828125 0.7143518518518519 0.04010416666666667 0.06759259259259259
0 0.20182291666666666 0.7384259259259259 0.04010416666666667 0.062037037037037036
0 0.8989583333333333 0.3509259259259259 0.03229166666666667 0.027777777777777776
0 0.9286458333333333 0.30925925925925923 0.025 0.020370370370370372
0 0.8575520833333333 0.4486111111111111 0.028645833333333332 0.030555555555555555
