4 0.3932291666666667 0.2574074074074074 0.041666666666666664 0.12407407407407407
4 0.35208333333333336 0.07962962962962963 0.058333333333333334 0.1259259259259259
4 0.09557291666666666 0.037037037037037035 0.07135416666666666 0.05740740740740741
4 0.09088541666666666 0.45416666666666666 0.0703125 0.058333333333333334
4 0.6315104166666666 0.6773148148148148 0.0796875 0.05648148148148148
4 0.62890625 0.6064814814814815 0.0703125 0.05
4 0.6294270833333333 0.5407407407407407 0.0703125 0.053703703703703705
4 0.6838541666666667 0.44907407407407407 0.041666666666666664 0.13518518518518519
4 0.7158854166666667 0.45185185185185184 0.0265625 0.12777777777777777
4 0.6338541666666667 0.8101851851851852 0.07708333333333334 0.06111111111111111
4 0.6317708333333333 0.7444444444444445 0.075 0.06296296296296296
