0 0.31640625 1.3310185185185186 0.1359375 0.11018518518518519
0 0.65390625 1.011111111111111 0.0421875 0.08888888888888889
0 0.6286458333333333 0.9324074074074075 0.03333333333333333 0.06481481481481481
0 0.6067708333333334 0.8638888888888889 0.023958333333333335 0.04814814814814815
0 0.5979166666666667 0.8101851851851852 0.023958333333333335 0.044444444444444446
0 0.3919270833333333 0.7962962962962963 0.05677083333333333 0.037037037037037035
0 0.39557291666666666 0.7652777777777777 0.044270833333333336 0.032407407407407406
0 0.4 0.7462962962962963 0.042708333333333334 0.02962962962962963
0 0.40546875 0.7106481481481481 0.033854166666666664 0.026851851851851852
0 0.49505208333333334 0.5662037037037037 0.008854166666666666 0.026851851851851852
0 0.5325520833333334 0.5666666666666667 0.0078125 0.012962962962962963
0 0.5411458333333333 0.5916666666666667 0.007291666666666667 0.009259259259259259
0 0.5544270833333333 0.6449074074074074 0.0109375 0.023148148148148147
0 0.5658854166666667 0.6912037037037037 0.016145833333333335 0.023148148148148147
0 0.44296875 0.6217592592592592 0.0109375 0.01574074074074074
0 0.42942708333333335 0.6143518518518518 0.0078125 0.01574074074074074
