4 0.334375 0.4787037037037037 0.011458333333333333 0.016666666666666666
4 0.36302083333333335 0.4425925925925926 0.007291666666666667 0.012962962962962963
4 0.39140625 0.43333333333333335 0.0078125 0.016666666666666666
4 0.38333333333333336 0.37962962962962965 0.005208333333333333 0.014814814814814815
4 0.3729166666666667 0.34629629629629627 0.004166666666666667 0.011111111111111112
4 0.35911458333333335 0.3819444444444444 0.005729166666666666 0.010185185185185186
4 0.3653645833333333 0.41435185185185186 0.0067708333333333336 0.013888888888888888
4 0.3796875 0.40879629629629627 0.00625 0.017592592592592594
4 0.38307291666666665 0.49027777777777776 0.0067708333333333336 0.021296296296296296
4 0.39401041666666664 0.38425925925925924 0.005729166666666666 0.014814814814814815
4 0.3765625 0.32175925925925924 0.005208333333333333 0.010185185185185186
4 0.36354166666666665 0.35509259259259257 0.00625 0.010185185185185186
4 0.3533854166666667 0.3592592592592593 0.0046875 0.011111111111111112
4 0.36953125 0.3050925925925926 0.0046875 0.010185185185185186
4 0.37942708333333336 0.2847222222222222 0.0036458333333333334 0.012037037037037037
4 0.3815104166666667 0.24768518518518517 0.0026041666666666665 0.006481481481481481
4 0.28411458333333334 0.4222222222222222 0.016145833333333335 0.011111111111111112
4 0.3763020833333333 0.2449074074074074 0.0036458333333333334 0.006481481481481481
4 0.38255208333333335 0.23703703703703705 0.0036458333333333334 0.007407407407407408
4 0.37838541666666664 0.23287037037037037 0.0026041666666666665 0.006481481481481481
4 0.39739583333333334 0.2375 0.003125 0.008333333333333333
4 0.39791666666666664 0.22361111111111112 0.004166666666666667 0.006481481481481481
4 0.3828125 0.2263888888888889 0.003125 0.006481481481481481
4 0.3828125 0.1925925925925926 0.0020833333333333333 0.003703703703703704
4 0.3875 0.19953703703703704 0.0020833333333333333 0.004629629629629629
4 0.39817708333333335 0.19722222222222222 0.0026041666666666665 0.005555555555555556
4 0.3966145833333333 0.18981481481481483 0.0026041666666666665 0.003703703703703704
4 0.396875 0.1824074074074074 0.003125 0.005555555555555556
4 0.3885416666666667 0.16805555555555557 0.0020833333333333333 0.002777777777777778
4 0.3893229166666667 0.16296296296296298 0.0015625 0.005555555555555556
4 0.38984375 0.1574074074074074 0.0015625 0.005555555555555556
4 0.390625 0.15092592592592594 0.0020833333333333333 0.003703703703703704
4 0.39375 0.15185185185185185 0.0020833333333333333 0.005555555555555556
4 0.39166666666666666 0.14305555555555555 0.0020833333333333333 0.004629629629629629
4 0.39010416666666664 0.1837962962962963 0.0020833333333333333 0.004629629629629629
4 0.39036458333333335 0.17824074074074073 0.0026041666666666665 0.004629629629629629
4 0.4010416666666667 0.17083333333333334 0.0020833333333333333 0.004629629629629629
4 0.39739583333333334 0.1648148148148148 0.0020833333333333333 0.005555555555555556
4 0.39166666666666666 0.1736111111111111 0.0020833333333333333 0.006481481481481481
4 0.37864583333333335 0.19907407407407407 0.0020833333333333333 0.005555555555555556
4 0.40130208333333334 0.2037037037037037 0.0026041666666666665 0.005555555555555556
4 0.39114583333333336 0.2212962962962963 0.003125 0.005555555555555556
4 0.39765625 0.24722222222222223 0.0036458333333333334 0.009259259259259259
4 0.37994791666666666 0.26990740740740743 0.0036458333333333334 0.008333333333333333
4 0.40130208333333334 0.21898148148148147 0.0036458333333333334 0.006481481481481481
4 0.3809895833333333 0.25925925925925924 0.0036458333333333334 0.005555555555555556
4 0.38984375 0.28888888888888886 0.0046875 0.014814814814814815
4 0.4036458333333333 0.3587962962962963 0.00625 0.013888888888888888
4 0.40390625 0.3287037037037037 0.0046875 0.011111111111111112
4 0.40390625 0.42268518518518516 0.005729166666666666 0.01574074074074074
4 0.4044270833333333 0.475462962962963 0.0067708333333333336 0.021296296296296296
4 0.4049479166666667 0.5259259259259259 0.008854166666666666 0.024074074074074074
4 0.40390625 0.3925925925925926 0.005729166666666666 0.014814814814814815
4 0.37864583333333335 0.22453703703703703 0.003125 0.006481481481481481
4 0.4044270833333333 0.25787037037037036 0.0036458333333333334 0.010185185185185186
4 0.38984375 0.22592592592592592 0.0036458333333333334 0.007407407407407408
