0 0.3528645833333333 0.35648148148148145 0.0328125 0.08703703703703704
0 0.3848958333333333 0.3277777777777778 0.035416666666666666 0.07037037037037037
0 0.2557291666666667 0.4398148148148148 0.06979166666666667 0.06666666666666667
0 0.2630208333333333 0.5662037037037037 0.08645833333333333 0.09351851851851851
0 0.26588541666666665 0.5064814814814815 0.07864583333333333 0.05
0 0.41302083333333334 0.5861111111111111 0.04791666666666667 0.13333333333333333
0 0.6872395833333333 0.5462962962962963 0.07552083333333333 0.13518518518518519
0 0.6580729166666667 0.4837962962962963 0.06927083333333334 0.11018518518518519
0 0.6841145833333333 0.3736111111111111 0.03802083333333333 0.09537037037037037
0 0.628125 0.44166666666666665 0.07291666666666667 0.08518518518518518
0 0.6049479166666667 0.3958333333333333 0.05677083333333333 0.0787037037037037
0 0.5830729166666667 0.36018518518518516 0.0640625 0.07222222222222222
0 0.56328125 0.31712962962962965 0.059895833333333336 0.07685185185185185
0 0.5994791666666667 0.24861111111111112 0.030208333333333334 0.09722222222222222
0 0.5466145833333333 0.2884259259259259 0.059895833333333336 0.0787037037037037
0 0.5643229166666667 0.21666666666666667 0.03177083333333333 0.08518518518518518
0 0.5223958333333333 0.2587962962962963 0.05416666666666667 0.06944444444444445
0 0.503125 0.2388888888888889 0.04375 0.06296296296296296
0 0.32057291666666665 0.16620370370370371 0.043229166666666666 0.04722222222222222
0 0.3736979166666667 0.13796296296296295 0.0390625 0.05185185185185185
0 0.43255208333333334 0.10185185185185185 0.0359375 0.04814814814814815
0 0.49661458333333336 0.11481481481481481 0.04010416666666667 0.04259259259259259
0 0.47630208333333335 0.08194444444444444 0.044270833333333336 0.041666666666666664
0 0.47760416666666666 0.05694444444444444 0.03333333333333333 0.041666666666666664
0 0.53671875 0.05416666666666667 0.03177083333333333 0.041666666666666664
0 0.5854166666666667 0.026851851851851852 0.036458333333333336 0.040740740740740744
0 0.2484375 0.38055555555555554 0.051041666666666666 0.05740740740740741
0 0.3828125 0.06157407407407407 0.023958333333333335 0.041666666666666664
0 0.45364583333333336 0.030555555555555555 0.022916666666666665 0.040740740740740744
0 0.4752604166666667 0.017592592592592594 0.0234375 0.03518518518518519
0 0.36223958333333334 0.07407407407407407 0.0234375 0.040740740740740744
0 0.6236979166666666 0.287962962962963 0.0296875 0.07592592592592592
0 0.26953125 0.6685185185185185 0.0859375 0.08333333333333333
0 0.3528645833333333 0.040740740740740744 0.04114583333333333 0.02962962962962963
0 0.5526041666666667 0.027314814814814816 0.040625 0.041666666666666664
