0 0.7669270833333334 0.12731481481481483 0.015104166666666667 0.025
0 0.6330729166666667 0.3087962962962963 0.019270833333333334 0.03981481481481482
0 0.68515625 0.17175925925925925 0.016145833333333335 0.028703703703703703
0 0.5471354166666667 0.43194444444444446 0.044270833333333336 0.03981481481481482
0 0.5677083333333334 0.3680555555555556 0.040625 0.03981481481481482
0 0.5752604166666667 0.35509259259259257 0.03697916666666667 0.026851851851851852
0 0.60390625 0.26435185185185184 0.0296875 0.030555555555555555
0 0.6278645833333333 0.2337962962962963 0.0296875 0.019444444444444445
0 0.6364583333333333 0.19907407407407407 0.022916666666666665 0.022222222222222223
0 0.8208333333333333 0.017592592592592594 0.017708333333333333 0.020370370370370372
0 0.8526041666666667 0.019444444444444445 0.01875 0.016666666666666666
0 0.87578125 0.025925925925925925 0.019270833333333334 0.020370370370370372
0 0.6611979166666667 0.13518518518518519 0.0265625 0.022222222222222223
0 0.8270833333333333 0.05185185185185185 0.008333333333333333 0.018518518518518517
0 0.8109375 0.006944444444444444 0.016666666666666666 0.012037037037037037
0 0.6872395833333333 0.07824074074074074 0.0171875 0.017592592592592594
0 0.690625 0.9703703703703703 0.034375 0.053703703703703705
0 0.7125 0.004629629629629629 0.017708333333333333 0.009259259259259259
0 0.7489583333333333 0.0032407407407407406 0.019791666666666666 0.006481481481481481
0 0.84453125 0.014814814814814815 0.0171875 0.014814814814814815
