0 0.5072916666666667 0.612037037037037 0.023958333333333335 0.053703703703703705
0 0.56484375 0.7152777777777778 0.0328125 0.07685185185185185
0 0.5036458333333333 0.49537037037037035 0.019791666666666666 0.03333333333333333
0 0.4744791666666667 0.4532407407407407 0.015625 0.028703703703703703
0 0.48984375 0.42962962962962964 0.013020833333333334 0.024074074074074074
0 0.5234375 0.38564814814814813 0.021875 0.021296296296296296
0 0.4700520833333333 0.36342592592592593 0.021354166666666667 0.017592592592592594
0 0.38359375 0.33287037037037037 0.018229166666666668 0.01574074074074074
0 0.41432291666666665 0.3263888888888889 0.015104166666666667 0.01574074074074074
0 0.43125 0.29814814814814816 0.011458333333333333 0.014814814814814815
0 0.3966145833333333 0.2949074074074074 0.008854166666666666 0.017592592592592594
0 0.3854166666666667 0.2949074074074074 0.009375 0.019444444444444445
0 0.40703125 0.28703703703703703 0.0078125 0.014814814814814815
0 0.3854166666666667 0.27175925925925926 0.008333333333333333 0.013888888888888888
0 0.38125 0.26064814814814813 0.008333333333333333 0.013888888888888888
0 0.5369791666666667 0.3537037037037037 0.020833333333333332 0.018518518518518517
0 0.5520833333333334 0.3458333333333333 0.021875 0.01574074074074074
0 0.5221354166666666 0.3143518518518518 0.018229166666666668 0.01574074074074074
0 0.5346354166666667 0.31342592592592594 0.011979166666666667 0.017592592592592594
0 0.5549479166666667 0.3175925925925926 0.019270833333333334 0.012962962962962963
0 0.5536458333333333 0.3148148148148148 0.01875 0.014814814814814815
0 0.5513020833333333 0.30972222222222223 0.015104166666666667 0.013888888888888888
0 0.59140625 0.30787037037037035 0.019270833333333334 0.01574074074074074
0 0.5955729166666667 0.31203703703703706 0.0203125 0.012962962962962963
0 0.5986979166666667 0.31805555555555554 0.0203125 0.013888888888888888
0 0.6239583333333333 0.3537037037037037 0.022916666666666665 0.014814814814814815
