0 0.5484375 0.3648148148148148 0.020833333333333332 0.08518518518518518
0 0.49192708333333335 0.3611111111111111 0.0203125 0.07037037037037037
0 0.4166666666666667 0.37546296296296294 0.01875 0.0824074074074074
0 0.375 0.36435185185185187 0.019791666666666666 0.06574074074074074
0 0.34713541666666664 0.3851851851851852 0.021354166666666667 0.07777777777777778
0 0.46380208333333334 0.5416666666666666 0.019270833333333334 0.07592592592592592
0 0.4125 0.5453703703703704 0.019791666666666666 0.07777777777777778
0 0.37890625 0.5439814814814815 0.030729166666666665 0.06018518518518518
0 0.18411458333333333 0.13333333333333333 0.0421875 0.03148148148148148
0 0.175 0.3263888888888889 0.0375 0.03425925925925926
0 0.03125 0.3236111111111111 0.05 0.041666666666666664
0 0.3033854166666667 0.4550925925925926 0.0421875 0.03981481481481482
0 0.31276041666666665 0.500462962962963 0.0453125 0.04351851851851852
0 0.30104166666666665 0.5393518518518519 0.041666666666666664 0.05462962962962963
0 0.25390625 0.38842592592592595 0.018229166666666668 0.075
0 0.22994791666666667 0.3972222222222222 0.019270833333333334 0.07407407407407407
0 0.20755208333333333 0.3907407407407407 0.018229166666666668 0.07222222222222222
0 0.16171875 0.3925925925925926 0.019270833333333334 0.07222222222222222
0 0.13697916666666668 0.3962962962962963 0.021875 0.07592592592592592
0 0.11354166666666667 0.38425925925925924 0.01875 0.06666666666666667
0 0.09192708333333334 0.387037037037037 0.019270833333333334 0.06851851851851852
0 0.0671875 0.38935185185185184 0.021875 0.075
0 0.04375 0.3921296296296296 0.019791666666666666 0.06018518518518518
0 0.020833333333333332 0.3907407407407407 0.020833333333333332 0.07592592592592592
0 0.020052083333333335 0.5532407407407407 0.034895833333333334 0.0712962962962963
0 0.045572916666666664 0.5550925925925926 0.0296875 0.0712962962962963
0 0.07265625 0.5532407407407407 0.034895833333333334 0.07685185185185185
0 0.13619791666666667 0.5393518518518519 0.04010416666666667 0.075
0 0.17317708333333334 0.5467592592592593 0.0328125 0.06574074074074074
0 0.26171875 0.55 0.03802083333333333 0.07037037037037037
0 0.19661458333333334 0.5425925925925926 0.024479166666666666 0.07592592592592592
0 0.18359375 0.38935185185185184 0.0234375 0.0712962962962963
0 0.24635416666666668 0.13703703703703704 0.040625 0.03518518518518519
0 0.61640625 0.5439814814814815 0.0234375 0.07314814814814814
0 0.6421875 0.5416666666666666 0.019791666666666666 0.07222222222222222
0 0.67109375 0.5430555555555555 0.021354166666666667 0.06574074074074074
