4 0.9075520833333334 0.6458333333333334 0.04739583333333333 0.05092592592592592
4 0.890625 0.6189814814814815 0.041666666666666664 0.04351851851851852
4 0.8692708333333333 0.5893518518518519 0.04895833333333333 0.04537037037037037
4 0.8520833333333333 0.5273148148148148 0.04375 0.023148148148148147
4 0.7125 0.32685185185185184 0.025 0.025925925925925925
4 0.7395833333333334 0.2601851851851852 0.025 0.024074074074074074
4 0.73046875 0.20879629629629629 0.0234375 0.023148148148148147
4 0.6065104166666667 0.18611111111111112 0.022395833333333334 0.016666666666666666
4 0.33984375 0.4263888888888889 0.019270833333333334 0.041666666666666664
4 0.4734375 0.1625 0.009375 0.019444444444444445
4 0.4510416666666667 0.05324074074074074 0.009375 0.010185185185185186
4 0.42421875 0.008333333333333333 0.005729166666666666 0.012962962962962963
4 0.45208333333333334 0.018055555555555554 0.005208333333333333 0.010185185185185186
