0 0.3138020833333333 0.6722222222222223 0.0234375 0.06851851851851852
0 0.28802083333333334 0.6523148148148148 0.023958333333333335 0.0712962962962963
0 0.38385416666666666 0.4912037037037037 0.017708333333333333 0.05277777777777778
0 0.34453125 0.3648148148148148 0.019270833333333334 0.046296296296296294
0 0.40703125 0.36574074074074076 0.018229166666666668 0.05740740740740741
0 0.4244791666666667 0.24074074074074073 0.015625 0.044444444444444446
0 0.40703125 0.15324074074074073 0.0140625 0.04351851851851852
0 0.46458333333333335 0.06666666666666667 0.013541666666666667 0.03333333333333333
0 0.4192708333333333 0.009722222222222222 0.0125 0.019444444444444445
0 0.6721354166666667 0.22777777777777777 0.028645833333333332 0.025925925925925925
0 0.6833333333333333 0.12638888888888888 0.026041666666666668 0.028703703703703703
0 0.63046875 0.07962962962962963 0.019270833333333334 0.025925925925925925
0 0.6049479166666667 0.012037037037037037 0.011979166666666667 0.020370370370370372
