4 0.14244791666666667 0.09953703703703703 0.0171875 0.05092592592592592
4 0.209375 0.2064814814814815 0.021875 0.05
4 0.15963541666666667 0.337037037037037 0.021354166666666667 0.08703703703703704
4 0.225 0.3143518518518518 0.025 0.05648148148148148
4 0.2518229166666667 0.4439814814814815 0.0296875 0.07685185185185185
4 0.2140625 0.48148148148148145 0.028125 0.08888888888888889
4 0.23229166666666667 0.5981481481481481 0.03333333333333333 0.0962962962962963
4 0.20729166666666668 0.7356481481481482 0.035416666666666666 0.12129629629629629
4 0.3229166666666667 0.8962962962962963 0.04791666666666667 0.13518518518518519
4 0.2708333333333333 0.6027777777777777 0.03958333333333333 0.0962962962962963
4 0.3171875 0.19398148148148148 0.03333333333333333 0.05277777777777778
4 0.4049479166666667 0.08981481481481482 0.0359375 0.037037037037037035
