4 0.10885416666666667 0.9013888888888889 0.05625 0.14166666666666666
4 0.27786458333333336 0.9351851851851852 0.0390625 0.07407407407407407
4 0.18255208333333334 0.04675925925925926 0.0359375 0.09351851851851851
4 0.27317708333333335 0.11990740740740741 0.0359375 0.12129629629629629
4 0.17057291666666666 0.1685185185185185 0.04010416666666667 0.12407407407407407
4 0.15859375 0.3194444444444444 0.044270833333333336 0.14629629629629629
4 0.14765625 0.4861111111111111 0.04635416666666667 0.14629629629629629
4 0.016927083333333332 0.29583333333333334 0.033854166666666664 0.06388888888888888
4 0.3893229166666667 0.18009259259259258 0.03177083333333333 0.11203703703703703
4 0.4901041666666667 0.2611111111111111 0.034375 0.12037037037037036
4 0.48411458333333335 0.11944444444444445 0.0328125 0.10555555555555556
4 0.47942708333333334 0.027314814814814816 0.030729166666666665 0.05462962962962963
4 0.5229166666666667 0.058333333333333334 0.03333333333333333 0.11296296296296296
4 0.5502604166666667 0.37175925925925923 0.0421875 0.1398148148148148
4 0.5049479166666667 0.8 0.043229166666666666 0.17037037037037037
4 0.4895833333333333 0.5986111111111111 0.040625 0.1638888888888889
4 0.5708333333333333 0.5611111111111111 0.04479166666666667 0.14074074074074075
4 0.1265625 0.6949074074074074 0.04583333333333333 0.12314814814814815
4 0.6466145833333333 0.38101851851851853 0.05364583333333333 0.13425925925925927
