0 0.37109375 0.8777777777777778 0.058854166666666666 0.14629629629629629
0 0.33567708333333335 0.7092592592592593 0.09322916666666667 0.09814814814814815
0 0.32760416666666664 0.5828703703703704 0.0875 0.06388888888888888
0 0.35651041666666666 0.5236111111111111 0.034895833333333334 0.06388888888888888
0 0.34088541666666666 0.43148148148148147 0.0265625 0.044444444444444446
0 0.41119791666666666 0.41435185185185186 0.027604166666666666 0.049074074074074076
0 0.3763020833333333 0.2824074074074074 0.016145833333333335 0.027777777777777776
0 0.4010416666666667 0.2986111111111111 0.016666666666666666 0.03796296296296296
0 0.41432291666666665 0.2657407407407407 0.0171875 0.02962962962962963
0 0.4265625 0.16712962962962963 0.009375 0.017592592592592594
0 0.3841145833333333 0.19953703703703704 0.013020833333333334 0.017592592592592594
0 0.3229166666666667 0.22037037037037038 0.028125 0.018518518518518517
0 0.2953125 0.21157407407407408 0.026041666666666668 0.01574074074074074
0 0.3020833333333333 0.19490740740740742 0.020833333333333332 0.01574074074074074
0 0.29583333333333334 0.2587962962962963 0.04479166666666667 0.06759259259259259
0 0.06953125 0.2175925925925926 0.019270833333333334 0.020370370370370372
0 0.08958333333333333 0.20277777777777778 0.015625 0.020370370370370372
0 0.090625 0.2152777777777778 0.014583333333333334 0.01574074074074074
0 0.09192708333333334 0.2300925925925926 0.022395833333333334 0.01574074074074074
0 0.19557291666666668 0.20092592592592592 0.011979166666666667 0.016666666666666666
0 0.21145833333333333 0.20046296296296295 0.015625 0.017592592592592594
0 0.21432291666666667 0.21064814814814814 0.0140625 0.021296296296296296
0 0.22994791666666667 0.21157407407407408 0.016145833333333335 0.019444444444444445
0 0.24739583333333334 0.21157407407407408 0.015625 0.017592592592592594
0 0.23958333333333334 0.2263888888888889 0.030208333333333334 0.019444444444444445
0 0.20390625 0.22685185185185186 0.024479166666666666 0.018518518518518517
0 0.18802083333333333 0.2851851851851852 0.04583333333333333 0.027777777777777776
0 0.20572916666666666 0.2638888888888889 0.041666666666666664 0.03148148148148148
0 0.22265625 0.24583333333333332 0.03697916666666667 0.023148148148148147
0 0.35 0.1574074074074074 0.008333333333333333 0.016666666666666666
0 0.36744791666666665 0.15138888888888888 0.0078125 0.012037037037037037
0 0.359375 0.13055555555555556 0.007291666666666667 0.014814814814814815
0 0.3854166666666667 0.10787037037037037 0.005208333333333333 0.012037037037037037
0 0.3815104166666667 0.11157407407407408 0.005729166666666666 0.008333333333333333
0 0.31666666666666665 0.11435185185185186 0.004166666666666667 0.010185185185185186
0 0.32447916666666665 0.11342592592592593 0.005208333333333333 0.010185185185185186
0 0.31640625 0.08611111111111111 0.008854166666666666 0.007407407407407408
0 0.08307291666666666 0.47129629629629627 0.05364583333333333 0.05740740740740741
0 0.18098958333333334 0.5435185185185185 0.03802083333333333 0.05740740740740741
0 0.5182291666666666 0.22361111111111112 0.013541666666666667 0.028703703703703703
0 0.5716145833333334 0.36342592592592593 0.027604166666666666 0.03611111111111111
0 0.6796875 0.3851851851851852 0.035416666666666666 0.03518518518518519
0 0.7083333333333334 0.41388888888888886 0.040625 0.03888888888888889
0 0.7411458333333333 0.4462962962962963 0.04895833333333333 0.04814814814814815
0 0.7783854166666667 0.48564814814814816 0.05572916666666667 0.05092592592592592
0 0.8596354166666667 0.5337962962962963 0.0640625 0.06388888888888888
0 0.9354166666666667 0.6013888888888889 0.07708333333333334 0.075
0 0.9841145833333333 0.6356481481481482 0.07552083333333333 0.09537037037037037
0 0.3109375 0.11342592592592593 0.00625 0.012037037037037037
0 0.37265625 0.09305555555555556 0.0046875 0.008333333333333333
0 0.38776041666666666 0.08333333333333333 0.0078125 0.007407407407407408
