4 0.43723958333333335 0.9342592592592592 0.027604166666666666 0.07592592592592592
4 0.2794270833333333 0.019444444444444445 0.030729166666666665 0.03888888888888889
4 0.3651041666666667 0.029166666666666667 0.01875 0.05648148148148148
4 0.37109375 0.09212962962962963 0.016145833333333335 0.04351851851851852
4 0.3815104166666667 0.23935185185185184 0.021354166666666667 0.06759259259259259
4 0.3880208333333333 0.31805555555555554 0.020833333333333332 0.07314814814814814
4 0.39817708333333335 0.4074074074074074 0.0234375 0.07407407407407407
4 0.48359375 0.5324074074074074 0.05364583333333333 0.046296296296296294
4 0.5309895833333333 0.6583333333333333 0.049479166666666664 0.04259259259259259
4 0.5888020833333333 0.6560185185185186 0.04739583333333333 0.03611111111111111
