4 0.19114583333333332 0.7138888888888889 0.022916666666666665 0.02962962962962963
4 0.34479166666666666 0.5680555555555555 0.01875 0.06388888888888888
4 0.38229166666666664 0.5138888888888888 0.020833333333333332 0.06296296296296296
4 0.25026041666666665 0.47962962962962963 0.018229166666666668 0.05
4 0.21979166666666666 0.5013888888888889 0.017708333333333333 0.049074074074074076
4 0.28359375 0.3013888888888889 0.013020833333333334 0.03796296296296296
4 0.26588541666666665 0.2722222222222222 0.013020833333333334 0.037037037037037035
4 0.26458333333333334 0.19768518518518519 0.013541666666666667 0.028703703703703703
4 0.2559895833333333 0.14351851851851852 0.013020833333333334 0.024074074074074074
4 0.27291666666666664 0.12731481481481483 0.010416666666666666 0.023148148148148147
4 0.29140625 0.10231481481481482 0.0109375 0.021296296296296296
4 0.3515625 0.13564814814814816 0.011458333333333333 0.030555555555555555
4 0.29192708333333334 0.044444444444444446 0.009895833333333333 0.022222222222222223
4 0.40286458333333336 0.024074074074074074 0.015104166666666667 0.018518518518518517
4 0.6348958333333333 0.02175925925925926 0.0125 0.023148148148148147
