0 0.3294270833333333 0.7106481481481481 0.0859375 0.125
0 0.37552083333333336 0.09166666666666666 0.019791666666666666 0.03148148148148148
0 0.4239583333333333 0.10694444444444444 0.03125 0.03425925925925926
0 0.39817708333333335 0.024537037037037038 0.019270833333333334 0.026851851851851852
0 0.43307291666666664 0.08009259259259259 0.0203125 0.028703703703703703
0 0.41953125 0.059722222222222225 0.021354166666666667 0.028703703703703703
0 0.4239583333333333 0.31574074074074077 0.035416666666666666 0.05555555555555555
0 0.4713541666666667 0.4236111111111111 0.03229166666666667 0.08055555555555556
0 0.5270833333333333 0.6703703703703704 0.08958333333333333 0.09259259259259259
0 0.5044270833333333 0.3787037037037037 0.044270833333333336 0.07777777777777778
0 0.5567708333333333 0.2833333333333333 0.042708333333333334 0.05555555555555555
0 0.4708333333333333 0.300462962962963 0.035416666666666666 0.06574074074074074
0 0.48020833333333335 0.1597222222222222 0.03125 0.04351851851851852
0 0.6828125 0.49212962962962964 0.0625 0.08425925925925926
