0 0.234375 0.5851851851851851 0.029166666666666667 0.06111111111111111
0 0.3106770833333333 0.3416666666666667 0.018229166666666668 0.03888888888888889
0 0.36380208333333336 0.43796296296296294 0.016145833333333335 0.05
0 0.37265625 0.3851851851851852 0.016145833333333335 0.04259259259259259
0 0.37838541666666664 0.32916666666666666 0.015104166666666667 0.03425925925925926
0 0.35520833333333335 0.49444444444444446 0.017708333333333333 0.05555555555555555
0 0.3497395833333333 0.5583333333333333 0.0203125 0.05740740740740741
0 0.3736979166666667 0.1287037037037037 0.013020833333333334 0.024074074074074074
0 0.40390625 0.14675925925925926 0.011979166666666667 0.026851851851851852
0 0.3984375 0.17962962962962964 0.013541666666666667 0.03148148148148148
0 0.39609375 0.2111111111111111 0.0109375 0.03148148148148148
0 0.39010416666666664 0.24583333333333332 0.011458333333333333 0.03611111111111111
0 0.3848958333333333 0.28425925925925927 0.011458333333333333 0.037037037037037035
0 0.4078125 0.11712962962962963 0.008333333333333333 0.023148148148148147
0 0.27734375 0.13194444444444445 0.0234375 0.025
0 0.26588541666666665 0.14629629629629629 0.022395833333333334 0.022222222222222223
0 0.24192708333333332 0.15648148148148147 0.022395833333333334 0.020370370370370372
0 0.23046875 0.18472222222222223 0.025520833333333333 0.023148148148148147
0 0.22708333333333333 0.20046296296296295 0.026041666666666668 0.023148148148148147
0 0.2203125 0.2152777777777778 0.028125 0.023148148148148147
0 0.21536458333333333 0.2337962962962963 0.028645833333333332 0.021296296296296296
0 0.21171875 0.2537037037037037 0.028645833333333332 0.025925925925925925
0 0.20598958333333334 0.26990740740740743 0.027604166666666666 0.026851851851851852
0 0.19635416666666666 0.2861111111111111 0.028125 0.022222222222222223
0 0.23828125 0.27546296296296297 0.028645833333333332 0.023148148148148147
0 0.23489583333333333 0.29444444444444445 0.030208333333333334 0.024074074074074074
0 0.21770833333333334 0.3523148148148148 0.034375 0.026851851851851852
0 0.17708333333333334 0.337037037037037 0.03125 0.03148148148148148
0 0.1859375 0.3087962962962963 0.029166666666666667 0.028703703703703703
0 0.20234375 0.3902777777777778 0.0265625 0.025
0 0.19322916666666667 0.4375 0.03125 0.028703703703703703
0 0.18515625 0.46064814814814814 0.0328125 0.028703703703703703
0 0.17864583333333334 0.487962962962963 0.034375 0.02962962962962963
0 0.16927083333333334 0.5125 0.035416666666666666 0.030555555555555555
0 0.15963541666666667 0.5407407407407407 0.0359375 0.03333333333333333
0 0.14947916666666666 0.5736111111111111 0.036458333333333336 0.032407407407407406
0 0.1390625 0.6180555555555556 0.036458333333333336 0.04351851851851852
0 0.12317708333333334 0.6578703703703703 0.04010416666666667 0.03981481481481482
0 0.10911458333333333 0.7 0.043229166666666666 0.044444444444444446
0 0.040625 0.687962962962963 0.03854166666666667 0.04814814814814815
0 0.09505208333333333 0.5513888888888889 0.03802083333333333 0.03425925925925926
0 0.10911458333333333 0.5171296296296296 0.03802083333333333 0.03425925925925926
0 0.12213541666666666 0.48518518518518516 0.03802083333333333 0.03333333333333333
0 0.12890625 0.4564814814814815 0.033854166666666664 0.03518518518518519
0 0.13854166666666667 0.2810185185185185 0.023958333333333335 0.03981481481481482
0 0.25416666666666665 0.1087962962962963 0.025 0.021296296296296296
0 0.23932291666666666 0.0375 0.009895833333333333 0.023148148148148147
0 0.20364583333333333 0.1125 0.023958333333333335 0.019444444444444445
0 0.25546875 0.09490740740740741 0.018229166666666668 0.017592592592592594
0 0.2638020833333333 0.075 0.021354166666666667 0.020370370370370372
0 0.2669270833333333 0.06481481481481481 0.0203125 0.014814814814814815
0 0.2721354166666667 0.05324074074074074 0.022395833333333334 0.017592592592592594
0 0.275 0.04398148148148148 0.021875 0.017592592592592594
0 0.27786458333333336 0.034722222222222224 0.019270833333333334 0.017592592592592594
0 0.28359375 0.02824074074074074 0.019270833333333334 0.017592592592592594
0 0.28567708333333336 0.017592592592592594 0.019270833333333334 0.018518518518518517
0 0.28671875 0.009722222222222222 0.019270833333333334 0.017592592592592594
0 0.30130208333333336 0.07222222222222222 0.022395833333333334 0.016666666666666666
0 0.3026041666666667 0.05648148148148148 0.021875 0.016666666666666666
0 0.3106770833333333 0.032407407407407406 0.021354166666666667 0.016666666666666666
0 0.3140625 0.022685185185185187 0.020833333333333332 0.013888888888888888
0 0.31875 0.011574074074074073 0.021875 0.01574074074074074
0 0.4200520833333333 0.01990740740740741 0.009895833333333333 0.019444444444444445
0 0.41692708333333334 0.04398148148148148 0.008854166666666666 0.023148148148148147
0 0.4109375 0.0912037037037037 0.009375 0.023148148148148147
