0 0.5205729166666667 0.03009259259259259 0.024479166666666666 0.05462962962962963
0 0.56484375 0.0763888888888889 0.028645833333333332 0.0712962962962963
0 0.6046875 0.4212962962962963 0.0375 0.10925925925925926
0 0.6815104166666667 0.9606481481481481 0.09114583333333333 0.20277777777777778
0 0.5059895833333333 1.0180555555555555 0.06197916666666667 0.262037037037037
0 0.509375 1.2777777777777777 0.06041666666666667 0.2222222222222222
0 0.71875 1.2717592592592593 0.084375 0.23425925925925925
0 0.5861979166666667 0.22592592592592592 0.0390625 0.09259259259259259
0 0.48020833333333335 0.21157407407407408 0.035416666666666666 0.08425925925925926
0 0.4734375 0.12824074074074074 0.035416666666666666 0.0787037037037037
0 0.4734375 0.06018518518518518 0.03229166666666667 0.08148148148148149
0 0.47682291666666665 0.022685185185185187 0.0296875 0.04537037037037037
0 0.8638020833333333 0.014351851851851852 0.0390625 0.028703703703703703
0 1.0255208333333334 0.3861111111111111 0.03229166666666667 0.11851851851851852
