4 0.1453125 0.6921296296296297 0.09375 0.09907407407407408
4 0.21484375 0.47638888888888886 0.0859375 0.0787037037037037
4 0.23671875 0.42268518518518516 0.08072916666666667 0.07314814814814814
4 0.2484375 0.3763888888888889 0.07604166666666666 0.06574074074074074
4 0.25729166666666664 0.32546296296296295 0.071875 0.0712962962962963
4 0.7044270833333334 0.1884259259259259 0.03802083333333333 0.062037037037037036
4 0.6890625 0.125 0.035416666666666666 0.05555555555555555
4 0.6755208333333333 0.07546296296296297 0.03125 0.05277777777777778
4 0.7143229166666667 0.10416666666666667 0.0296875 0.049074074074074076
4 0.7174479166666666 0.3472222222222222 0.0234375 0.09259259259259259
4 0.4171875 0.33287037037037037 0.030208333333333334 0.08425925925925926
4 0.43385416666666665 0.24027777777777778 0.029166666666666667 0.08055555555555556
4 0.45078125 0.1087962962962963 0.024479166666666666 0.06388888888888888
4 0.45859375 0.0587962962962963 0.021354166666666667 0.058333333333333334
4 0.46432291666666664 0.021296296296296296 0.019270833333333334 0.04259259259259259
4 0.37994791666666666 0.6083333333333333 0.050520833333333334 0.1425925925925926
4 0.4010416666666667 0.45601851851851855 0.042708333333333334 0.12314814814814815
4 0.3263020833333333 0.5458333333333333 0.05260416666666667 0.12129629629629629
4 0.29791666666666666 0.7407407407407407 0.06354166666666666 0.17592592592592593
4 0.34869791666666666 0.8097222222222222 0.06510416666666667 0.2175925925925926
4 0.2916666666666667 0.21574074074074073 0.06145833333333333 0.06296296296296296
4 0.30572916666666666 0.1875 0.04895833333333333 0.049074074074074076
4 0.3182291666666667 0.16064814814814815 0.05520833333333333 0.05092592592592592
4 0.3263020833333333 0.13564814814814816 0.0546875 0.04537037037037037
4 0.68203125 0.875462962962963 0.0734375 0.19166666666666668
