0 0.16484375 0.9263888888888889 0.1328125 0.09166666666666666
0 0.17864583333333334 0.8055555555555556 0.15416666666666667 0.1925925925925926
0 0.2328125 0.5236111111111111 0.115625 0.12129629629629629
0 0.25234375 0.3611111111111111 0.0796875 0.07037037037037037
0 0.26614583333333336 0.29953703703703705 0.08229166666666667 0.06759259259259259
0 0.4010416666666667 0.3143518518518518 0.036458333333333336 0.09907407407407408
0 0.3958333333333333 0.17777777777777778 0.028125 0.07222222222222222
0 0.39609375 0.1125 0.025520833333333333 0.06018518518518518
0 0.27265625 0.2490740740740741 0.0703125 0.06111111111111111
0 0.30807291666666664 0.075 0.05364583333333333 0.04814814814814815
0 0.31536458333333334 0.04814814814814815 0.050520833333333334 0.03888888888888889
0 0.31640625 0.028703703703703703 0.0453125 0.04259259259259259
0 0.3184895833333333 0.013888888888888888 0.04114583333333333 0.025925925925925925
0 0.0328125 0.4236111111111111 0.065625 0.09907407407407408
0 0.020572916666666666 0.3263888888888889 0.04114583333333333 0.12129629629629629
0 0.058333333333333334 0.3523148148148148 0.07083333333333333 0.0824074074074074
0 0.1734375 0.1087962962962963 0.034375 0.05462962962962963
0 0.20598958333333334 0.075 0.030729166666666665 0.05
0 0.21223958333333334 0.02175925925925926 0.04114583333333333 0.03796296296296296
0 0.22447916666666667 0.012962962962962963 0.03958333333333333 0.025925925925925925
0 0.1640625 0.022685185185185187 0.034375 0.04537037037037037
