0 0.6747395833333333 1.0620370370370371 0.0859375 0.09074074074074075
0 0.7776041666666667 1.000925925925926 0.04583333333333333 0.10925925925925926
0 0.8388020833333333 0.9560185185185185 0.06927083333333334 0.07314814814814814
0 0.8609375 0.875462962962963 0.06979166666666667 0.062037037037037036
0 0.88046875 0.8495370370370371 0.0703125 0.062037037037037036
0 0.43671875 0.7564814814814815 0.06302083333333333 0.05
0 0.45859375 0.774537037037037 0.06510416666666667 0.05648148148148148
0 0.48151041666666666 0.7907407407407407 0.0671875 0.05925925925925926
0 0.5174479166666667 0.8083333333333333 0.05364583333333333 0.06481481481481481
0 0.5390625 0.8393518518518519 0.05 0.06388888888888888
0 0.5643229166666667 0.8643518518518518 0.0453125 0.06388888888888888
0 0.5973958333333333 0.8842592592592593 0.057291666666666664 0.07037037037037037
0 0.6518229166666667 0.9351851851851852 0.0484375 0.09074074074074075
0 0.68828125 0.9597222222222223 0.058854166666666666 0.08981481481481482
0 0.71875 0.9847222222222223 0.04479166666666667 0.0824074074074074
0 0.92421875 0.7824074074074074 0.058854166666666666 0.053703703703703705
0 0.9408854166666667 0.7569444444444444 0.06614583333333333 0.058333333333333334
0 0.9520833333333333 0.7347222222222223 0.053125 0.04722222222222222
0 0.9588541666666667 0.7064814814814815 0.05520833333333333 0.046296296296296294
0 0.9674479166666666 0.6847222222222222 0.058854166666666666 0.04537037037037037
0 0.9395833333333333 0.5462962962962963 0.04583333333333333 0.046296296296296294
0 0.89765625 0.9902777777777778 0.043229166666666666 0.075
0 0.9276041666666667 0.9203703703703704 0.04479166666666667 0.06666666666666667
0 0.95390625 0.8638888888888889 0.04114583333333333 0.06111111111111111
0 0.9799479166666667 0.8115740740740741 0.0390625 0.058333333333333334
0 0.9979166666666667 0.7574074074074074 0.03229166666666667 0.05555555555555555
0 1.0145833333333334 0.7134259259259259 0.03333333333333333 0.049074074074074076
0 1.02734375 0.674074074074074 0.028645833333333332 0.05185185185185185
0 1.0263020833333334 0.8606481481481482 0.030729166666666665 0.06574074074074074
