4 0.024739583333333332 1.2087962962962964 0.049479166666666664 0.11388888888888889
4 0.11588541666666667 1.1 0.09635416666666667 0.13333333333333333
4 0.2828125 0.850462962962963 0.06458333333333334 0.08981481481481482
4 0.32526041666666666 0.7694444444444445 0.016145833333333335 0.03148148148148148
4 0.17369791666666667 0.5912037037037037 0.008854166666666666 0.03425925925925926
4 0.17916666666666667 0.6171296296296296 0.009375 0.025
4 0.5515625 1.1032407407407407 0.040625 0.09351851851851851
4 0.5140625 0.5416666666666666 0.034375 0.046296296296296294
4 0.5877604166666667 0.4388888888888889 0.0234375 0.03518518518518519
4 0.6546875 0.36574074074074076 0.023958333333333335 0.03333333333333333
4 0.671875 0.34814814814814815 0.022916666666666665 0.03148148148148148
4 0.7067708333333333 0.3148148148148148 0.022916666666666665 0.03148148148148148
4 0.7322916666666667 0.287962962962963 0.019791666666666666 0.025925925925925925
