4 0.603125 0.9574074074074074 0.03958333333333333 0.10740740740740741
4 0.4828125 0.7643518518518518 0.03229166666666667 0.0712962962962963
4 0.5588541666666667 0.6546296296296297 0.026041666666666668 0.05555555555555555
4 0.484375 0.6013888888888889 0.019791666666666666 0.041666666666666664
4 0.54296875 0.5611111111111111 0.0203125 0.03888888888888889
4 0.534375 0.5157407407407407 0.03333333333333333 0.025925925925925925
4 0.41171875 0.5601851851851852 0.0421875 0.03333333333333333
4 0.3763020833333333 0.5412037037037037 0.03697916666666667 0.032407407407407406
4 0.39166666666666666 0.5231481481481481 0.034375 0.025925925925925925
4 0.384375 0.49907407407407406 0.029166666666666667 0.025925925925925925
4 0.4171875 0.49398148148148147 0.030208333333333334 0.025
4 0.47760416666666666 0.4675925925925926 0.013541666666666667 0.022222222222222223
4 0.49583333333333335 0.4787037037037037 0.020833333333333332 0.022222222222222223
4 0.5033854166666667 0.5018518518518519 0.018229166666666668 0.027777777777777776
4 1.01796875 0.9226851851851852 0.04739583333333333 0.12129629629629629
4 0.6479166666666667 0.29212962962962963 0.0125 0.008333333333333333
4 0.7364583333333333 0.35138888888888886 0.021875 0.013888888888888888
4 0.7619791666666667 0.3365740740740741 0.01875 0.013888888888888888
4 0.7786458333333334 0.3333333333333333 0.019791666666666666 0.011111111111111112
4 0.7747395833333334 0.35555555555555557 0.022395833333333334 0.014814814814814815
4 0.75390625 0.3814814814814815 0.021354166666666667 0.014814814814814815
4 0.7828125 0.37083333333333335 0.0125 0.017592592592592594
4 0.8059895833333334 0.35138888888888886 0.022395833333333334 0.013888888888888888
4 0.8276041666666667 0.3365740740740741 0.019791666666666666 0.012037037037037037
4 0.8565104166666667 0.3388888888888889 0.022395833333333334 0.012962962962962963
4 0.8880208333333334 0.33935185185185185 0.022916666666666665 0.013888888888888888
4 0.8572916666666667 0.35462962962962963 0.021875 0.012962962962962963
4 0.8614583333333333 0.3597222222222222 0.01875 0.01574074074074074
4 0.83515625 0.35833333333333334 0.024479166666666666 0.014814814814814815
