4 0.08489583333333334 0.5226851851851851 0.036458333333333336 0.05462962962962963
4 0.15078125 0.4925925925925926 0.03177083333333333 0.053703703703703705
4 0.23255208333333333 0.4546296296296296 0.04010416666666667 0.03888888888888889
4 0.6091145833333333 0.6675925925925926 0.0671875 0.05555555555555555
4 0.60234375 0.5152777777777777 0.05260416666666667 0.04537037037037037
4 0.11875 0.4097222222222222 0.029166666666666667 0.041666666666666664
4 0.05390625 0.43842592592592594 0.0265625 0.03981481481481482
4 0.011979166666666667 0.4708333333333333 0.023958333333333335 0.04722222222222222
4 0.017447916666666667 0.39305555555555555 0.034895833333333334 0.03981481481481482
4 0.23671875 0.1439814814814815 0.005729166666666666 0.008333333333333333
4 0.23020833333333332 0.17175925925925925 0.00625 0.012037037037037037
4 0.18229166666666666 0.17824074074074073 0.009375 0.01574074074074074
4 0.37864583333333335 0.387037037037037 0.042708333333333334 0.02962962962962963
