4 0.2984375 0.40925925925925927 0.015625 0.027777777777777776
4 0.42890625 0.4444444444444444 0.0140625 0.04259259259259259
4 0.5658854166666667 0.5958333333333333 0.018229166666666668 0.049074074074074076
4 0.5080729166666667 0.3263888888888889 0.0296875 0.019444444444444445
4 0.6231770833333333 0.3416666666666667 0.034895833333333334 0.024074074074074074
4 0.6278645833333333 0.3111111111111111 0.030729166666666665 0.025925925925925925
4 0.51015625 0.29444444444444445 0.027604166666666666 0.018518518518518517
4 0.18489583333333334 0.2550925925925926 0.023958333333333335 0.01574074074074074
4 0.10182291666666667 0.26990740740740743 0.025520833333333333 0.01574074074074074
4 0.6044270833333333 0.018518518518518517 0.0046875 0.007407407407407408
4 0.5708333333333333 0.02962962962962963 0.005208333333333333 0.007407407407407408
4 0.5622395833333333 0.018055555555555554 0.0046875 0.006481481481481481
4 0.55390625 0.08888888888888889 0.0067708333333333336 0.009259259259259259
4 0.5302083333333333 0.12638888888888888 0.008333333333333333 0.01574074074074074
4 0.43854166666666666 0.22314814814814815 0.010416666666666666 0.012962962962962963
4 0.46536458333333336 0.3837962962962963 0.0140625 0.03425925925925926
4 0.41692708333333334 0.1597222222222222 0.011979166666666667 0.012037037037037037
4 0.4359375 0.19398148148148148 0.011458333333333333 0.012037037037037037
4 0.4744791666666667 0.1625 0.009375 0.010185185185185186
4 0.49453125 0.13657407407407407 0.0078125 0.010185185185185186
4 0.49557291666666664 0.10925925925925926 0.008854166666666666 0.009259259259259259
4 0.4953125 0.09259259259259259 0.007291666666666667 0.009259259259259259
4 0.5018229166666667 0.08611111111111111 0.005729166666666666 0.007407407407407408
4 0.5075520833333333 0.07824074074074074 0.0067708333333333336 0.010185185185185186
4 0.5171875 0.0787037037037037 0.00625 0.011111111111111112
4 0.5346354166666667 0.08148148148148149 0.0067708333333333336 0.007407407407407408
