0 0.265625 0.7643518518518518 0.10625 0.0824074074074074
0 0.2552083333333333 0.9421296296296297 0.12708333333333333 0.058333333333333334
0 0.7005208333333334 0.9180555555555555 0.052083333333333336 0.10092592592592593
0 0.6864583333333333 0.7907407407407407 0.08541666666666667 0.12037037037037036
0 0.6385416666666667 0.5949074074074074 0.096875 0.07685185185185185
0 0.6169270833333333 0.5328703703703703 0.0828125 0.07314814814814814
0 0.5979166666666667 0.475462962962963 0.08645833333333333 0.06388888888888888
0 0.5278645833333333 0.2564814814814815 0.0578125 0.046296296296296294
0 0.521875 0.2152777777777778 0.06041666666666667 0.05092592592592592
0 0.5197916666666667 0.18888888888888888 0.057291666666666664 0.03333333333333333
0 0.5119791666666667 0.16203703703703703 0.053125 0.04259259259259259
0 0.5049479166666667 0.13148148148148148 0.0515625 0.04259259259259259
0 0.5013020833333334 0.10925925925925926 0.050520833333333334 0.03333333333333333
0 0.4921875 0.08842592592592592 0.04583333333333333 0.03425925925925926
0 0.278125 0.05324074074074074 0.051041666666666666 0.041666666666666664
0 0.27447916666666666 0.2074074074074074 0.04895833333333333 0.04259259259259259
0 0.15859375 0.33287037037037037 0.07447916666666667 0.05648148148148148
0 0.6119791666666666 0.18703703703703703 0.03854166666666667 0.05925925925925926
0 0.5591145833333333 0.07314814814814814 0.030729166666666665 0.05925925925925926
0 0.5802083333333333 0.12453703703703704 0.035416666666666666 0.06388888888888888
0 0.62734375 0.38981481481481484 0.0734375 0.07222222222222222
0 0.5604166666666667 0.3435185185185185 0.075 0.05740740740740741
0 0.5309895833333333 0.08564814814814815 0.0265625 0.062037037037037036
0 0.23515625 0.14722222222222223 0.058854166666666666 0.037037037037037035
0 0.2877604166666667 0.027777777777777776 0.0515625 0.02962962962962963
