4 0.103125 0.7129629629629629 0.071875 0.11851851851851852
4 0.15625 0.675 0.05625 0.10185185185185185
4 0.20234375 0.6527777777777778 0.05677083333333333 0.07777777777777778
4 0.23619791666666667 0.6212962962962963 0.059895833333333336 0.07407407407407407
4 0.29244791666666664 0.5731481481481482 0.05677083333333333 0.05925925925925926
4 0.24791666666666667 0.5402777777777777 0.046875 0.04537037037037037
4 0.22005208333333334 0.562037037037037 0.0453125 0.05
4 0.19010416666666666 0.5828703703703704 0.05 0.05462962962962963
4 0.15755208333333334 0.6064814814814815 0.050520833333333334 0.06111111111111111
4 0.11692708333333333 0.6342592592592593 0.044270833333333336 0.06296296296296296
4 0.07135416666666666 0.6601851851851852 0.051041666666666666 0.06666666666666667
4 0.02734375 0.7027777777777777 0.05364583333333333 0.07592592592592592
4 0.021614583333333333 0.5546296296296296 0.0421875 0.06481481481481481
4 0.06432291666666666 0.5407407407407407 0.03697916666666667 0.05555555555555555
4 0.10026041666666667 0.524537037037037 0.04010416666666667 0.05462962962962963
4 0.13125 0.5064814814814815 0.040625 0.05
4 0.15989583333333332 0.49027777777777776 0.040625 0.05277777777777778
4 0.18463541666666666 0.4787037037037037 0.03802083333333333 0.04259259259259259
4 0.29739583333333336 0.4638888888888889 0.04375 0.03888888888888889
4 0.34479166666666666 0.48055555555555557 0.040625 0.03888888888888889
4 0.28020833333333334 0.38101851851851853 0.029166666666666667 0.023148148148148147
4 0.37942708333333336 0.4064814814814815 0.0296875 0.02962962962962963
4 0.39505208333333336 0.39351851851851855 0.03177083333333333 0.03333333333333333
4 0.4315104166666667 0.375 0.025520833333333333 0.025925925925925925
4 0.3971354166666667 0.324537037037037 0.021354166666666667 0.021296296296296296
4 0.4158854166666667 0.33425925925925926 0.0171875 0.016666666666666666
4 0.43125 0.3388888888888889 0.019791666666666666 0.018518518518518517
4 0.44583333333333336 0.9467592592592593 0.10833333333333334 0.05092592592592592
4 0.42109375 0.8888888888888888 0.11302083333333333 0.10185185185185185
4 0.4171875 0.8060185185185185 0.10104166666666667 0.08796296296296297
4 0.4083333333333333 0.7481481481481481 0.08645833333333333 0.07407407407407407
4 0.3997395833333333 0.6935185185185185 0.08177083333333333 0.06666666666666667
4 0.39557291666666666 0.6453703703703704 0.06822916666666666 0.05740740740740741
4 0.4083333333333333 0.6162037037037037 0.06979166666666667 0.05277777777777778
4 0.4375 0.5907407407407408 0.06145833333333333 0.05925925925925926
