4 0.3026041666666667 0.6518518518518519 0.0625 0.26851851851851855
4 0.5075520833333333 0.8643518518518518 0.14947916666666666 0.1175925925925926
4 0.49895833333333334 0.725 0.12604166666666666 0.11296296296296296
4 0.4859375 0.6129629629629629 0.10416666666666667 0.09074074074074075
4 0.4825520833333333 0.5194444444444445 0.11197916666666667 0.09444444444444444
4 0.46875 0.42962962962962964 0.10625 0.08703703703703704
4 0.4671875 0.3472222222222222 0.09895833333333333 0.07777777777777778
4 0.44921875 0.2125 0.0890625 0.0787037037037037
4 0.44114583333333335 0.06157407407407407 0.07916666666666666 0.06944444444444445
4 0.4401041666666667 0.02361111111111111 0.078125 0.04537037037037037
