0 0.4278645833333333 0.12407407407407407 0.0067708333333333336 0.009259259259259259
0 0.43776041666666665 0.11157407407407408 0.0078125 0.008333333333333333
0 0.3411458333333333 0.1875 0.010416666666666666 0.01574074074074074
0 0.36875 0.1 0.010416666666666666 0.009259259259259259
0 0.3338541666666667 0.1111111111111111 0.010416666666666666 0.007407407407407408
0 0.33489583333333334 0.10555555555555556 0.010416666666666666 0.007407407407407408
0 0.33567708333333335 0.10185185185185185 0.009895833333333333 0.007407407407407408
0 0.33098958333333334 0.09907407407407408 0.0078125 0.005555555555555556
0 0.34036458333333336 0.09537037037037037 0.008854166666666666 0.009259259259259259
0 0.3143229166666667 0.10601851851851851 0.008854166666666666 0.006481481481481481
0 0.31328125 0.11018518518518519 0.0109375 0.007407407407407408
0 0.31223958333333335 0.11805555555555555 0.009895833333333333 0.012037037037037037
0 0.33151041666666664 0.125 0.011979166666666667 0.007407407407407408
0 0.31171875 0.07083333333333333 0.0026041666666666665 0.008333333333333333
0 0.34375 0.07824074074074074 0.003125 0.008333333333333333
0 0.34036458333333336 0.0699074074074074 0.0046875 0.008333333333333333
0 0.3333333333333333 0.07037037037037037 0.003125 0.005555555555555556
0 0.36354166666666665 0.012037037037037037 0.003125 0.005555555555555556
0 0.3671875 0.011111111111111112 0.003125 0.005555555555555556
0 0.6567708333333333 0.2462962962962963 0.022916666666666665 0.012962962962962963
0 0.653125 0.23935185185185184 0.019791666666666666 0.012037037037037037
0 0.64609375 0.22824074074074074 0.018229166666666668 0.013888888888888888
0 0.6088541666666667 0.1388888888888889 0.011458333333333333 0.011111111111111112
0 0.6190104166666667 0.14537037037037037 0.0067708333333333336 0.012962962962962963
0 0.6880208333333333 0.16203703703703703 0.017708333333333333 0.011111111111111112
0 0.6671875 0.2 0.011458333333333333 0.018518518518518517
0 0.5255208333333333 0.12731481481481483 0.00625 0.008333333333333333
0 0.50078125 0.0837962962962963 0.0046875 0.008333333333333333
0 0.5161458333333333 0.10787037037037037 0.00625 0.008333333333333333
0 0.47369791666666666 0.04722222222222222 0.0046875 0.005555555555555556
0 0.634375 0.2074074074074074 0.017708333333333333 0.012962962962962963
0 0.6388020833333333 0.2175925925925926 0.019270833333333334 0.011111111111111112
0 0.6416666666666667 0.22083333333333333 0.019791666666666666 0.012037037037037037
0 0.525 0.10138888888888889 0.007291666666666667 0.006481481481481481
0 0.5484375 0.06666666666666667 0.007291666666666667 0.009259259259259259
0 0.5471354166666667 0.0787037037037037 0.005729166666666666 0.007407407407407408
0 0.5427083333333333 0.07916666666666666 0.003125 0.008333333333333333
0 0.53828125 0.075 0.0026041666666666665 0.009259259259259259
0 0.5869791666666667 0.075 0.005208333333333333 0.007407407407407408
0 0.58125 0.075 0.005208333333333333 0.007407407407407408
0 0.5927083333333333 0.075 0.004166666666666667 0.007407407407407408
0 0.615625 0.11342592592592593 0.010416666666666666 0.006481481481481481
0 0.6135416666666667 0.11157407407407408 0.007291666666666667 0.006481481481481481
0 0.6096354166666667 0.1087962962962963 0.009895833333333333 0.010185185185185186
0 0.6057291666666667 0.1037037037037037 0.008333333333333333 0.007407407407407408
0 0.59921875 0.09768518518518518 0.0067708333333333336 0.008333333333333333
0 0.5963541666666666 0.09444444444444444 0.007291666666666667 0.007407407407407408
0 0.5942708333333333 0.0912037037037037 0.00625 0.006481481481481481
0 0.5903645833333333 0.08564814814814815 0.008854166666666666 0.006481481481481481
0 0.578125 0.08472222222222223 0.009375 0.006481481481481481
0 0.5796875 0.08842592592592592 0.008333333333333333 0.008333333333333333
0 0.5830729166666667 0.09166666666666666 0.008854166666666666 0.007407407407407408
0 0.5872395833333334 0.09490740740740741 0.011979166666666667 0.008333333333333333
0 0.5934895833333333 0.10416666666666667 0.013020833333333334 0.008333333333333333
0 0.5911458333333334 0.10138888888888889 0.011458333333333333 0.010185185185185186
0 0.5638020833333334 0.09074074074074075 0.0078125 0.007407407407407408
0 0.5565104166666667 0.09027777777777778 0.0078125 0.006481481481481481
0 0.55390625 0.0875 0.005729166666666666 0.006481481481481481
0 0.5604166666666667 0.0875 0.008333333333333333 0.006481481481481481
0 0.5752604166666667 0.08009259259259259 0.0046875 0.008333333333333333
0 0.5802083333333333 0.08009259259259259 0.004166666666666667 0.008333333333333333
0 0.5697916666666667 0.07916666666666666 0.007291666666666667 0.010185185185185186
0 0.5643229166666667 0.07962962962962963 0.0067708333333333336 0.009259259259259259
0 0.5447916666666667 0.05 0.005208333333333333 0.005555555555555556
0 0.5471354166666667 0.05277777777777778 0.0046875 0.005555555555555556
0 0.62421875 0.0912037037037037 0.008854166666666666 0.008333333333333333
0 0.6255208333333333 0.08611111111111111 0.010416666666666666 0.005555555555555556
0 0.6174479166666667 0.08333333333333333 0.008854166666666666 0.007407407407407408
0 0.4921875 0.02638888888888889 0.004166666666666667 0.004629629629629629
0 0.44296875 0.006944444444444444 0.0036458333333333334 0.004629629629629629
