4 0.4046875 0.6199074074074075 0.017708333333333333 0.062037037037037036
4 0.27369791666666665 0.6657407407407407 0.018229166666666668 0.06111111111111111
4 0.2734375 0.5236111111111111 0.015625 0.05092592592592592
4 0.30833333333333335 0.3486111111111111 0.015625 0.062037037037037036
4 0.26458333333333334 0.2523148148148148 0.016666666666666666 0.05462962962962963
4 0.2833333333333333 0.262037037037037 0.015625 0.06111111111111111
4 0.3059895833333333 0.25324074074074077 0.016145833333333335 0.06018518518518518
4 0.5122395833333333 0.07824074074074074 0.0359375 0.030555555555555555
4 0.15364583333333334 0.11064814814814815 0.034375 0.026851851851851852
4 0.014322916666666666 0.07314814814814814 0.028645833333333332 0.025925925925925925
