4 0.35390625 0.6393518518518518 0.0171875 0.08425925925925926
4 0.3184895833333333 0.6324074074074074 0.019270833333333334 0.07962962962962963
4 0.35390625 0.5263888888888889 0.018229166666666668 0.07314814814814814
4 0.38333333333333336 0.5351851851851852 0.021875 0.07777777777777778
4 0.41328125 0.5328703703703703 0.019270833333333334 0.06944444444444445
4 0.321875 0.5273148148148148 0.020833333333333332 0.06759259259259259
4 0.35989583333333336 0.3398148148148148 0.03854166666666667 0.02962962962962963
4 0.49713541666666666 0.5199074074074074 0.028645833333333332 0.07314814814814814
4 0.16796875 0.22962962962962963 0.03697916666666667 0.027777777777777776
4 0.378125 0.0625 0.013541666666666667 0.03611111111111111
4 0.22734375 0.23287037037037037 0.030729166666666665 0.028703703703703703
4 0.45234375 0.02638888888888889 0.013020833333333334 0.041666666666666664
4 0.31328125 0.7217592592592592 0.0203125 0.013888888888888888
