4 0.4479166666666667 0.37962962962962965 0.020833333333333332 0.06666666666666667
4 0.29010416666666666 0.4287037037037037 0.021875 0.06111111111111111
4 0.32447916666666665 0.13842592592592592 0.013541666666666667 0.032407407407407406
4 0.20546875 0.5152777777777777 0.043229166666666666 0.06574074074074074
4 0.18645833333333334 0.6069444444444444 0.03958333333333333 0.075
4 0.21380208333333334 0.4773148148148148 0.033854166666666664 0.058333333333333334
4 0.08567708333333333 0.2662037037037037 0.033854166666666664 0.025
4 0.04791666666666667 0.2638888888888889 0.041666666666666664 0.025925925925925925
4 0.12552083333333333 0.2662037037037037 0.03958333333333333 0.025
4 0.16380208333333332 0.2671296296296296 0.0359375 0.032407407407407406
4 0.39166666666666666 0.6930555555555555 0.029166666666666667 0.0712962962962963
