0 0.3619791666666667 0.6361111111111111 0.019791666666666666 0.05925925925925926
0 0.07083333333333333 0.3939814814814815 0.03333333333333333 0.030555555555555555
0 0.05651041666666667 0.3685185185185185 0.030729166666666665 0.025925925925925925
0 0.10911458333333333 0.37777777777777777 0.03177083333333333 0.027777777777777776
0 0.14635416666666667 0.3814814814814815 0.03125 0.03333333333333333
0 0.18880208333333334 0.3902777777777778 0.03177083333333333 0.028703703703703703
0 0.16848958333333333 0.674074074074074 0.027604166666666666 0.07222222222222222
0 0.125 0.47175925925925927 0.035416666666666666 0.032407407407407406
0 0.16640625 0.4837962962962963 0.0359375 0.03611111111111111
0 0.026041666666666668 0.38657407407407407 0.036458333333333336 0.03611111111111111
0 0.12109375 0.5814814814814815 0.022395833333333334 0.06666666666666667
0 0.16276041666666666 0.6194444444444445 0.030729166666666665 0.07222222222222222
0 0.18333333333333332 0.6083333333333333 0.021875 0.06851851851851852
0 0.20078125 0.6097222222222223 0.0203125 0.058333333333333334
0 0.40859375 0.4050925925925926 0.024479166666666666 0.049074074074074076
0 0.3893229166666667 0.30462962962962964 0.013020833333333334 0.03518518518518519
0 0.44088541666666664 0.2625 0.011979166666666667 0.032407407407407406
0 0.4583333333333333 0.2671296296296296 0.0125 0.04351851851851852
0 0.3971354166666667 0.20277777777777778 0.011979166666666667 0.03148148148148148
0 0.45859375 0.22083333333333333 0.011979166666666667 0.03425925925925926
0 0.4244791666666667 0.12222222222222222 0.011458333333333333 0.027777777777777776
0 0.4583333333333333 0.17962962962962964 0.011458333333333333 0.03518518518518519
0 0.41302083333333334 0.07175925925925926 0.009375 0.025
0 0.4278645833333333 0.05462962962962963 0.009895833333333333 0.020370370370370372
0 0.43125 0.021296296296296296 0.010416666666666666 0.022222222222222223
