0 0.2989583333333333 0.8236111111111111 0.03125 0.14722222222222223
0 0.3111979166666667 0.5523148148148148 0.019270833333333334 0.07314814814814814
0 0.26067708333333334 0.2587962962962963 0.005729166666666666 0.010185185185185186
0 0.2630208333333333 0.25046296296296294 0.005208333333333333 0.008333333333333333
0 0.26276041666666666 0.22037037037037038 0.005729166666666666 0.011111111111111112
0 0.11223958333333334 0.9351851851851852 0.04010416666666667 0.07407407407407407
0 0.2916666666666667 0.3736111111111111 0.0125 0.026851851851851852
0 0.29401041666666666 0.33055555555555555 0.009895833333333333 0.018518518518518517
0 0.29661458333333335 0.3138888888888889 0.0109375 0.018518518518518517
0 0.31015625 0.20972222222222223 0.0067708333333333336 0.012037037037037037
0 0.28619791666666666 0.18935185185185185 0.0067708333333333336 0.008333333333333333
0 0.29791666666666666 0.14583333333333334 0.00625 0.006481481481481481
0 0.31979166666666664 0.24722222222222223 0.008333333333333333 0.014814814814814815
0 0.3229166666666667 0.1935185185185185 0.005208333333333333 0.009259259259259259
0 0.3223958333333333 0.15231481481481482 0.004166666666666667 0.008333333333333333
0 0.3489583333333333 0.15648148148148147 0.004166666666666667 0.005555555555555556
0 0.3697916666666667 0.23333333333333334 0.00625 0.012962962962962963
0 0.39427083333333335 0.3148148148148148 0.009375 0.018518518518518517
0 0.37786458333333334 0.21203703703703702 0.0046875 0.009259259259259259
0 0.35260416666666666 0.15138888888888888 0.003125 0.004629629629629629
0 0.34348958333333335 0.13240740740740742 0.0026041666666666665 0.005555555555555556
0 0.35104166666666664 0.1412037037037037 0.005208333333333333 0.006481481481481481
0 0.34270833333333334 0.14629629629629629 0.003125 0.007407407407407408
0 0.3346354166666667 0.19074074074074074 0.0078125 0.007407407407407408
0 0.3528645833333333 0.19490740740740742 0.0109375 0.008333333333333333
0 0.36041666666666666 0.2037037037037037 0.005208333333333333 0.007407407407407408
0 0.3455729166666667 0.12314814814814815 0.0036458333333333334 0.005555555555555556
0 0.3416666666666667 0.12453703703703704 0.003125 0.004629629629629629
0 0.3768229166666667 0.19814814814814816 0.0140625 0.011111111111111112
0 0.34036458333333336 0.1175925925925926 0.0036458333333333334 0.005555555555555556
