0 0.07083333333333333 0.8324074074074074 0.09166666666666666 0.10740740740740741
0 0.22864583333333333 1.225 0.084375 0.23148148148148148
0 0.7716145833333333 1.2689814814814815 0.16927083333333334 0.19537037037037036
0 0.821875 1.0337962962962963 0.128125 0.12129629629629629
0 0.6127604166666667 0.7800925925925926 0.0890625 0.10462962962962963
0 0.7221354166666667 0.7384259259259259 0.0453125 0.08611111111111111
0 0.7981770833333334 0.6689814814814815 0.04010416666666667 0.09166666666666666
0 0.6510416666666666 0.4546296296296296 0.034375 0.04259259259259259
0 1.0145833333333334 0.47962962962962963 0.029166666666666667 0.03518518518518519
0 1.0046875 0.43425925925925923 0.022916666666666665 0.027777777777777776
0 0.9278645833333333 0.4152777777777778 0.022395833333333334 0.030555555555555555
0 0.8489583333333334 0.47314814814814815 0.022916666666666665 0.04259259259259259
0 0.7677083333333333 0.4601851851851852 0.022916666666666665 0.04259259259259259
0 0.7768229166666667 0.43703703703703706 0.022395833333333334 0.037037037037037035
0 0.8559895833333333 0.42314814814814816 0.022395833333333334 0.037037037037037035
0 0.825 0.3787037037037037 0.020833333333333332 0.03148148148148148
0 0.81796875 0.2967592592592593 0.013020833333333334 0.021296296296296296
0 0.81875 0.2875 0.0125 0.019444444444444445
0 0.896875 0.3921296296296296 0.03854166666666667 0.028703703703703703
0 0.890625 0.3787037037037037 0.034375 0.025925925925925925
0 0.896875 0.3685185185185185 0.0375 0.02962962962962963
0 0.8671875 0.3439814814814815 0.017708333333333333 0.026851851851851852
0 0.8669270833333333 0.33240740740740743 0.016145833333333335 0.025925925925925925
0 0.9799479166666667 0.3597222222222222 0.021354166666666667 0.028703703703703703
0 0.9763020833333333 0.34629629629629627 0.022395833333333334 0.022222222222222223
0 0.9145833333333333 0.3143518518518518 0.015625 0.019444444444444445
0 0.95703125 0.30694444444444446 0.015104166666666667 0.021296296296296296
0 0.9450520833333333 0.28703703703703703 0.013020833333333334 0.016666666666666666
0 0.91875 0.2865740740740741 0.014583333333333334 0.017592592592592594
0 0.9315104166666667 0.2712962962962963 0.015104166666666667 0.016666666666666666
0 0.8401041666666667 0.21342592592592594 0.017708333333333333 0.01574074074074074
0 0.26588541666666665 0.4476851851851852 0.04010416666666667 0.041666666666666664
0 0.24296875 0.44166666666666665 0.04114583333333333 0.04259259259259259
0 0.06770833333333333 0.3888888888888889 0.025 0.03333333333333333
0 0.1671875 0.3453703703703704 0.035416666666666666 0.025925925925925925
0 0.14296875 0.41435185185185186 0.034895833333333334 0.030555555555555555
0 0.2265625 0.3685185185185185 0.03958333333333333 0.027777777777777776
0 0.04348958333333333 0.38287037037037036 0.0390625 0.026851851851851852
0 0.011458333333333333 0.36666666666666664 0.022916666666666665 0.03518518518518519
