0 0.34765625 0.8523148148148149 0.0796875 0.14166666666666666
0 0.27682291666666664 0.6555555555555556 0.03802083333333333 0.07962962962962963
0 0.33619791666666665 0.6458333333333334 0.049479166666666664 0.06759259259259259
0 0.3046875 0.4351851851851852 0.041666666666666664 0.03888888888888889
0 0.29453125 0.4263888888888889 0.0421875 0.03611111111111111
0 0.23671875 0.46064814814814814 0.0265625 0.03796296296296296
0 0.24791666666666667 0.3972222222222222 0.019791666666666666 0.027777777777777776
0 0.2328125 0.37083333333333335 0.014583333333333334 0.023148148148148147
0 0.22057291666666667 0.3541666666666667 0.016145833333333335 0.028703703703703703
0 0.10677083333333333 0.25925925925925924 0.007291666666666667 0.012962962962962963
