0 0.06666666666666667 0.9180555555555555 0.13333333333333333 0.10833333333333334
0 0.14375 0.6268518518518519 0.10104166666666667 0.09259259259259259
0 0.16953125 0.5569444444444445 0.07760416666666667 0.075
0 0.19244791666666666 0.49166666666666664 0.0828125 0.07407407407407407
0 0.20546875 0.44074074074074077 0.08177083333333333 0.06666666666666667
0 0.47604166666666664 0.9166666666666666 0.052083333333333336 0.1111111111111111
0 0.34088541666666666 0.8861111111111111 0.04635416666666667 0.17222222222222222
0 0.7130208333333333 0.47685185185185186 0.03229166666666667 0.10555555555555556
0 0.6932291666666667 0.3625 0.051041666666666666 0.08425925925925926
0 0.6651041666666667 0.27685185185185185 0.041666666666666664 0.07962962962962963
0 0.7122395833333334 0.3194444444444444 0.033854166666666664 0.08148148148148149
0 0.6442708333333333 0.10324074074074074 0.029166666666666667 0.04722222222222222
0 0.5739583333333333 0.14814814814814814 0.028125 0.05185185185185185
0 0.52734375 0.10046296296296296 0.0234375 0.04351851851851852
0 0.47734375 0.2712962962962963 0.030729166666666665 0.08703703703703704
0 0.39791666666666664 0.2023148148148148 0.025 0.06574074074074074
0 0.3921875 0.2712962962962963 0.027083333333333334 0.08518518518518518
0 0.38307291666666665 0.36435185185185187 0.03177083333333333 0.09907407407407408
0 0.37447916666666664 0.48194444444444445 0.040625 0.1398148148148148
0 0.36380208333333336 0.6412037037037037 0.044270833333333336 0.16018518518518518
