4 0.23854166666666668 0.8050925925925926 0.042708333333333334 0.16018518518518518
4 0.24348958333333334 0.6171296296296296 0.0453125 0.14537037037037037
4 0.25026041666666665 0.43148148148148147 0.03802083333333333 0.1425925925925926
4 0.2546875 0.26157407407407407 0.035416666666666666 0.12314814814814815
4 0.5041666666666667 0.9115740740740741 0.042708333333333334 0.12129629629629629
4 0.5794270833333334 0.9324074074074075 0.09010416666666667 0.07777777777777778
4 0.5692708333333333 0.663425925925926 0.07395833333333333 0.06944444444444445
4 0.56484375 0.5856481481481481 0.0828125 0.06944444444444445
4 0.5575520833333333 0.5083333333333333 0.07760416666666667 0.06851851851851852
4 0.4908854166666667 0.5532407407407407 0.0390625 0.14907407407407408
4 0.48151041666666666 0.36898148148148147 0.034895833333333334 0.13055555555555556
4 0.4752604166666667 0.21805555555555556 0.03177083333333333 0.11018518518518519
4 0.5411458333333333 0.17685185185185184 0.07291666666666667 0.05925925925925926
4 0.5427083333333333 0.11388888888888889 0.071875 0.06296296296296296
4 0.7059895833333333 0.23842592592592593 0.04635416666666667 0.06574074074074074
4 0.5330729166666667 0.018518518518518517 0.0734375 0.037037037037037035
