4 0.81796875 0.9189814814814815 0.10885416666666667 0.225
4 0.99296875 0.9888888888888889 0.09739583333333333 0.22592592592592592
4 0.91484375 0.8041666666666667 0.12239583333333333 0.1824074074074074
4 0.7283854166666667 0.6976851851851852 0.0734375 0.14351851851851852
4 0.7932291666666667 0.48564814814814816 0.05625 0.0787037037037037
4 1.0161458333333333 0.7050925925925926 0.051041666666666666 0.11388888888888889
4 0.98125 0.6101851851851852 0.09375 0.0962962962962963
4 0.8864583333333333 0.4935185185185185 0.04895833333333333 0.07962962962962963
4 0.83984375 0.4444444444444444 0.05677083333333333 0.06481481481481481
4 0.7927083333333333 0.3972222222222222 0.03229166666666667 0.05185185185185185
4 0.7302083333333333 0.45185185185185184 0.04583333333333333 0.08518518518518518
4 0.76875 0.3509259259259259 0.041666666666666664 0.046296296296296294
4 0.7838541666666666 0.31805555555555554 0.05520833333333333 0.04351851851851852
4 0.7526041666666666 0.3050925925925926 0.053125 0.049074074074074076
4 0.7057291666666666 0.27824074074074073 0.029166666666666667 0.03611111111111111
4 0.6859375 0.5731481481481482 0.05625 0.12037037037037036
4 0.65390625 0.48842592592592593 0.04010416666666667 0.08425925925925926
4 0.6341145833333334 0.4236111111111111 0.0328125 0.06018518518518518
4 0.6958333333333333 0.39675925925925926 0.0375 0.06018518518518518
4 0.67109375 0.3523148148148148 0.028645833333333332 0.049074074074074076
4 0.60234375 0.32916666666666666 0.024479166666666666 0.05092592592592592
4 0.6330729166666667 0.2833333333333333 0.024479166666666666 0.044444444444444446
4 0.61953125 0.26435185185185184 0.0203125 0.032407407407407406
4 0.6192708333333333 0.2351851851851852 0.01875 0.027777777777777776
4 0.6049479166666667 0.22083333333333333 0.011979166666666667 0.026851851851851852
4 0.62578125 0.22268518518518518 0.015104166666666667 0.026851851851851852
4 0.6184895833333334 0.19953703703703704 0.013020833333333334 0.023148148148148147
4 0.6614583333333334 0.22083333333333333 0.014583333333333334 0.026851851851851852
4 0.6559895833333333 0.20694444444444443 0.0140625 0.025
4 0.6515625 0.19027777777777777 0.0125 0.021296296296296296
4 0.6458333333333334 0.18194444444444444 0.013541666666666667 0.023148148148148147
4 0.6403645833333333 0.17453703703703705 0.009895833333333333 0.017592592592592594
4 0.63515625 0.15833333333333333 0.0109375 0.018518518518518517
4 0.63359375 0.1527777777777778 0.009895833333333333 0.018518518518518517
4 0.6307291666666667 0.14351851851851852 0.008333333333333333 0.014814814814814815
4 0.6221354166666667 0.13287037037037036 0.0109375 0.013888888888888888
4 0.609375 0.1587962962962963 0.010416666666666666 0.017592592592592594
4 0.6072916666666667 0.15 0.009375 0.012962962962962963
4 0.6057291666666667 0.14166666666666666 0.008333333333333333 0.012962962962962963
4 0.6151041666666667 0.12916666666666668 0.010416666666666666 0.013888888888888888
4 0.61171875 0.10462962962962963 0.0140625 0.011111111111111112
4 0.5994791666666667 0.12962962962962962 0.010416666666666666 0.014814814814814815
4 0.5908854166666667 0.1287037037037037 0.009895833333333333 0.016666666666666666
4 0.6072916666666667 0.09675925925925925 0.009375 0.008333333333333333
4 0.6153645833333333 0.09675925925925925 0.008854166666666666 0.008333333333333333
4 0.5994791666666667 0.09722222222222222 0.009375 0.009259259259259259
