4 0.5466145833333333 0.5902777777777778 0.0234375 0.028703703703703703
4 0.5690104166666666 0.5726851851851852 0.021354166666666667 0.026851851851851852
4 0.4830729166666667 0.7268518518518519 0.022395833333333334 0.05
4 0.415625 0.46111111111111114 0.0125 0.025925925925925925
4 0.44557291666666665 0.4527777777777778 0.021354166666666667 0.022222222222222223
4 0.4830729166666667 0.4412037037037037 0.016145833333333335 0.025
4 0.5442708333333334 0.4648148148148148 0.010416666666666666 0.027777777777777776
4 0.559375 0.4671296296296296 0.011458333333333333 0.028703703703703703
4 0.5989583333333334 0.47175925925925927 0.015625 0.030555555555555555
4 0.6286458333333333 0.47129629629629627 0.016666666666666666 0.027777777777777776
4 0.66640625 0.5675925925925925 0.024479166666666666 0.027777777777777776
4 0.66953125 0.5231481481481481 0.021354166666666667 0.024074074074074074
4 0.63203125 0.40694444444444444 0.015104166666666667 0.025
4 0.5721354166666667 0.425 0.016145833333333335 0.027777777777777776
4 0.5809895833333333 0.42314814814814816 0.015104166666666667 0.025925925925925925
4 0.5994791666666667 0.412962962962963 0.017708333333333333 0.022222222222222223
4 0.5911458333333334 0.4203703703703704 0.016666666666666666 0.022222222222222223
4 0.37578125 0.4532407407407407 0.0109375 0.030555555555555555
4 0.36432291666666666 0.4546296296296296 0.0109375 0.02962962962962963
4 0.38229166666666664 0.4861111111111111 0.0125 0.03333333333333333
4 0.7057291666666666 0.7814814814814814 0.019791666666666666 0.05185185185185185
4 0.47317708333333336 0.40555555555555556 0.021354166666666667 0.016666666666666666
4 0.47213541666666664 0.3912037037037037 0.018229166666666668 0.013888888888888888
4 0.4671875 0.38333333333333336 0.017708333333333333 0.014814814814814815
4 0.46328125 0.3731481481481482 0.0171875 0.012962962962962963
4 0.45859375 0.36342592592592593 0.018229166666666668 0.01574074074074074
4 0.4395833333333333 0.3287037037037037 0.013541666666666667 0.012962962962962963
4 0.45026041666666666 0.31527777777777777 0.015104166666666667 0.013888888888888888
4 0.42552083333333335 0.38935185185185184 0.017708333333333333 0.013888888888888888
4 0.4239583333333333 0.3787037037037037 0.016666666666666666 0.014814814814814815
4 0.4197916666666667 0.3699074074074074 0.017708333333333333 0.012037037037037037
4 0.41822916666666665 0.3574074074074074 0.01875 0.012962962962962963
4 0.41354166666666664 0.34629629629629627 0.015625 0.012962962962962963
4 0.19010416666666666 0.13194444444444445 0.00625 0.010185185185185186
4 0.175 0.12731481481481483 0.005208333333333333 0.012037037037037037
4 0.19609375 0.13194444444444445 0.005729166666666666 0.010185185185185186
4 0.20260416666666667 0.13194444444444445 0.005208333333333333 0.010185185185185186
4 0.20755208333333333 0.21296296296296297 0.005729166666666666 0.012962962962962963
4 0.25390625 0.08842592592592592 0.0036458333333333334 0.010185185185185186
4 0.29192708333333334 0.17314814814814813 0.005729166666666666 0.012962962962962963
4 0.33619791666666665 0.14814814814814814 0.005729166666666666 0.009259259259259259
4 0.29921875 0.05787037037037037 0.0078125 0.006481481481481481
4 0.3484375 0.15092592592592594 0.004166666666666667 0.011111111111111112
4 0.2552083333333333 0.10694444444444444 0.005208333333333333 0.008333333333333333
4 0.3541666666666667 0.2412037037037037 0.007291666666666667 0.01574074074074074
4 0.38359375 0.0912037037037037 0.008854166666666666 0.008333333333333333
4 0.3966145833333333 0.07777777777777778 0.0036458333333333334 0.009259259259259259
4 0.3953125 0.08981481481481482 0.003125 0.007407407407407408
4 0.3528645833333333 0.09583333333333334 0.0046875 0.008333333333333333
4 0.34348958333333335 0.12083333333333333 0.0046875 0.008333333333333333
4 0.36328125 0.11898148148148148 0.0036458333333333334 0.008333333333333333
4 0.3619791666666667 0.058333333333333334 0.004166666666666667 0.007407407407407408
4 0.35963541666666665 0.08148148148148149 0.0036458333333333334 0.005555555555555556
4 0.36223958333333334 0.06898148148148148 0.0046875 0.006481481481481481
4 0.35703125 0.1050925925925926 0.0036458333333333334 0.008333333333333333
4 0.3846354166666667 0.10185185185185185 0.008854166666666666 0.007407407407407408
4 0.36302083333333335 0.13472222222222222 0.004166666666666667 0.010185185185185186
4 0.3729166666666667 0.010185185185185186 0.003125 0.005555555555555556
4 0.2986979166666667 0.9439814814814815 0.0390625 0.03796296296296296
4 0.35234375 0.38935185185185184 0.0109375 0.025
4 0.40390625 0.33194444444444443 0.013020833333333334 0.013888888888888888
4 0.35963541666666665 0.3773148148148148 0.0109375 0.023148148148148147
