0 0.32369791666666664 0.6310185185185185 0.0453125 0.06388888888888888
0 0.34036458333333336 0.274537037037037 0.027604166666666666 0.04537037037037037
0 0.31484375 0.2462962962962963 0.03802083333333333 0.03333333333333333
0 0.25416666666666665 0.13842592592592592 0.016666666666666666 0.030555555555555555
0 0.22421875 0.10046296296296296 0.021354166666666667 0.032407407407407406
0 0.5072916666666667 1.299537037037037 0.0125 0.049074074074074076
0 0.4546875 1.2337962962962963 0.04479166666666667 0.14537037037037037
0 0.5638020833333334 1.1828703703703705 0.04114583333333333 0.13240740740740742
0 0.5057291666666667 0.937037037037037 0.034375 0.10185185185185185
0 0.5755208333333334 0.8185185185185185 0.027083333333333334 0.09074074074074075
0 0.540625 0.7490740740740741 0.03125 0.07962962962962963
0 0.5708333333333333 0.6375 0.027083333333333334 0.07685185185185185
0 0.5755208333333334 0.5199074074074074 0.03958333333333333 0.05462962962962963
0 0.6375 0.5365740740740741 0.027083333333333334 0.06574074074074074
0 0.5901041666666667 0.45555555555555555 0.023958333333333335 0.05925925925925926
0 0.6450520833333333 0.4777777777777778 0.022395833333333334 0.05
0 0.6223958333333334 0.3902777777777778 0.016666666666666666 0.021296296296296296
0 0.60546875 0.3490740740740741 0.030729166666666665 0.04259259259259259
0 0.6119791666666666 0.32407407407407407 0.030208333333333334 0.04259259259259259
0 0.6244791666666667 0.2898148148148148 0.019791666666666666 0.05
0 0.6299479166666667 0.24675925925925926 0.019270833333333334 0.03796296296296296
0 0.653125 0.22453703703703703 0.015625 0.041666666666666664
0 0.7471354166666667 0.05648148148148148 0.0140625 0.03518518518518519
0 0.7380208333333333 0.913425925925926 0.036458333333333336 0.06388888888888888
