4 0.7591145833333334 0.8759259259259259 0.0421875 0.1
4 0.9002604166666667 0.9226851851851852 0.0765625 0.06018518518518518
4 0.8794270833333333 0.8606481481481482 0.06822916666666666 0.058333333333333334
4 0.8598958333333333 0.8074074074074075 0.059375 0.053703703703703705
4 0.8481770833333333 0.7564814814814815 0.05260416666666667 0.046296296296296294
4 0.6049479166666667 0.5689814814814815 0.05677083333333333 0.05092592592592592
4 0.59921875 0.5226851851851851 0.0484375 0.05092592592592592
4 0.59921875 0.4791666666666667 0.0453125 0.03981481481481482
4 0.5536458333333333 0.3800925925925926 0.03229166666666667 0.03981481481481482
4 0.51953125 0.3351851851851852 0.016145833333333335 0.03888888888888889
4 0.44453125 0.34675925925925927 0.018229166666666668 0.04351851851851852
4 0.2671875 0.29768518518518516 0.026041666666666668 0.03981481481481482
4 0.5578125 0.3037037037037037 0.03125 0.02962962962962963
4 0.45755208333333336 0.24212962962962964 0.015104166666666667 0.032407407407407406
4 0.46328125 0.1675925925925926 0.013020833333333334 0.025925925925925925
4 0.46588541666666666 0.1388888888888889 0.0109375 0.03333333333333333
4 0.46901041666666665 0.10601851851851851 0.011979166666666667 0.023148148148148147
4 0.56640625 0.10231481481481482 0.011979166666666667 0.023148148148148147
4 0.4796875 0.008333333333333333 0.009375 0.016666666666666666
