0 0.2864583333333333 0.5060185185185185 0.019791666666666666 0.06388888888888888
0 0.3216145833333333 0.2712962962962963 0.0328125 0.02962962962962963
0 0.36770833333333336 0.2587962962962963 0.03229166666666667 0.028703703703703703
0 0.30416666666666664 0.2162037037037037 0.03333333333333333 0.030555555555555555
0 0.4635416666666667 0.22546296296296298 0.03333333333333333 0.032407407407407406
0 0.5130208333333334 0.22175925925925927 0.028125 0.04351851851851852
0 0.5630208333333333 0.16712962962962963 0.03333333333333333 0.025
0 0.6395833333333333 0.1814814814814815 0.028125 0.03333333333333333
0 0.5859375 0.19814814814814816 0.03333333333333333 0.03333333333333333
0 0.5643229166666667 0.2050925925925926 0.033854166666666664 0.03981481481481482
0 0.7020833333333333 0.15324074074074073 0.035416666666666666 0.03425925925925926
0 0.30234375 0.18009259259259258 0.015104166666666667 0.03611111111111111
0 0.3033854166666667 0.13425925925925927 0.013020833333333334 0.03333333333333333
0 0.30442708333333335 0.09861111111111111 0.013020833333333334 0.030555555555555555
0 0.3065104166666667 0.06388888888888888 0.0109375 0.02962962962962963
0 0.28203125 0.044444444444444446 0.013020833333333334 0.02962962962962963
0 0.3072916666666667 0.03935185185185185 0.013541666666666667 0.030555555555555555
0 0.30052083333333335 0.25833333333333336 0.030208333333333334 0.03888888888888889
0 0.2716145833333333 0.649537037037037 0.025520833333333333 0.08425925925925926
0 0.27630208333333334 0.711574074074074 0.0234375 0.03425925925925926
