0 0.84375 0.9069444444444444 0.06458333333333334 0.1638888888888889
0 0.6794270833333333 0.7620370370370371 0.06510416666666667 0.11666666666666667
0 0.0234375 0.11898148148148148 0.046875 0.032407407407407406
0 0.015104166666666667 0.1 0.030208333333333334 0.027777777777777776
0 0.14401041666666667 0.21435185185185185 0.05260416666666667 0.04722222222222222
0 0.20052083333333334 0.30324074074074076 0.04583333333333333 0.05277777777777778
0 0.2791666666666667 0.2949074074074074 0.06041666666666667 0.04722222222222222
0 0.30494791666666665 0.3101851851851852 0.0453125 0.05
0 0.4940104166666667 0.4166666666666667 0.049479166666666664 0.06481481481481481
0 0.5489583333333333 0.33935185185185185 0.04479166666666667 0.058333333333333334
0 0.68984375 0.13842592592592592 0.028645833333333332 0.03611111111111111
0 0.7106770833333333 0.11157407407407408 0.024479166666666666 0.03611111111111111
0 0.7619791666666667 0.062037037037037036 0.023958333333333335 0.025925925925925925
0 0.7921875 0.032407407407407406 0.023958333333333335 0.02962962962962963
0 0.5765625 0.6657407407407407 0.028125 0.04259259259259259
