0 0.29296875 0.2523148148148148 0.0109375 0.021296296296296296
0 0.31614583333333335 0.31712962962962965 0.0125 0.032407407407407406
0 0.33541666666666664 0.3337962962962963 0.014583333333333334 0.032407407407407406
0 0.3151041666666667 0.13194444444444445 0.009375 0.01574074074074074
0 0.3143229166666667 0.10231481481481482 0.0078125 0.01574074074074074
0 0.3260416666666667 0.09675925925925925 0.007291666666666667 0.01574074074074074
0 0.3255208333333333 0.0712962962962963 0.00625 0.012962962962962963
0 0.30833333333333335 0.04490740740740741 0.00625 0.013888888888888888
0 0.32265625 0.6546296296296297 0.021354166666666667 0.06666666666666667
0 0.37421875 0.4449074074074074 0.013020833333333334 0.04722222222222222
0 0.37994791666666666 0.24027777777777778 0.009895833333333333 0.021296296296296296
0 0.3611979166666667 0.23703703703703705 0.008854166666666666 0.018518518518518517
0 0.3536458333333333 0.20185185185185187 0.008333333333333333 0.016666666666666666
0 0.3453125 0.12407407407407407 0.005208333333333333 0.012962962962962963
0 0.34036458333333336 0.10277777777777777 0.008854166666666666 0.012962962962962963
