0 0.12994791666666666 0.8027777777777778 0.03802083333333333 0.06481481481481481
0 0.3065104166666667 0.44583333333333336 0.0203125 0.021296296296296296
0 0.39375 0.45787037037037037 0.016666666666666666 0.032407407407407406
0 0.41067708333333336 0.42777777777777776 0.0140625 0.024074074074074074
0 0.37213541666666666 0.3675925925925926 0.018229166666666668 0.020370370370370372
0 0.38385416666666666 0.35324074074074074 0.016666666666666666 0.01574074074074074
0 0.40729166666666666 0.325 0.015625 0.012962962962962963
0 0.38984375 0.3458333333333333 0.016145833333333335 0.01574074074074074
0 0.39791666666666664 0.3384259259259259 0.014583333333333334 0.013888888888888888
0 0.4036458333333333 0.33240740740740743 0.015625 0.011111111111111112
0 0.49765625 0.2625 0.016145833333333335 0.013888888888888888
0 0.49140625 0.2726851851851852 0.015104166666666667 0.013888888888888888
0 0.5140625 0.23796296296296296 0.013541666666666667 0.011111111111111112
0 0.6799479166666667 0.27361111111111114 0.008854166666666666 0.013888888888888888
0 0.00625 0.7625 0.0125 0.049074074074074076
0 0.68671875 0.5064814814814815 0.0140625 0.02962962962962963
0 0.7236979166666667 0.45 0.0109375 0.018518518518518517
0 0.7252604166666666 0.2574074074074074 0.0078125 0.014814814814814815
0 0.70546875 0.07175925925925926 0.0046875 0.004629629629629629
