0 0.07005208333333333 0.018518518518518517 0.008854166666666666 0.022222222222222223
0 0.06640625 0.043055555555555555 0.0078125 0.021296296296296296
0 0.06171875 0.06898148148148148 0.009895833333333333 0.023148148148148147
0 0.05755208333333333 0.09351851851851851 0.009895833333333333 0.024074074074074074
0 0.05286458333333333 0.12083333333333333 0.009895833333333333 0.025
0 0.048177083333333336 0.14305555555555555 0.009895833333333333 0.023148148148148147
0 0.04401041666666667 0.1699074074074074 0.009895833333333333 0.025
0 0.038802083333333334 0.19583333333333333 0.0109375 0.021296296296296296
0 0.029427083333333333 0.25416666666666665 0.0109375 0.025
0 0.024479166666666666 0.2824074074074074 0.010416666666666666 0.025925925925925925
0 0.01953125 0.3106481481481482 0.0109375 0.028703703703703703
0 0.01328125 0.3425925925925926 0.013020833333333334 0.027777777777777776
0 0.1671875 0.02962962962962963 0.013541666666666667 0.012962962962962963
0 0.16614583333333333 0.03935185185185185 0.013541666666666667 0.010185185185185186
0 0.16510416666666666 0.06435185185185185 0.016666666666666666 0.013888888888888888
0 0.19635416666666666 0.05416666666666667 0.014583333333333334 0.013888888888888888
0 0.16276041666666666 0.07731481481481481 0.016145833333333335 0.013888888888888888
0 0.16067708333333333 0.11018518518518519 0.0171875 0.014814814814814815
0 0.19401041666666666 0.07962962962962963 0.015104166666666667 0.014814814814814815
0 0.18880208333333334 0.11481481481481481 0.015104166666666667 0.012962962962962963
0 0.503125 0.700462962962963 0.021875 0.025
0 0.5059895833333333 0.7236111111111111 0.0203125 0.019444444444444445
0 0.4986979166666667 0.7472222222222222 0.021354166666666667 0.018518518518518517
0 0.4934895833333333 0.7685185185185185 0.022395833333333334 0.016666666666666666
0 0.48671875 0.799537037037037 0.021354166666666667 0.019444444444444445
0 0.48072916666666665 0.8532407407407407 0.021875 0.021296296296296296
0 0.47578125 0.8777777777777778 0.0234375 0.024074074074074074
0 0.4705729166666667 0.9046296296296297 0.0171875 0.020370370370370372
0 0.4734375 0.9333333333333333 0.022916666666666665 0.027777777777777776
0 0.46848958333333335 0.962037037037037 0.0234375 0.020370370370370372
0 0.23828125 0.03611111111111111 0.0067708333333333336 0.018518518518518517
