4 0.209375 0.2273148148148148 0.035416666666666666 0.030555555555555555
4 0.5177083333333333 0.16111111111111112 0.03854166666666667 0.03148148148148148
4 0.4317708333333333 0.4583333333333333 0.029166666666666667 0.04814814814814815
4 0.38828125 0.3388888888888889 0.03802083333333333 0.025925925925925925
4 0.5260416666666666 0.40370370370370373 0.0375 0.03518518518518519
4 0.01484375 0.19027777777777777 0.0296875 0.025
4 0.35989583333333336 0.055092592592592596 0.027083333333333334 0.026851851851851852
4 0.47578125 0.3351851851851852 0.025520833333333333 0.024074074074074074
4 0.5776041666666667 0.33935185185185185 0.027083333333333334 0.025
4 0.6401041666666667 0.3375 0.030208333333333334 0.025
