0 0.10494791666666667 0.6018518518518519 0.059895833333333336 0.05185185185185185
0 0.13776041666666666 0.5601851851851852 0.05260416666666667 0.046296296296296294
0 0.15807291666666667 0.5657407407407408 0.033854166666666664 0.05555555555555555
0 0.5549479166666667 0.5356481481481481 0.027604166666666666 0.04537037037037037
0 0.6041666666666666 0.5208333333333334 0.022916666666666665 0.04351851851851852
0 0.6138020833333333 0.46064814814814814 0.018229166666666668 0.03425925925925926
0 0.56796875 0.44675925925925924 0.0203125 0.03611111111111111
0 0.5393229166666667 0.44907407407407407 0.022395833333333334 0.03518518518518519
0 0.45416666666666666 0.4708333333333333 0.028125 0.03796296296296296
0 0.52109375 0.4236111111111111 0.0390625 0.030555555555555555
0 0.5182291666666666 0.4060185185185185 0.035416666666666666 0.021296296296296296
0 0.5294270833333333 0.39166666666666666 0.03802083333333333 0.027777777777777776
0 0.5674479166666667 0.3587962962962963 0.016145833333333335 0.025
0 0.59296875 0.3597222222222222 0.016145833333333335 0.028703703703703703
0 0.6190104166666667 0.3685185185185185 0.016145833333333335 0.02962962962962963
0 0.6200520833333333 0.3537037037037037 0.016145833333333335 0.024074074074074074
0 0.5705729166666667 0.3388888888888889 0.0140625 0.020370370370370372
0 0.5747395833333333 0.30972222222222223 0.013020833333333334 0.019444444444444445
0 0.61796875 0.30925925925925923 0.013020833333333334 0.022222222222222223
0 0.6138020833333333 0.28703703703703703 0.013020833333333334 0.018518518518518517
0 0.6080729166666666 0.2689814814814815 0.013020833333333334 0.01574074074074074
0 0.59296875 0.23657407407407408 0.009895833333333333 0.013888888888888888
0 0.5106770833333333 0.1962962962962963 0.0078125 0.011111111111111112
0 0.3528645833333333 0.5087962962962963 0.0359375 0.04722222222222222
0 0.3234375 0.5425925925925926 0.035416666666666666 0.05
0 0.34791666666666665 0.28379629629629627 0.025 0.021296296296296296
0 0.33619791666666665 0.29398148148148145 0.0234375 0.01574074074074074
0 0.33489583333333334 0.29953703703703705 0.026041666666666668 0.013888888888888888
