4 0.5182291666666666 0.4671296296296296 0.019791666666666666 0.023148148148148147
4 0.49609375 0.45092592592592595 0.019270833333333334 0.020370370370370372
4 0.46588541666666666 0.37962962962962965 0.0140625 0.027777777777777776
4 0.41041666666666665 0.3680555555555556 0.014583333333333334 0.01574074074074074
4 0.39296875 0.3819444444444444 0.018229166666666668 0.01574074074074074
4 0.39765625 0.3680555555555556 0.015104166666666667 0.01574074074074074
4 0.39166666666666666 0.4115740740740741 0.016666666666666666 0.01574074074074074
4 0.3572916666666667 0.37592592592592594 0.017708333333333333 0.014814814814814815
4 0.35078125 0.3587962962962963 0.015104166666666667 0.021296296296296296
4 0.3184895833333333 0.36018518518518516 0.013020833333333334 0.024074074074074074
4 0.3078125 0.3574074074074074 0.013541666666666667 0.020370370370370372
4 0.3033854166666667 0.3490740740740741 0.015104166666666667 0.025925925925925925
4 0.23098958333333333 0.37592592592592594 0.015104166666666667 0.012962962962962963
4 0.21979166666666666 0.36944444444444446 0.011458333333333333 0.022222222222222223
4 0.19609375 0.37083333333333335 0.013020833333333334 0.023148148148148147
4 0.21692708333333333 0.34444444444444444 0.008854166666666666 0.022222222222222223
4 0.18645833333333334 0.3476851851851852 0.009375 0.021296296296296296
4 0.17734375 0.3685185185185185 0.011979166666666667 0.022222222222222223
4 0.14427083333333332 0.3458333333333333 0.017708333333333333 0.013888888888888888
4 0.10520833333333333 0.350462962962963 0.01875 0.01574074074074074
4 0.1578125 0.3037037037037037 0.015625 0.014814814814814815
4 0.16328125 0.274537037037037 0.013020833333333334 0.013888888888888888
4 0.16770833333333332 0.2564814814814815 0.013541666666666667 0.011111111111111112
4 0.16822916666666668 0.2518518518518518 0.0125 0.011111111111111112
4 0.17109375 0.24537037037037038 0.0109375 0.011111111111111112
4 0.06848958333333334 0.23564814814814813 0.009895833333333333 0.013888888888888888
4 0.15260416666666668 0.2064814814814815 0.010416666666666666 0.012962962962962963
4 0.13776041666666666 0.1787037037037037 0.0067708333333333336 0.012962962962962963
4 0.14322916666666666 0.16342592592592592 0.00625 0.012037037037037037
4 0.1453125 0.14537037037037037 0.011458333333333333 0.009259259259259259
4 0.14713541666666666 0.14074074074074075 0.0109375 0.009259259259259259
4 0.16302083333333334 0.12268518518518519 0.009375 0.010185185185185186
4 0.16666666666666666 0.11898148148148148 0.009375 0.010185185185185186
4 0.16614583333333333 0.14537037037037037 0.010416666666666666 0.011111111111111112
4 0.0046875 0.20277777777777778 0.009375 0.016666666666666666
4 0.10989583333333333 0.025 0.005208333333333333 0.007407407407407408
4 0.07526041666666666 0.006944444444444444 0.0046875 0.010185185185185186
4 0.15677083333333333 0.006481481481481481 0.004166666666666667 0.009259259259259259
4 0.20625 0.07824074074074074 0.00625 0.010185185185185186
4 0.20677083333333332 0.09583333333333334 0.009375 0.008333333333333333
4 0.20989583333333334 0.08981481481481482 0.008333333333333333 0.007407407407407408
4 0.21067708333333332 0.08564814814814815 0.008854166666666666 0.008333333333333333
4 0.23151041666666666 0.2935185185185185 0.009895833333333333 0.020370370370370372
4 0.24270833333333333 0.28379629629629627 0.008333333333333333 0.01574074074074074
4 0.004166666666666667 0.4888888888888889 0.008333333333333333 0.025925925925925925
