4 0.35130208333333335 0.6782407407407407 0.016145833333333335 0.04722222222222222
4 0.390625 0.5222222222222223 0.013541666666666667 0.03518518518518519
4 0.4114583333333333 0.46111111111111114 0.0125 0.03148148148148148
4 0.3802083333333333 0.4027777777777778 0.009375 0.020370370370370372
4 0.25364583333333335 0.33564814814814814 0.017708333333333333 0.01574074074074074
4 0.39348958333333334 0.3421296296296296 0.008854166666666666 0.021296296296296296
4 0.37890625 0.3439814814814815 0.0078125 0.023148148148148147
4 0.37604166666666666 0.3050925925925926 0.007291666666666667 0.013888888888888888
4 0.3846354166666667 0.2851851851851852 0.0067708333333333336 0.014814814814814815
4 0.3729166666666667 0.2763888888888889 0.00625 0.013888888888888888
4 0.36432291666666666 0.30462962962962964 0.0078125 0.014814814814814815
4 0.36822916666666666 0.23796296296296296 0.00625 0.012962962962962963
4 0.3453125 0.25092592592592594 0.00625 0.012962962962962963
4 0.36692708333333335 0.21342592592592594 0.0046875 0.012037037037037037
4 0.365625 0.20046296296296295 0.005208333333333333 0.012037037037037037
4 0.34453125 0.20462962962962963 0.0046875 0.009259259259259259
4 0.36171875 0.28935185185185186 0.005729166666666666 0.012037037037037037
4 0.3611979166666667 0.3236111111111111 0.0109375 0.019444444444444445
