0 0.34609375 0.6375 0.025520833333333333 0.04722222222222222
0 0.16432291666666668 0.6064814814814815 0.024479166666666666 0.03333333333333333
0 0.29791666666666666 0.5393518518518519 0.01875 0.026851851851851852
0 0.3484375 0.5481481481481482 0.020833333333333332 0.03333333333333333
0 0.40182291666666664 0.3875 0.013020833333333334 0.019444444444444445
0 0.4479166666666667 0.33287037037037037 0.010416666666666666 0.019444444444444445
0 0.4395833333333333 0.2763888888888889 0.008333333333333333 0.013888888888888888
0 0.48333333333333334 0.387037037037037 0.0125 0.022222222222222223
0 0.5080729166666667 0.2759259259259259 0.008854166666666666 0.016666666666666666
0 0.4765625 0.22546296296296298 0.00625 0.013888888888888888
0 0.48020833333333335 0.1685185185185185 0.005208333333333333 0.011111111111111112
0 0.5216145833333333 0.19074074074074074 0.005729166666666666 0.014814814814814815
0 0.4671875 0.14907407407407408 0.005208333333333333 0.009259259259259259
0 0.459375 0.06666666666666667 0.007291666666666667 0.007407407407407408
0 0.5502604166666667 0.07962962962962963 0.005729166666666666 0.009259259259259259
0 0.6140625 0.044444444444444446 0.00625 0.007407407407407408
