0 0.21484375 0.023148148148148147 0.021354166666666667 0.020370370370370372
0 0.21458333333333332 0.04351851851851852 0.020833333333333332 0.018518518518518517
0 0.2125 0.06296296296296296 0.01875 0.022222222222222223
0 0.21276041666666667 0.08194444444444444 0.018229166666666668 0.019444444444444445
0 0.21640625 0.10046296296296296 0.021354166666666667 0.021296296296296296
0 0.27291666666666664 0.08935185185185185 0.019791666666666666 0.019444444444444445
0 0.2755208333333333 0.06666666666666667 0.022916666666666665 0.020370370370370372
0 0.27057291666666666 0.025 0.022395833333333334 0.020370370370370372
0 0.24270833333333333 0.35324074074074074 0.009375 0.03425925925925926
0 0.25390625 0.34629629629629627 0.011979166666666667 0.03888888888888889
0 0.24348958333333334 0.45925925925925926 0.0109375 0.037037037037037035
0 0.27734375 0.5180555555555556 0.0109375 0.032407407407407406
0 0.24375 0.5657407407407408 0.011458333333333333 0.03888888888888889
0 0.27708333333333335 0.562962962962963 0.008333333333333333 0.037037037037037035
0 0.24505208333333334 0.6097222222222223 0.0109375 0.03796296296296296
0 0.2786458333333333 0.6074074074074074 0.011458333333333333 0.03888888888888889
0 0.28072916666666664 0.6546296296296297 0.010416666666666666 0.037037037037037035
0 0.28203125 0.7069444444444445 0.009895833333333333 0.03981481481481482
0 0.24791666666666667 0.7046296296296296 0.0125 0.040740740740740744
0 0.24947916666666667 0.7555555555555555 0.011458333333333333 0.03888888888888889
0 0.44479166666666664 0.1925925925925926 0.010416666666666666 0.040740740740740744
0 0.6067708333333334 0.016666666666666666 0.019791666666666666 0.020370370370370372
0 0.6067708333333334 0.03425925925925926 0.01875 0.018518518518518517
0 0.6091145833333333 0.1388888888888889 0.0203125 0.018518518518518517
0 0.5770833333333333 0.07685185185185185 0.011458333333333333 0.03888888888888889
0 0.56171875 0.2550925925925926 0.011979166666666667 0.03611111111111111
0 0.6135416666666667 0.1726851851851852 0.017708333333333333 0.019444444444444445
0 0.6557291666666667 0.15416666666666667 0.019791666666666666 0.017592592592592594
0 0.6651041666666667 0.39166666666666666 0.023958333333333335 0.018518518518518517
0 0.60625 0.6291666666666667 0.010416666666666666 0.03611111111111111
0 0.6005208333333333 0.7685185185185185 0.022916666666666665 0.022222222222222223
0 0.6033854166666667 0.7972222222222223 0.019270833333333334 0.018518518518518517
0 0.60078125 0.8245370370370371 0.022395833333333334 0.023148148148148147
0 0.60625 0.8791666666666667 0.021875 0.025
0 0.6075520833333333 0.9111111111111111 0.0203125 0.020370370370370372
0 0.6080729166666666 0.9361111111111111 0.022395833333333334 0.022222222222222223
0 0.60390625 0.9569444444444445 0.022395833333333334 0.017592592592592594
