4 0.31302083333333336 0.6185185185185185 0.03125 0.03888888888888889
4 0.36328125 0.5273148148148148 0.018229166666666668 0.03796296296296296
4 0.40677083333333336 0.6060185185185185 0.017708333333333333 0.049074074074074076
4 0.39453125 0.5638888888888889 0.022395833333333334 0.04259259259259259
4 0.43333333333333335 0.5782407407407407 0.019791666666666666 0.03981481481481482
4 0.34479166666666666 0.47685185185185186 0.0125 0.03518518518518519
4 0.33619791666666665 0.44351851851851853 0.013020833333333334 0.02962962962962963
4 0.18098958333333334 0.26157407407407407 0.0140625 0.021296296296296296
4 0.14895833333333333 0.24861111111111112 0.015625 0.017592592592592594
4 0.57578125 0.6180555555555556 0.019270833333333334 0.04537037037037037
4 0.57890625 0.575462962962963 0.013020833333333334 0.03796296296296296
4 0.584375 0.5407407407407407 0.013541666666666667 0.03888888888888889
4 0.56796875 0.524537037037037 0.013020833333333334 0.03796296296296296
4 0.5533854166666666 0.5180555555555556 0.011979166666666667 0.03611111111111111
4 0.53828125 0.5092592592592593 0.0140625 0.03888888888888889
4 0.55859375 0.44907407407407407 0.011979166666666667 0.027777777777777776
4 0.5731770833333333 0.4532407407407407 0.0140625 0.028703703703703703
4 0.5046875 0.4532407407407407 0.0125 0.03425925925925926
4 0.4908854166666667 0.45185185185185184 0.013020833333333334 0.02962962962962963
4 0.63359375 0.41944444444444445 0.030729166666666665 0.024074074074074074
4 0.5565104166666667 0.4166666666666667 0.024479166666666666 0.018518518518518517
4 0.57265625 0.35 0.013020833333333334 0.020370370370370372
4 0.5479166666666667 0.3425925925925926 0.010416666666666666 0.020370370370370372
4 0.57734375 0.32222222222222224 0.008854166666666666 0.020370370370370372
4 0.5783854166666667 0.30462962962962964 0.0078125 0.011111111111111112
4 0.58203125 0.29212962962962963 0.008854166666666666 0.023148148148148147
4 0.5880208333333333 0.18194444444444444 0.007291666666666667 0.012037037037037037
4 0.5919270833333333 0.17546296296296296 0.0067708333333333336 0.013888888888888888
4 0.5341145833333333 0.22361111111111112 0.005729166666666666 0.01574074074074074
4 0.4859375 0.19490740740740742 0.011458333333333333 0.030555555555555555
4 0.48541666666666666 0.22777777777777777 0.007291666666666667 0.014814814814814815
4 0.4744791666666667 0.23287037037037037 0.007291666666666667 0.017592592592592594
4 0.4515625 0.23194444444444445 0.005208333333333333 0.013888888888888888
4 0.45651041666666664 0.22407407407407406 0.0067708333333333336 0.011111111111111112
4 0.5106770833333333 0.2638888888888889 0.0078125 0.016666666666666666
4 0.5138020833333333 0.2833333333333333 0.0109375 0.016666666666666666
4 0.5151041666666667 0.31712962962962965 0.008333333333333333 0.019444444444444445
4 0.49270833333333336 0.31203703703703706 0.008333333333333333 0.014814814814814815
4 0.47734375 0.30694444444444446 0.008854166666666666 0.013888888888888888
4 0.4700520833333333 0.3199074074074074 0.008854166666666666 0.017592592592592594
4 0.4609375 0.31712962962962965 0.008333333333333333 0.017592592592592594
4 0.4510416666666667 0.3375 0.009375 0.019444444444444445
4 0.4317708333333333 0.3333333333333333 0.007291666666666667 0.016666666666666666
4 0.44427083333333334 0.31157407407407406 0.009375 0.013888888888888888
4 0.46640625 0.30277777777777776 0.008854166666666666 0.011111111111111112
4 0.45755208333333336 0.30277777777777776 0.0046875 0.009259259259259259
4 0.44921875 0.3037037037037037 0.0078125 0.014814814814814815
4 0.425 0.30787037037037035 0.009375 0.021296296296296296
4 0.49166666666666664 0.2898148148148148 0.007291666666666667 0.014814814814814815
4 0.49661458333333336 0.28055555555555556 0.0067708333333333336 0.011111111111111112
4 0.4875 0.27685185185185185 0.005208333333333333 0.014814814814814815
4 0.475 0.2865740740740741 0.00625 0.01574074074074074
4 0.46588541666666666 0.28564814814814815 0.0046875 0.017592592592592594
4 0.4578125 0.2828703703703704 0.007291666666666667 0.013888888888888888
4 0.44869791666666664 0.28055555555555556 0.0078125 0.012962962962962963
4 0.4796875 0.27685185185185185 0.00625 0.014814814814814815
4 0.4708333333333333 0.2726851851851852 0.00625 0.01574074074074074
4 0.4546875 0.2712962962962963 0.008333333333333333 0.014814814814814815
4 0.4708333333333333 0.25601851851851853 0.007291666666666667 0.013888888888888888
4 0.4328125 0.2759259259259259 0.005208333333333333 0.012962962962962963
4 0.22109375 0.1712962962962963 0.009895833333333333 0.012962962962962963
4 0.265625 0.16342592592592592 0.011458333333333333 0.01574074074074074
4 0.29296875 0.13240740740740742 0.009895833333333333 0.009259259259259259
4 0.31927083333333334 0.11851851851851852 0.00625 0.007407407407407408
4 0.3299479166666667 0.10694444444444444 0.0078125 0.010185185185185186
4 0.34401041666666665 0.10416666666666667 0.0078125 0.010185185185185186
4 0.37213541666666666 0.09305555555555556 0.0067708333333333336 0.010185185185185186
4 0.38359375 0.0912037037037037 0.005729166666666666 0.008333333333333333
4 0.3611979166666667 0.09490740740740741 0.005729166666666666 0.010185185185185186
4 0.3541666666666667 0.09259259259259259 0.00625 0.009259259259259259
4 0.17942708333333332 0.1675925925925926 0.0067708333333333336 0.011111111111111112
4 0.26015625 0.2550925925925926 0.011979166666666667 0.012037037037037037
4 0.38255208333333335 0.2273148148148148 0.0067708333333333336 0.012037037037037037
4 0.37447916666666664 0.2273148148148148 0.005208333333333333 0.017592592592592594
4 0.36770833333333336 0.22361111111111112 0.00625 0.010185185185185186
4 0.3609375 0.22314814814814815 0.00625 0.014814814814814815
4 0.3533854166666667 0.22314814814814815 0.0067708333333333336 0.014814814814814815
4 0.3463541666666667 0.22361111111111112 0.004166666666666667 0.012037037037037037
4 0.34010416666666665 0.22361111111111112 0.00625 0.01574074074074074
4 0.3328125 0.22361111111111112 0.005208333333333333 0.017592592592592594
4 0.32057291666666665 0.2412037037037037 0.0140625 0.013888888888888888
4 0.3020833333333333 0.25 0.010416666666666666 0.014814814814814815
4 0.3151041666666667 0.2523148148148148 0.009375 0.010185185185185186
4 0.36015625 0.24583333333333332 0.013020833333333334 0.013888888888888888
4 0.15546875 0.15185185185185185 0.0067708333333333336 0.011111111111111112
4 0.15963541666666667 0.11666666666666667 0.005729166666666666 0.007407407407407408
4 0.15833333333333333 0.1 0.005208333333333333 0.009259259259259259
4 0.26588541666666665 0.2310185185185185 0.008854166666666666 0.012037037037037037
4 0.2760416666666667 0.22314814814814815 0.008333333333333333 0.011111111111111112
4 0.28515625 0.21388888888888888 0.008854166666666666 0.012962962962962963
4 0.30494791666666665 0.21342592592592594 0.008854166666666666 0.012037037037037037
4 0.3109375 0.19444444444444445 0.00625 0.011111111111111112
4 0.30442708333333335 0.20092592592592592 0.0067708333333333336 0.009259259259259259
4 0.25364583333333335 0.21481481481481482 0.008333333333333333 0.011111111111111112
4 0.2596354166666667 0.21203703703703702 0.008854166666666666 0.012962962962962963
4 0.2677083333333333 0.21435185185185185 0.005208333333333333 0.013888888888888888
4 0.275 0.2050925925925926 0.010416666666666666 0.012037037037037037
4 0.30182291666666666 0.18472222222222223 0.0109375 0.012037037037037037
4 0.29973958333333334 0.19675925925925927 0.0078125 0.010185185185185186
4 0.2916666666666667 0.18611111111111112 0.008333333333333333 0.009259259259259259
4 0.2872395833333333 0.18981481481481483 0.008854166666666666 0.007407407407407408
4 0.2833333333333333 0.19444444444444445 0.009375 0.009259259259259259
4 0.27786458333333336 0.19490740740740742 0.011979166666666667 0.010185185185185186
4 0.5572916666666666 0.49583333333333335 0.013541666666666667 0.032407407407407406
4 0.54375 0.49074074074074076 0.0125 0.03148148148148148
4 0.5713541666666667 0.5023148148148148 0.0125 0.03796296296296296
4 0.4875 0.43472222222222223 0.025 0.023148148148148147
4 0.4895833333333333 0.42314814814814816 0.026041666666666668 0.022222222222222223
4 0.5153645833333333 0.5462962962962963 0.021354166666666667 0.03333333333333333
4 0.4666666666666667 0.49907407407407406 0.034375 0.03148148148148148
4 0.4479166666666667 0.47453703703703703 0.023958333333333335 0.021296296296296296
4 0.47630208333333335 0.524074074074074 0.0296875 0.027777777777777776
4 0.49192708333333335 0.5472222222222223 0.028645833333333332 0.03333333333333333
4 0.4986979166666667 0.5606481481481481 0.024479166666666666 0.025
4 0.5966145833333333 0.40370370370370373 0.024479166666666666 0.025925925925925925
4 0.6625 0.42685185185185187 0.022916666666666665 0.022222222222222223
