0 0.0796875 0.7157407407407408 0.075 0.06111111111111111
0 0.05755208333333333 0.6814814814814815 0.0890625 0.06296296296296296
0 0.054947916666666666 0.6458333333333334 0.08697916666666666 0.05277777777777778
0 0.16770833333333332 0.6680555555555555 0.0625 0.049074074074074076
0 0.15598958333333332 0.6361111111111111 0.05364583333333333 0.05
0 0.15520833333333334 0.6074074074074074 0.05416666666666667 0.037037037037037035
0 0.15885416666666666 0.5791666666666667 0.053125 0.03796296296296296
0 0.5934895833333333 0.9296296296296296 0.0734375 0.08518518518518518
0 0.6072916666666667 0.8324074074074074 0.059375 0.08518518518518518
0 0.46171875 0.5824074074074074 0.05260416666666667 0.06111111111111111
0 0.7192708333333333 0.462037037037037 0.019791666666666666 0.025925925925925925
0 0.334375 0.4305555555555556 0.01875 0.020370370370370372
0 0.4609375 0.4361111111111111 0.030208333333333334 0.024074074074074074
0 0.03619791666666667 0.3421296296296296 0.016145833333333335 0.010185185185185186
0 0.02421875 0.35555555555555557 0.013020833333333334 0.012962962962962963
0 0.0578125 0.36157407407407405 0.020833333333333332 0.012037037037037037
0 0.7096354166666666 0.35462962962962963 0.022395833333333334 0.016666666666666666
