0 0.06041666666666667 1.0810185185185186 0.11666666666666667 0.18981481481481483
0 0.353125 1.1564814814814814 0.10729166666666666 0.20925925925925926
0 0.55546875 1.1685185185185185 0.0984375 0.22037037037037038
0 0.9161458333333333 1.1888888888888889 0.153125 0.2222222222222222
0 0.47708333333333336 0.5773148148148148 0.025 0.03611111111111111
0 0.4231770833333333 0.549537037037037 0.059895833333333336 0.03981481481481482
0 0.4510416666666667 0.5365740740740741 0.04895833333333333 0.03425925925925926
0 0.5096354166666667 0.5333333333333333 0.0296875 0.03888888888888889
0 0.4861979166666667 0.4930555555555556 0.03697916666666667 0.028703703703703703
0 0.5911458333333334 0.5662037037037037 0.04479166666666667 0.03425925925925926
0 0.61328125 0.5569444444444445 0.059895833333333336 0.030555555555555555
0 0.5747395833333333 0.49583333333333335 0.027604166666666666 0.025
0 0.6330729166666667 0.48935185185185187 0.0421875 0.026851851851851852
0 0.6119791666666666 0.4810185185185185 0.042708333333333334 0.025
0 0.6359375 0.4708333333333333 0.03958333333333333 0.025
0 0.6309895833333333 0.4625 0.033854166666666664 0.021296296296296296
0 0.4947916666666667 0.4791666666666667 0.03958333333333333 0.021296296296296296
0 0.5075520833333333 0.47314814814814815 0.0359375 0.025925925925925925
0 0.5361979166666667 0.4726851851851852 0.019270833333333334 0.026851851851851852
0 0.5393229166666667 0.4425925925925926 0.028645833333333332 0.018518518518518517
0 0.5341145833333333 0.4361111111111111 0.033854166666666664 0.022222222222222223
0 0.5395833333333333 0.43194444444444446 0.03333333333333333 0.019444444444444445
0 0.5510416666666667 0.42824074074074076 0.034375 0.019444444444444445
0 0.5515625 0.4217592592592593 0.03229166666666667 0.017592592592592594
0 0.54921875 0.4185185185185185 0.0296875 0.016666666666666666
0 0.63515625 0.45601851851851855 0.033854166666666664 0.019444444444444445
0 0.634375 0.45 0.01875 0.016666666666666666
0 0.6377604166666667 0.4439814814814815 0.033854166666666664 0.019444444444444445
0 0.6401041666666667 0.44027777777777777 0.034375 0.019444444444444445
0 0.6122395833333333 0.4351851851851852 0.016145833333333335 0.020370370370370372
0 0.6442708333333333 0.425462962962963 0.030208333333333334 0.019444444444444445
0 0.5833333333333334 0.39351851851851855 0.020833333333333332 0.014814814814814815
0 0.59140625 0.3731481481481482 0.024479166666666666 0.014814814814814815
0 0.6489583333333333 0.3972222222222222 0.023958333333333335 0.014814814814814815
0 0.65078125 0.3921296296296296 0.022395833333333334 0.01574074074074074
0 0.6497395833333334 0.387037037037037 0.0234375 0.014814814814814815
0 0.6518229166666667 0.3837962962962963 0.022395833333333334 0.013888888888888888
0 0.6502604166666667 0.375 0.018229166666666668 0.012962962962962963
