0 0.21692708333333333 0.875462962962963 0.11822916666666666 0.17314814814814813
0 0.36875 0.7078703703703704 0.08229166666666667 0.15462962962962962
0 0.4825520833333333 0.7810185185185186 0.07552083333333333 0.1787037037037037
0 0.5393229166666667 0.8375 0.0890625 0.2175925925925926
0 0.5229166666666667 0.6388888888888888 0.0625 0.13333333333333333
0 0.6018229166666667 0.575 0.0546875 0.09444444444444444
0 0.6333333333333333 0.4361111111111111 0.03854166666666667 0.07592592592592592
0 0.5921875 0.4115740740740741 0.03958333333333333 0.0712962962962963
0 0.4544270833333333 0.5143518518518518 0.0609375 0.09722222222222222
0 0.49375 0.45185185185185184 0.052083333333333336 0.07407407407407407
0 0.5369791666666667 0.3537037037037037 0.03854166666666667 0.04814814814814815
0 0.5552083333333333 0.3106481481481482 0.027083333333333334 0.04537037037037037
0 0.6190104166666667 0.32546296296296295 0.027604166666666666 0.05462962962962963
0 0.6486979166666667 0.35509259259259257 0.028645833333333332 0.06018518518518518
0 0.7182291666666667 0.3 0.021875 0.04259259259259259
0 0.6513020833333333 0.26435185185185184 0.022395833333333334 0.041666666666666664
0 0.5932291666666667 0.2462962962962963 0.022916666666666665 0.03518518518518519
0 0.5786458333333333 0.22453703703703703 0.03854166666666667 0.021296296296296296
0 0.5958333333333333 0.2 0.034375 0.024074074074074074
0 0.66171875 0.24814814814814815 0.0234375 0.037037037037037035
0 0.6833333333333333 0.22824074074074074 0.019791666666666666 0.028703703703703703
0 0.6869791666666667 0.20972222222222223 0.01875 0.026851851851851852
0 0.6567708333333333 0.22361111111111112 0.020833333333333332 0.030555555555555555
0 0.66484375 0.20972222222222223 0.016145833333333335 0.026851851851851852
0 0.6729166666666667 0.19305555555555556 0.015625 0.025
0 0.63203125 0.18935185185185185 0.019270833333333334 0.028703703703703703
0 0.6403645833333333 0.17824074074074073 0.016145833333333335 0.028703703703703703
0 0.6950520833333333 0.1597222222222222 0.018229166666666668 0.019444444444444445
0 0.6497395833333334 0.16157407407407406 0.013020833333333334 0.023148148148148147
0 0.6434895833333333 0.1425925925925926 0.0234375 0.022222222222222223
0 0.7171875 0.1162037037037037 0.010416666666666666 0.021296296296296296
0 0.6846354166666667 0.1087962962962963 0.008854166666666666 0.013888888888888888
0 0.7138020833333333 0.10601851851851851 0.0109375 0.01574074074074074
0 0.6958333333333333 0.10046296296296296 0.009375 0.01574074074074074
0 0.703125 0.0875 0.009375 0.010185185185185186
0 0.7080729166666667 0.0837962962962963 0.008854166666666666 0.013888888888888888
0 0.7104166666666667 0.0787037037037037 0.007291666666666667 0.012962962962962963
0 0.709375 0.06574074074074074 0.005208333333333333 0.009259259259259259
