4 0.07161458333333333 0.024537037037037038 0.0067708333333333336 0.010185185185185186
4 0.07708333333333334 0.03888888888888889 0.007291666666666667 0.011111111111111112
4 0.07005208333333333 0.047685185185185185 0.0067708333333333336 0.012037037037037037
4 0.08307291666666666 0.06574074074074074 0.0078125 0.012962962962962963
4 0.07994791666666666 0.10740740740740741 0.009895833333333333 0.020370370370370372
4 0.10234375 0.15787037037037038 0.0109375 0.021296296296296296
4 0.0375 0.041666666666666664 0.00625 0.012962962962962963
4 0.03854166666666667 0.020833333333333332 0.010416666666666666 0.010185185185185186
4 0.03984375 0.03009259259259259 0.0078125 0.008333333333333333
4 0.03854166666666667 0.06898148148148148 0.0125 0.012037037037037037
4 0.03567708333333333 0.09398148148148149 0.011979166666666667 0.010185185185185186
4 0.03984375 0.1175925925925926 0.008854166666666666 0.018518518518518517
4 0.04088541666666667 0.14074074074074075 0.005729166666666666 0.011111111111111112
4 0.04244791666666667 0.15601851851851853 0.008854166666666666 0.01574074074074074
4 0.04114583333333333 0.16805555555555557 0.008333333333333333 0.017592592592592594
4 0.04375 0.22824074074074074 0.013541666666666667 0.023148148148148147
4 0.04505208333333333 0.2564814814814815 0.0140625 0.02962962962962963
4 0.12109375 0.2689814814814815 0.0140625 0.026851851851851852
4 0.12552083333333333 0.03888888888888889 0.007291666666666667 0.012962962962962963
4 0.13151041666666666 0.05185185185185185 0.0067708333333333336 0.009259259259259259
4 0.13619791666666667 0.06435185185185185 0.005729166666666666 0.010185185185185186
4 0.15286458333333333 0.09953703703703703 0.008854166666666666 0.01574074074074074
4 0.18046875 0.16296296296296298 0.0109375 0.018518518518518517
4 0.18541666666666667 0.18101851851851852 0.009375 0.017592592592592594
4 0.15338541666666666 0.44027777777777777 0.021354166666666667 0.049074074074074076
4 0.1640625 0.4986111111111111 0.025 0.05648148148148148
4 0.18072916666666666 0.5648148148148148 0.027083333333333334 0.06481481481481481
4 0.10026041666666667 0.7657407407407407 0.059895833333333336 0.1
4 0.29609375 0.8712962962962963 0.0796875 0.08333333333333333
4 0.6036458333333333 0.7319444444444444 0.05625 0.06944444444444445
