0 0.746875 0.6939814814814815 0.029166666666666667 0.05277777777777778
0 0.5815104166666667 0.7532407407407408 0.03697916666666667 0.05648148148148148
0 0.55703125 0.712037037037037 0.025520833333333333 0.046296296296296294
0 0.5841145833333333 0.6726851851851852 0.03177083333333333 0.04722222222222222
0 0.6419270833333334 0.5745370370370371 0.022395833333333334 0.04537037037037037
0 0.6744791666666666 0.5148148148148148 0.016666666666666666 0.03148148148148148
0 0.76328125 0.34629629629629627 0.0171875 0.014814814814814815
0 0.76796875 0.33796296296296297 0.019270833333333334 0.012962962962962963
0 0.77734375 0.3194444444444444 0.0140625 0.012962962962962963
0 0.7703125 0.33240740740740743 0.017708333333333333 0.011111111111111112
0 0.79453125 0.3296296296296296 0.008854166666666666 0.012962962962962963
0 0.7791666666666667 0.3125 0.0125 0.004629629629629629
0 0.8015625 0.287962962962963 0.010416666666666666 0.009259259259259259
0 0.7971354166666667 0.2916666666666667 0.011979166666666667 0.012962962962962963
0 0.8575520833333333 0.26944444444444443 0.0078125 0.011111111111111112
0 0.8796875 0.24768518518518517 0.00625 0.008333333333333333
0 0.9005208333333333 0.275 0.005208333333333333 0.007407407407407408
0 0.8997395833333334 0.22407407407407406 0.0046875 0.005555555555555556
0 0.9067708333333333 0.2263888888888889 0.004166666666666667 0.004629629629629629
0 0.8921875 0.20787037037037037 0.005208333333333333 0.006481481481481481
0 0.903125 0.19444444444444445 0.004166666666666667 0.003703703703703704
0 0.8971354166666666 0.19398148148148148 0.0026041666666666665 0.002777777777777778
