4 0.446875 0.22314814814814815 0.004166666666666667 0.005555555555555556
4 0.45208333333333334 0.22314814814814815 0.004166666666666667 0.005555555555555556
4 0.5278645833333333 0.3347222222222222 0.015104166666666667 0.017592592592592594
4 0.5890625 0.44074074074074077 0.03333333333333333 0.025925925925925925
4 0.5205729166666667 0.4 0.0140625 0.027777777777777776
4 0.54765625 0.46435185185185185 0.025520833333333333 0.03425925925925926
4 0.5520833333333334 0.4861111111111111 0.029166666666666667 0.022222222222222223
4 0.7190104166666667 0.562037037037037 0.0203125 0.03518518518518519
4 0.21276041666666667 0.5648148148148148 0.033854166666666664 0.027777777777777776
4 0.2825520833333333 0.4439814814814815 0.016145833333333335 0.021296296296296296
