4 0.803125 1.1879629629629629 0.17916666666666667 0.17777777777777778
4 0.20208333333333334 0.7277777777777777 0.10104166666666667 0.12222222222222222
4 0.44088541666666664 0.5912037037037037 0.0359375 0.06759259259259259
4 0.48932291666666666 0.575462962962963 0.03697916666666667 0.06759259259259259
4 0.5466145833333333 0.5685185185185185 0.025520833333333333 0.05740740740740741
4 0.6096354166666667 0.6092592592592593 0.04739583333333333 0.07407407407407407
4 0.6653645833333334 0.6125 0.04635416666666667 0.0712962962962963
4 0.81953125 0.5861111111111111 0.08385416666666666 0.06851851851851852
4 0.9291666666666667 0.5467592592592593 0.08333333333333333 0.06018518518518518
4 0.403125 0.5560185185185185 0.04895833333333333 0.05277777777777778
4 0.3625 0.5481481481481482 0.059375 0.05555555555555555
4 0.24713541666666666 0.5203703703703704 0.0578125 0.05555555555555555
4 0.21640625 0.5101851851851852 0.05677083333333333 0.04814814814814815
4 0.1390625 0.487962962962963 0.06875 0.046296296296296294
4 0.146875 0.44351851851851853 0.059375 0.03148148148148148
4 0.14505208333333333 0.4222222222222222 0.0609375 0.027777777777777776
4 0.1625 0.3875 0.04791666666666667 0.028703703703703703
4 0.17317708333333334 0.34675925925925927 0.043229166666666666 0.028703703703703703
4 0.17682291666666666 0.33611111111111114 0.033854166666666664 0.016666666666666666
4 0.17994791666666668 0.32083333333333336 0.0359375 0.019444444444444445
4 0.18333333333333332 0.30185185185185187 0.035416666666666666 0.018518518518518517
4 0.01640625 0.4740740740740741 0.0328125 0.03888888888888889
4 0.026302083333333334 0.4361111111111111 0.05260416666666667 0.037037037037037035
4 0.05859375 0.3875 0.05572916666666667 0.030555555555555555
4 0.0703125 0.3685185185185185 0.05 0.024074074074074074
4 0.07838541666666667 0.35 0.04635416666666667 0.020370370370370372
4 0.09244791666666667 0.3282407407407407 0.0390625 0.021296296296296296
4 0.103125 0.3148148148148148 0.03958333333333333 0.020370370370370372
4 0.12161458333333333 0.29212962962962963 0.0171875 0.025
