0 0.25859375 0.35648148148148145 0.027604166666666666 0.04259259259259259
0 0.21953125 0.2611111111111111 0.0171875 0.03888888888888889
0 0.5283854166666667 0.2564814814814815 0.027604166666666666 0.02962962962962963
0 0.2942708333333333 0.29907407407407405 0.027083333333333334 0.037037037037037035
0 0.26901041666666664 0.39444444444444443 0.03802083333333333 0.03333333333333333
0 0.07161458333333333 0.16574074074074074 0.0109375 0.025925925925925925
0 0.47630208333333335 0.36898148148148147 0.0328125 0.03611111111111111
0 0.4432291666666667 0.39537037037037037 0.034375 0.03888888888888889
0 0.43020833333333336 0.41203703703703703 0.03333333333333333 0.046296296296296294
0 0.4981770833333333 0.337037037037037 0.0328125 0.025925925925925925
0 0.48776041666666664 0.35462962962962963 0.0328125 0.02962962962962963
0 0.5138020833333333 0.32916666666666666 0.0328125 0.032407407407407406
0 0.21536458333333333 0.1412037037037037 0.015104166666666667 0.023148148148148147
0 0.5427083333333333 0.3111111111111111 0.021875 0.02962962962962963
0 0.19010416666666666 0.012037037037037037 0.019791666666666666 0.014814814814814815
0 0.22083333333333333 0.36574074074074076 0.040625 0.024074074074074074
