0 0.44296875 0.49907407407407406 0.0109375 0.03148148148148148
0 0.4401041666666667 0.47175925925925927 0.009375 0.026851851851851852
0 0.4466145833333333 0.3861111111111111 0.0171875 0.012962962962962963
0 0.49505208333333334 0.4324074074074074 0.0203125 0.016666666666666666
0 0.2916666666666667 0.48842592592592593 0.014583333333333334 0.026851851851851852
0 0.30390625 0.45787037037037037 0.0140625 0.023148148148148147
0 0.4479166666666667 0.4222222222222222 0.021875 0.018518518518518517
0 0.4473958333333333 0.40046296296296297 0.017708333333333333 0.017592592592592594
0 0.42239583333333336 0.34305555555555556 0.00625 0.012037037037037037
0 0.47760416666666666 0.2967592592592593 0.0125 0.012037037037037037
0 0.4234375 0.3333333333333333 0.00625 0.011111111111111112
0 0.40729166666666666 0.2513888888888889 0.009375 0.006481481481481481
0 0.42083333333333334 0.22777777777777777 0.004166666666666667 0.007407407407407408
0 0.42109375 0.23981481481481481 0.0046875 0.007407407407407408
0 0.06015625 0.4462962962962963 0.0265625 0.014814814814814815
0 0.06354166666666666 0.43425925925925923 0.026041666666666668 0.012962962962962963
