4 0.20338541666666668 0.07824074074074074 0.0421875 0.07314814814814814
4 0.19036458333333334 0.041666666666666664 0.044270833333333336 0.07222222222222222
4 0.28619791666666666 0.1337962962962963 0.021354166666666667 0.075
4 0.28671875 0.3050925925925926 0.0203125 0.09166666666666666
4 0.20052083333333334 0.38333333333333336 0.05416666666666667 0.040740740740740744
4 0.38307291666666665 0.015277777777777777 0.019270833333333334 0.028703703703703703
4 0.38515625 0.2847222222222222 0.0203125 0.08425925925925926
4 0.3494791666666667 0.4652777777777778 0.023958333333333335 0.08796296296296297
4 0.39609375 0.5939814814814814 0.027604166666666666 0.09907407407407408
4 0.203125 0.5689814814814815 0.05520833333333333 0.04537037037037037
4 0.2 0.6722222222222223 0.053125 0.037037037037037035
4 0.19895833333333332 0.725925925925926 0.052083333333333336 0.040740740740740744
4 0.2908854166666667 0.8314814814814815 0.021354166666666667 0.09444444444444444
4 0.35260416666666666 0.8226851851851852 0.019791666666666666 0.09537037037037037
4 0.39479166666666665 0.8171296296296297 0.020833333333333332 0.09722222222222222
4 0.39479166666666665 0.6995370370370371 0.020833333333333332 0.09351851851851851
4 0.29401041666666666 0.9407407407407408 0.022395833333333334 0.06296296296296296
4 0.3221354166666667 0.9532407407407407 0.0203125 0.03796296296296296
