0 0.5934895833333333 1.326851851851852 0.07864583333333333 0.12407407407407407
0 0.4125 0.9763888888888889 0.035416666666666666 0.09537037037037037
0 0.50234375 0.8324074074074074 0.0296875 0.06111111111111111
0 0.46328125 0.7064814814814815 0.019270833333333334 0.03888888888888889
0 0.4666666666666667 0.5370370370370371 0.010416666666666666 0.012962962962962963
0 0.46119791666666665 0.5254629629629629 0.008854166666666666 0.012037037037037037
0 0.0859375 0.6560185185185186 0.04479166666666667 0.025
0 0.240625 0.5231481481481481 0.019791666666666666 0.011111111111111112
0 0.24947916666666667 0.5152777777777777 0.01875 0.012037037037037037
0 0.3203125 0.5199074074074074 0.019791666666666666 0.012037037037037037
0 0.34375 0.5203703703703704 0.019791666666666666 0.011111111111111112
0 0.3419270833333333 0.5111111111111111 0.016145833333333335 0.011111111111111112
0 0.41380208333333335 0.5050925925925925 0.011979166666666667 0.010185185185185186
0 0.43046875 0.4842592592592593 0.005729166666666666 0.009259259259259259
0 0.42213541666666665 0.4675925925925926 0.0046875 0.007407407407407408
0 0.4197916666666667 0.4537037037037037 0.003125 0.005555555555555556
0 0.41901041666666666 0.44675925925925924 0.0026041666666666665 0.004629629629629629
0 0.41796875 0.44212962962962965 0.0026041666666666665 0.004629629629629629
0 0.4171875 0.43796296296296294 0.0020833333333333333 0.003703703703703704
