4 0.23463541666666668 0.15694444444444444 0.019270833333333334 0.019444444444444445
4 0.18828125 0.2125 0.024479166666666666 0.019444444444444445
4 0.17265625 0.2337962962962963 0.0203125 0.025
4 0.15546875 0.25416666666666665 0.019270833333333334 0.019444444444444445
4 0.11380208333333333 0.30462962962962964 0.0328125 0.027777777777777776
4 0.04114583333333333 0.36666666666666664 0.034375 0.040740740740740744
4 0.03802083333333333 0.4064814814814815 0.03229166666666667 0.044444444444444446
4 0.0078125 0.3962962962962963 0.015625 0.03888888888888889
4 0.3736979166666667 0.2490740740740741 0.030729166666666665 0.024074074074074074
4 0.38645833333333335 0.22268518518518518 0.025 0.023148148148148147
4 0.3921875 0.20879629629629629 0.023958333333333335 0.023148148148148147
4 0.39791666666666664 0.20046296296296295 0.025 0.023148148148148147
4 0.3255208333333333 0.38287037037037036 0.023958333333333335 0.041666666666666664
4 0.42213541666666665 0.4009259259259259 0.021354166666666667 0.04814814814814815
4 0.44479166666666664 0.4041666666666667 0.01875 0.04537037037037037
4 0.5138020833333333 0.41944444444444445 0.0171875 0.044444444444444446
4 0.5364583333333334 0.42407407407407405 0.015625 0.05
4 0.6026041666666667 0.1865740740740741 0.025 0.026851851851851852
4 0.64453125 0.19814814814814816 0.0265625 0.022222222222222223
4 0.6744791666666666 0.12175925925925926 0.022916666666666665 0.019444444444444445
4 0.8955729166666667 0.26157407407407407 0.0171875 0.03425925925925926
4 0.8388020833333333 0.25 0.0140625 0.03333333333333333
4 0.8354166666666667 0.2967592592592593 0.015625 0.028703703703703703
4 0.928125 0.32314814814814813 0.020833333333333332 0.037037037037037035
4 0.88125 0.3888888888888889 0.0375 0.037037037037037035
4 0.78671875 0.3101851851851852 0.016145833333333335 0.03333333333333333
4 0.70234375 0.45 0.03802083333333333 0.037037037037037035
4 0.7169270833333333 0.47638888888888886 0.03697916666666667 0.03611111111111111
4 0.5997395833333333 0.45416666666666666 0.03697916666666667 0.03425925925925926
4 0.5911458333333334 0.43194444444444446 0.036458333333333336 0.03611111111111111
4 0.4828125 0.5689814814814815 0.020833333333333332 0.049074074074074076
4 0.4552083333333333 0.5606481481481481 0.020833333333333332 0.05277777777777778
