0 0.040625 0.5425925925925926 0.009375 0.011111111111111112
0 0.04765625 0.5356481481481481 0.005729166666666666 0.008333333333333333
0 0.03411458333333333 0.5291666666666667 0.0067708333333333336 0.008333333333333333
0 0.031510416666666666 0.5203703703703704 0.0046875 0.007407407407407408
0 0.009635416666666667 0.5060185185185185 0.0026041666666666665 0.002777777777777778
0 0.008854166666666666 0.5097222222222222 0.003125 0.004629629629629629
0 0.00546875 0.5111111111111111 0.0036458333333333334 0.003703703703703704
0 0.0013020833333333333 0.5148148148148148 0.0026041666666666665 0.005555555555555556
0 0.13880208333333333 0.737037037037037 0.0859375 0.06481481481481481
0 0.19895833333333332 0.687962962962963 0.059375 0.04814814814814815
0 0.27447916666666666 0.8212962962962963 0.041666666666666664 0.08148148148148149
0 0.25286458333333334 0.7467592592592592 0.058854166666666666 0.062037037037037036
0 0.26536458333333335 0.6828703703703703 0.05572916666666667 0.04537037037037037
0 0.3841145833333333 0.6787037037037037 0.05260416666666667 0.040740740740740744
0 0.34661458333333334 0.6587962962962963 0.04635416666666667 0.03611111111111111
0 0.4359375 0.6305555555555555 0.036458333333333336 0.02962962962962963
0 0.4734375 0.612037037037037 0.029166666666666667 0.03148148148148148
0 0.5302083333333333 0.6194444444444445 0.03229166666666667 0.03148148148148148
0 0.5325520833333334 0.5995370370370371 0.0296875 0.023148148148148147
0 0.5768229166666666 0.6060185185185185 0.024479166666666666 0.023148148148148147
0 0.5971354166666667 0.5949074074074074 0.0234375 0.023148148148148147
0 0.5744791666666667 0.586574074074074 0.022916666666666665 0.021296296296296296
0 0.5833333333333334 0.575925925925926 0.019791666666666666 0.018518518518518517
0 0.6203125 0.5856481481481481 0.021875 0.019444444444444445
0 0.6369791666666667 0.5657407407407408 0.017708333333333333 0.016666666666666666
0 0.6541666666666667 0.5731481481481482 0.01875 0.016666666666666666
0 0.4973958333333333 0.538425925925926 0.014583333333333334 0.010185185185185186
0 0.546875 0.5430555555555555 0.017708333333333333 0.012037037037037037
0 0.56640625 0.5453703703703704 0.0171875 0.009259259259259259
0 0.5971354166666667 0.5421296296296296 0.011979166666666667 0.012037037037037037
0 0.60859375 0.5430555555555555 0.011979166666666667 0.008333333333333333
0 0.6205729166666667 0.549074074074074 0.021354166666666667 0.011111111111111112
0 0.6484375 0.5458333333333333 0.019791666666666666 0.010185185185185186
0 0.665625 0.5486111111111112 0.015625 0.010185185185185186
0 0.6713541666666667 0.5648148148148148 0.017708333333333333 0.018518518518518517
0 0.6763020833333333 0.5541666666666667 0.015104166666666667 0.012037037037037037
0 0.6921875 0.549074074074074 0.014583333333333334 0.016666666666666666
0 0.7067708333333333 0.5546296296296296 0.015625 0.012962962962962963
0 0.7075520833333333 0.5458333333333333 0.009895833333333333 0.013888888888888888
0 0.7026041666666667 0.5412037037037037 0.011458333333333333 0.010185185185185186
0 0.6841145833333333 0.5365740740740741 0.0171875 0.01574074074074074
0 0.6838541666666667 0.5324074074074074 0.015625 0.012962962962962963
0 0.6791666666666667 0.5402777777777777 0.0125 0.010185185185185186
0 0.715625 0.5425925925925926 0.011458333333333333 0.011111111111111112
0 0.72421875 0.5398148148148149 0.009895833333333333 0.009259259259259259
0 0.7190104166666667 0.5365740740740741 0.011979166666666667 0.012037037037037037
0 0.72421875 0.5324074074074074 0.008854166666666666 0.011111111111111112
