0 0.015364583333333333 0.025925925925925925 0.0296875 0.016666666666666666
0 0.023697916666666666 0.008333333333333333 0.024479166666666666 0.016666666666666666
0 0.0796875 0.09722222222222222 0.016666666666666666 0.03148148148148148
0 0.09817708333333333 0.09444444444444444 0.013020833333333334 0.02962962962962963
0 0.53359375 0.31157407407407406 0.0359375 0.032407407407407406
0 0.5421875 0.40185185185185185 0.022916666666666665 0.053703703703703705
0 0.52890625 0.5189814814814815 0.025520833333333333 0.062037037037037036
0 0.44088541666666664 0.4013888888888889 0.0390625 0.028703703703703703
0 0.44505208333333335 0.3736111111111111 0.043229166666666666 0.026851851851851852
0 0.4583333333333333 0.5587962962962963 0.04479166666666667 0.03796296296296296
0 0.3971354166666667 0.5671296296296297 0.0484375 0.04351851851851852
0 0.4752604166666667 0.6833333333333333 0.049479166666666664 0.046296296296296294
0 0.48385416666666664 0.7300925925925926 0.04895833333333333 0.04722222222222222
0 0.48463541666666665 0.7814814814814814 0.058854166666666666 0.05185185185185185
0 0.58984375 0.35185185185185186 0.04010416666666667 0.02962962962962963
0 0.6169270833333333 0.4388888888888889 0.0421875 0.03888888888888889
0 0.6278645833333333 0.46944444444444444 0.043229166666666666 0.04259259259259259
0 0.6356770833333333 0.5041666666666667 0.0421875 0.03981481481481482
0 0.65546875 0.5685185185185185 0.03697916666666667 0.04259259259259259
0 0.7716145833333333 0.5162037037037037 0.03802083333333333 0.06759259259259259
0 0.6119791666666666 0.6888888888888889 0.05416666666666667 0.044444444444444446
