4 0.20651041666666667 0.6453703703703704 0.1390625 0.1037037037037037
4 0.21953125 0.5972222222222222 0.11302083333333333 0.07407407407407407
4 0.309375 0.4583333333333333 0.03125 0.05555555555555555
4 0.29973958333333334 0.4203703703703704 0.027604166666666666 0.03888888888888889
4 0.23307291666666666 0.3425925925925926 0.0203125 0.024074074074074074
4 0.22734375 0.2986111111111111 0.0140625 0.023148148148148147
4 0.2955729166666667 0.32083333333333336 0.030729166666666665 0.019444444444444445
4 0.4200520833333333 0.3277777777777778 0.0203125 0.020370370370370372
4 0.43802083333333336 0.3189814814814815 0.023958333333333335 0.023148148148148147
4 0.44036458333333334 0.34444444444444444 0.019270833333333334 0.024074074074074074
4 0.3890625 0.36064814814814816 0.036458333333333336 0.028703703703703703
4 0.37526041666666665 0.3939814814814815 0.027604166666666666 0.03425925925925926
4 0.39765625 0.41574074074074074 0.0328125 0.040740740740740744
4 0.45703125 0.5027777777777778 0.044270833333333336 0.05740740740740741
4 0.425 0.44722222222222224 0.042708333333333334 0.05
