4 0.28463541666666664 0.11666666666666667 0.024479166666666666 0.022222222222222223
4 0.29244791666666664 0.2722222222222222 0.022395833333333334 0.022222222222222223
4 0.3578125 0.3037037037037037 0.021875 0.02962962962962963
4 0.36432291666666666 0.32314814814814813 0.019270833333333334 0.027777777777777776
4 0.371875 0.3435185185185185 0.020833333333333332 0.027777777777777776
4 0.4171875 0.4736111111111111 0.020833333333333332 0.030555555555555555
4 0.346875 0.46574074074074073 0.021875 0.02962962962962963
4 0.44557291666666665 0.5564814814814815 0.021354166666666667 0.03148148148148148
4 0.12135416666666667 0.5101851851851852 0.025 0.027777777777777776
4 0.07734375 0.5824074074074074 0.0265625 0.03333333333333333
4 0.096875 0.6462962962962963 0.025 0.03333333333333333
4 0.11223958333333334 0.6833333333333333 0.024479166666666666 0.03148148148148148
4 0.12005208333333334 0.7032407407407407 0.024479166666666666 0.032407407407407406
4 0.07291666666666667 0.6990740740740741 0.022916666666666665 0.02962962962962963
4 0.16432291666666668 0.8393518518518519 0.025520833333333333 0.03425925925925926
4 0.28020833333333334 0.9601851851851851 0.021875 0.024074074074074074
4 0.271875 0.9453703703703704 0.020833333333333332 0.03148148148148148
4 0.26067708333333334 0.912962962962963 0.022395833333333334 0.03333333333333333
4 0.21145833333333333 0.7597222222222222 0.021875 0.028703703703703703
4 0.2046875 0.7412037037037037 0.022916666666666665 0.028703703703703703
4 0.196875 0.7194444444444444 0.022916666666666665 0.03333333333333333
4 0.46901041666666665 0.7930555555555555 0.016145833333333335 0.026851851851851852
4 0.5143229166666666 0.8606481481481482 0.021354166666666667 0.017592592592592594
4 0.39947916666666666 0.625462962962963 0.01875 0.028703703703703703
4 0.6908854166666667 0.13518518518518519 0.0140625 0.03333333333333333
4 0.6854166666666667 0.20416666666666666 0.019791666666666666 0.026851851851851852
4 0.7041666666666667 0.4824074074074074 0.010416666666666666 0.03333333333333333
4 0.7033854166666667 0.5222222222222223 0.0109375 0.03888888888888889
4 0.6645833333333333 0.8013888888888889 0.01875 0.030555555555555555
4 0.6674479166666667 0.7305555555555555 0.018229166666666668 0.027777777777777776
4 0.6927083333333334 0.7337962962962963 0.010416666666666666 0.03796296296296296
