0 0.3111979166666667 0.325 0.0515625 0.05925925925925926
0 0.26015625 0.2814814814814815 0.0421875 0.05185185185185185
0 0.2171875 0.23981481481481481 0.041666666666666664 0.05185185185185185
0 0.17265625 0.19953703703703704 0.043229166666666666 0.04537037037037037
0 0.1390625 0.16296296296296298 0.034375 0.03888888888888889
0 0.3658854166666667 0.38287037037037036 0.050520833333333334 0.06944444444444445
0 0.50546875 0.5254629629629629 0.06822916666666666 0.08981481481481482
0 0.59609375 0.6013888888888889 0.08697916666666666 0.09722222222222222
0 0.6184895833333334 0.5208333333333334 0.04635416666666667 0.11018518518518519
0 0.52421875 0.4412037037037037 0.03697916666666667 0.10833333333333334
0 0.46875 0.4046296296296296 0.035416666666666666 0.09814814814814815
0 0.41458333333333336 0.3541666666666667 0.029166666666666667 0.0787037037037037
0 0.7028645833333333 0.39490740740740743 0.03697916666666667 0.07314814814814814
0 0.16302083333333334 0.7824074074074074 0.07708333333333334 0.1388888888888889
0 0.10286458333333333 0.6671296296296296 0.0640625 0.11388888888888889
0 0.04609375 0.5634259259259259 0.06302083333333333 0.10833333333333334
0 0.06666666666666667 0.8069444444444445 0.10833333333333334 0.10462962962962963
0 0.3690104166666667 0.31527777777777777 0.030729166666666665 0.07685185185185185
0 0.09609375 0.08425925925925926 0.03177083333333333 0.046296296296296294
0 0.06328125 0.09074074074074075 0.027604166666666666 0.03518518518518519
0 0.03723958333333333 0.09907407407407408 0.030729166666666665 0.03148148148148148
0 0.15911458333333334 0.14166666666666666 0.033854166666666664 0.04259259259259259
0 0.11458333333333333 0.07407407407407407 0.029166666666666667 0.03888888888888889
0 0.13828125 0.06712962962962964 0.019270833333333334 0.03611111111111111
0 0.1671875 0.07592592592592592 0.025 0.037037037037037035
0 0.24401041666666667 0.09027777777777778 0.0328125 0.04351851851851852
0 0.29244791666666664 0.1087962962962963 0.0359375 0.03981481481481482
0 0.23098958333333333 0.07824074074074074 0.03177083333333333 0.03611111111111111
0 0.21588541666666666 0.0699074074074074 0.0296875 0.03796296296296296
0 0.37552083333333336 0.18472222222222223 0.0375 0.05277777777777778
0 0.3578125 0.16944444444444445 0.03958333333333333 0.04259259259259259
0 0.590625 0.4060185185185185 0.05 0.06574074074074074
0 0.5736979166666667 0.47453703703703703 0.04114583333333333 0.09907407407407408
0 0.59765625 0.3486111111111111 0.059895833333333336 0.07685185185185185
0 0.6114583333333333 0.32731481481481484 0.06041666666666667 0.06759259259259259
0 0.6169270833333333 0.29259259259259257 0.058854166666666666 0.06296296296296296
0 0.69375 0.5796296296296296 0.04375 0.1259259259259259
0 0.33489583333333334 0.2759259259259259 0.046875 0.053703703703703705
0 0.31328125 0.24537037037037038 0.034895833333333334 0.05185185185185185
0 0.28489583333333335 0.24166666666666667 0.03958333333333333 0.044444444444444446
0 0.2526041666666667 0.21157407407407408 0.03333333333333333 0.049074074074074076
0 0.23125 0.19212962962962962 0.04375 0.04722222222222222
0 0.20442708333333334 0.15833333333333333 0.044270833333333336 0.04814814814814815
0 0.18229166666666666 0.1310185185185185 0.0375 0.049074074074074076
0 0.04088541666666667 0.06712962962962964 0.0296875 0.03796296296296296
0 0.015364583333333333 0.4810185185185185 0.030729166666666665 0.08425925925925926
0 0.24296875 0.9023148148148148 0.0828125 0.13055555555555556
0 0.11380208333333333 0.9319444444444445 0.1265625 0.08055555555555556
0 0.69375 0.6949074074074074 0.07083333333333333 0.10833333333333334
0 0.009635416666666667 0.07268518518518519 0.019270833333333334 0.03796296296296296
0 0.013541666666666667 0.611574074074074 0.026041666666666668 0.0787037037037037
