0 0.2713541666666667 0.44722222222222224 0.0020833333333333333 0.003703703703703704
0 0.27630208333333334 0.4449074074074074 0.0026041666666666665 0.002777777777777778
0 0.27708333333333335 0.45185185185185184 0.0020833333333333333 0.003703703703703704
0 0.2721354166666667 0.4564814814814815 0.0015625 0.003703703703703704
0 0.271875 0.4625 0.0020833333333333333 0.004629629629629629
0 0.271875 0.4777777777777778 0.0020833333333333333 0.003703703703703704
0 0.2721354166666667 0.4828703703703704 0.0015625 0.004629629629629629
0 0.27447916666666666 0.48703703703703705 0.0020833333333333333 0.003703703703703704
0 0.27265625 0.4962962962962963 0.0026041666666666665 0.005555555555555556
0 0.27838541666666666 0.46296296296296297 0.0026041666666666665 0.005555555555555556
0 0.28020833333333334 0.4550925925925926 0.0020833333333333333 0.004629629629629629
0 0.28177083333333336 0.4615740740740741 0.0020833333333333333 0.002777777777777778
0 0.28020833333333334 0.4722222222222222 0.0020833333333333333 0.001851851851851852
0 0.2799479166666667 0.47638888888888886 0.0026041666666666665 0.002777777777777778
0 0.28098958333333335 0.48194444444444445 0.0026041666666666665 0.004629629629629629
0 0.2833333333333333 0.47638888888888886 0.0020833333333333333 0.002777777777777778
0 0.27708333333333335 0.5638888888888889 0.0020833333333333333 0.005555555555555556
0 0.27786458333333336 0.5875 0.0036458333333333334 0.010185185185185186
0 0.27760416666666665 0.6064814814814815 0.004166666666666667 0.011111111111111112
0 0.2908854166666667 0.5509259259259259 0.0036458333333333334 0.007407407407407408
0 0.28359375 0.575462962962963 0.0026041666666666665 0.008333333333333333
0 0.2760416666666667 0.6324074074074074 0.005208333333333333 0.014814814814814815
0 0.2760416666666667 0.6523148148148148 0.005208333333333333 0.013888888888888888
0 0.26067708333333334 0.7134259259259259 0.009895833333333333 0.017592592592592594
0 0.27421875 0.7046296296296296 0.005729166666666666 0.016666666666666666
0 0.2890625 0.7125 0.00625 0.019444444444444445
0 0.2747395833333333 0.7652777777777777 0.0067708333333333336 0.021296296296296296
0 0.2830729166666667 0.7662037037037037 0.0067708333333333336 0.021296296296296296
0 0.29375 0.7828703703703703 0.008333333333333333 0.026851851851851852
0 0.29765625 0.8194444444444444 0.008854166666666666 0.02962962962962963
0 0.2994791666666667 0.8638888888888889 0.009375 0.03148148148148148
0 0.3028645833333333 0.9 0.008854166666666666 0.03518518518518519
0 0.2911458333333333 0.9162037037037037 0.009375 0.03425925925925926
0 0.28046875 0.9115740740740741 0.008854166666666666 0.03425925925925926
0 0.30885416666666665 0.9555555555555556 0.0125 0.03148148148148148
0 0.22760416666666666 0.7824074074074074 0.010416666666666666 0.020370370370370372
0 0.21354166666666666 0.9217592592592593 0.007291666666666667 0.026851851851851852
0 0.33984375 0.7972222222222223 0.0109375 0.025925925925925925
0 0.6890625 0.45046296296296295 0.03125 0.021296296296296296
0 0.6653645833333334 0.44675925925925924 0.013020833333333334 0.03611111111111111
0 0.6234375 0.45601851851851855 0.0125 0.03611111111111111
0 0.6088541666666667 0.4564814814814815 0.0125 0.03148148148148148
0 0.5955729166666667 0.4634259259259259 0.0109375 0.032407407407407406
0 0.5809895833333333 0.4708333333333333 0.013020833333333334 0.030555555555555555
0 0.56640625 0.4810185185185185 0.013020833333333334 0.030555555555555555
0 0.5434895833333333 0.5032407407407408 0.015104166666666667 0.030555555555555555
0 0.5221354166666666 0.5310185185185186 0.013020833333333334 0.025
0 0.5544270833333333 0.4324074074074074 0.0140625 0.024074074074074074
0 0.5239583333333333 0.4703703703703704 0.014583333333333334 0.018518518518518517
0 0.5125 0.4615740740740741 0.010416666666666666 0.023148148148148147
0 0.5125 0.4935185185185185 0.014583333333333334 0.025925925925925925
0 0.49895833333333334 0.48703703703703705 0.014583333333333334 0.027777777777777776
0 0.4734375 0.4810185185185185 0.011458333333333333 0.023148148148148147
0 0.46848958333333335 0.4787037037037037 0.0109375 0.020370370370370372
0 0.4622395833333333 0.4787037037037037 0.0109375 0.020370370370370372
0 0.45807291666666666 0.47314814814814815 0.013020833333333334 0.022222222222222223
0 0.45416666666666666 0.4703703703703704 0.011458333333333333 0.020370370370370372
0 0.4510416666666667 0.4675925925925926 0.011458333333333333 0.020370370370370372
0 0.446875 0.46805555555555556 0.011458333333333333 0.019444444444444445
0 0.4427083333333333 0.46620370370370373 0.011458333333333333 0.019444444444444445
0 0.43802083333333336 0.4597222222222222 0.010416666666666666 0.019444444444444445
0 0.434375 0.4601851851851852 0.010416666666666666 0.018518518518518517
0 0.41770833333333335 0.42083333333333334 0.00625 0.008333333333333333
0 0.4234375 0.42314814814814816 0.007291666666666667 0.009259259259259259
0 0.42890625 0.4564814814814815 0.0078125 0.016666666666666666
0 0.5127604166666667 0.36666666666666664 0.0067708333333333336 0.022222222222222223
0 0.5091145833333334 0.3648148148148148 0.0078125 0.020370370370370372
0 0.5036458333333333 0.3699074074074074 0.008333333333333333 0.01574074074074074
0 0.49895833333333334 0.37222222222222223 0.009375 0.018518518518518517
0 0.46796875 0.40046296296296297 0.008854166666666666 0.013888888888888888
0 0.4708333333333333 0.4013888888888889 0.009375 0.019444444444444445
0 0.46588541666666666 0.3972222222222222 0.0109375 0.016666666666666666
0 0.46197916666666666 0.3990740740740741 0.009375 0.016666666666666666
0 0.45338541666666665 0.3824074074074074 0.008854166666666666 0.011111111111111112
0 0.44375 0.3851851851851852 0.008333333333333333 0.007407407407407408
0 0.4239583333333333 0.3768518518518518 0.00625 0.009259259259259259
0 0.40677083333333336 0.38564814814814813 0.00625 0.013888888888888888
0 0.4088541666666667 0.4398148148148148 0.00625 0.011111111111111112
0 0.4041666666666667 0.38472222222222224 0.00625 0.013888888888888888
0 0.403125 0.38333333333333336 0.00625 0.012962962962962963
0 0.4140625 0.3638888888888889 0.004166666666666667 0.011111111111111112
0 0.4125 0.3648148148148148 0.00625 0.012962962962962963
0 0.40989583333333335 0.3648148148148148 0.005208333333333333 0.012962962962962963
0 0.378125 0.3560185185185185 0.004166666666666667 0.008333333333333333
0 0.37578125 0.3574074074074074 0.0036458333333333334 0.009259259259259259
0 0.36875 0.36064814814814816 0.005208333333333333 0.008333333333333333
0 0.3671875 0.36203703703703705 0.004166666666666667 0.009259259259259259
0 0.36484375 0.36435185185185187 0.005729166666666666 0.006481481481481481
0 0.3614583333333333 0.36527777777777776 0.004166666666666667 0.008333333333333333
0 0.35989583333333336 0.35555555555555557 0.003125 0.007407407407407408
0 0.3502604166666667 0.36203703703703705 0.0026041666666666665 0.007407407407407408
0 0.3458333333333333 0.36527777777777776 0.003125 0.004629629629629629
