0 0.10390625 0.4287037037037037 0.013020833333333334 0.016666666666666666
0 0.15833333333333333 0.5074074074074074 0.022916666666666665 0.025925925925925925
0 0.17109375 0.5217592592592593 0.0265625 0.025
0 0.19348958333333333 0.5268518518518519 0.0234375 0.027777777777777776
0 0.221875 0.5263888888888889 0.023958333333333335 0.026851851851851852
0 0.24453125 0.5236111111111111 0.0203125 0.026851851851851852
0 0.26848958333333334 0.5212962962962963 0.016145833333333335 0.025925925925925925
0 0.29140625 0.5125 0.015104166666666667 0.028703703703703703
0 0.2716145833333333 0.5972222222222222 0.044270833333333336 0.03888888888888889
0 0.3015625 0.5708333333333333 0.042708333333333334 0.032407407407407406
0 0.34270833333333334 0.55 0.03958333333333333 0.03148148148148148
0 0.47578125 0.44722222222222224 0.022395833333333334 0.022222222222222223
0 0.278125 0.6680555555555555 0.04583333333333333 0.05277777777777778
0 0.31979166666666664 0.7328703703703704 0.052083333333333336 0.06388888888888888
0 0.047135416666666666 0.4708333333333333 0.0140625 0.021296296296296296
0 0.055989583333333336 0.5037037037037037 0.0171875 0.024074074074074074
0 0.06145833333333333 0.5263888888888889 0.020833333333333332 0.028703703703703703
0 0.07317708333333334 0.5453703703703704 0.0234375 0.03333333333333333
0 0.07760416666666667 0.5810185185185185 0.026041666666666668 0.03981481481481482
0 0.09817708333333333 0.6625 0.03177083333333333 0.04537037037037037
0 0.18411458333333333 0.9208333333333333 0.058854166666666666 0.09166666666666666
0 0.50078125 0.9486111111111111 0.07447916666666667 0.04722222222222222
0 0.6684895833333333 0.7138888888888889 0.0734375 0.06666666666666667
