4 0.24322916666666666 0.6416666666666667 0.036458333333333336 0.10925925925925926
4 0.3515625 0.7768518518518519 0.03333333333333333 0.1425925925925926
4 0.31223958333333335 0.7888888888888889 0.030729166666666665 0.14074074074074075
4 0.353125 0.5944444444444444 0.025 0.1
4 0.4869791666666667 0.8106481481481481 0.03958333333333333 0.1398148148148148
4 0.43385416666666665 0.6425925925925926 0.030208333333333334 0.1037037037037037
4 0.475 0.6300925925925925 0.03125 0.10092592592592593
4 0.44036458333333334 0.812962962962963 0.034895833333333334 0.13148148148148148
4 0.55 0.462037037037037 0.030208333333333334 0.08148148148148149
4 0.6466145833333333 0.7296296296296296 0.05677083333333333 0.12037037037037036
4 0.6671875 0.49444444444444446 0.03958333333333333 0.08518518518518518
4 0.45260416666666664 0.11666666666666667 0.04375 0.04259259259259259
4 0.3888020833333333 0.15 0.044270833333333336 0.03888888888888889
4 0.27578125 0.1537037037037037 0.0453125 0.03888888888888889
4 0.39401041666666664 0.08194444444444444 0.04010416666666667 0.03425925925925926
4 0.315625 0.03888888888888889 0.04375 0.03148148148148148
4 0.46067708333333335 0.04953703703703704 0.044270833333333336 0.03425925925925926
4 0.5184895833333333 0.15462962962962962 0.043229166666666666 0.03148148148148148
4 0.30963541666666666 0.6125 0.0265625 0.10833333333333334
4 0.6885416666666667 0.6337962962962963 0.0625 0.12129629629629629
4 0.01171875 0.11064814814814815 0.0234375 0.032407407407407406
4 0.008072916666666667 0.18796296296296297 0.016145833333333335 0.03518518518518519
4 0.71640625 0.49907407407407406 0.025520833333333333 0.1
4 0.13958333333333334 0.9449074074074074 0.030208333333333334 0.049074074074074076
