4 0.9236979166666667 1.0407407407407407 0.0546875 0.04259259259259259
4 0.9354166666666667 1.2087962962962964 0.046875 0.07314814814814814
4 0.8893229166666666 1.200925925925926 0.0421875 0.07592592592592592
4 0.86328125 1.0430555555555556 0.049479166666666664 0.03981481481481482
4 0.8268229166666666 1.2032407407407408 0.05572916666666667 0.06018518518518518
4 0.7403645833333333 1.2055555555555555 0.0546875 0.07592592592592592
4 0.7588541666666667 1.052314814814815 0.04895833333333333 0.058333333333333334
4 0.70390625 1.0412037037037036 0.04739583333333333 0.04537037037037037
4 0.6190104166666667 1.05 0.0421875 0.05
4 0.57578125 1.049074074074074 0.0453125 0.04814814814814815
4 0.5338541666666666 1.0486111111111112 0.041666666666666664 0.05462962962962963
4 0.51015625 1.2199074074074074 0.0546875 0.04537037037037037
4 0.47760416666666666 1.0472222222222223 0.04479166666666667 0.05185185185185185
4 0.4609375 1.0888888888888888 0.05 0.044444444444444446
4 0.42265625 1.048148148148148 0.034895833333333334 0.05740740740740741
4 0.3802083333333333 1.0486111111111112 0.03229166666666667 0.058333333333333334
4 0.31328125 1.0546296296296296 0.0328125 0.05555555555555555
4 0.2986979166666667 1.2060185185185186 0.05364583333333333 0.07314814814814814
4 0.2265625 1.049074074074074 0.036458333333333336 0.053703703703703705
4 0.1765625 1.0462962962962963 0.0375 0.04814814814814815
4 0.13723958333333333 1.0574074074074074 0.034895833333333334 0.05555555555555555
4 0.146875 1.2027777777777777 0.06041666666666667 0.05555555555555555
4 0.02578125 1.1703703703703703 0.0515625 0.06666666666666667
4 0.025 0.9972222222222222 0.036458333333333336 0.053703703703703705
4 0.07786458333333333 1.0087962962962962 0.030729166666666665 0.03425925925925926
