0 0.09791666666666667 0.04027777777777778 0.008333333333333333 0.01574074074074074
0 0.1640625 0.007407407407407408 0.011458333333333333 0.012962962962962963
0 0.12083333333333333 0.02962962962962963 0.010416666666666666 0.014814814814814815
0 0.008072916666666667 0.49907407407407406 0.011979166666666667 0.02962962962962963
0 0.017708333333333333 0.4981481481481482 0.0125 0.03148148148148148
0 0.026822916666666665 0.5 0.011979166666666667 0.02962962962962963
0 0.04479166666666667 0.4962962962962963 0.011458333333333333 0.027777777777777776
0 0.0546875 0.4912037037037037 0.011458333333333333 0.028703703703703703
0 0.075 0.48935185185185187 0.010416666666666666 0.028703703703703703
0 0.0640625 0.49166666666666664 0.011458333333333333 0.02962962962962963
0 0.08828125 0.48703703703703705 0.009895833333333333 0.027777777777777776
0 0.09817708333333333 0.48703703703703705 0.008854166666666666 0.02962962962962963
0 0.11041666666666666 0.48564814814814816 0.010416666666666666 0.030555555555555555
0 0.0640625 0.5537037037037037 0.011458333333333333 0.03148148148148148
0 0.09270833333333334 0.549537037037037 0.011458333333333333 0.030555555555555555
0 0.1015625 0.549074074074074 0.010416666666666666 0.03148148148148148
0 0.08359375 0.5509259259259259 0.0109375 0.02962962962962963
0 0.07291666666666667 0.5513888888888889 0.0125 0.032407407407407406
0 0.04973958333333333 0.5861111111111111 0.011979166666666667 0.03148148148148148
0 0.021614583333333333 0.5893518518518519 0.011979166666666667 0.032407407407407406
0 0.016145833333333335 0.5587962962962963 0.0125 0.030555555555555555
0 0.026041666666666668 0.5555555555555556 0.011458333333333333 0.022222222222222223
0 0.03046875 0.5907407407407408 0.011979166666666667 0.03148148148148148
0 0.011458333333333333 0.5921296296296297 0.0125 0.03425925925925926
0 0.004427083333333333 0.5912037037037037 0.008854166666666666 0.032407407407407406
0 0.021614583333333333 0.6606481481481481 0.013020833333333334 0.03611111111111111
0 0.03463541666666667 0.6606481481481481 0.011979166666666667 0.032407407407407406
0 0.04583333333333333 0.6583333333333333 0.013541666666666667 0.03518518518518519
0 0.057291666666666664 0.6583333333333333 0.014583333333333334 0.03518518518518519
0 0.054427083333333334 0.7 0.011979166666666667 0.037037037037037035
0 0.08151041666666667 0.6532407407407408 0.011979166666666667 0.03611111111111111
0 0.071875 0.7708333333333334 0.0125 0.03796296296296296
0 0.047135416666666666 0.7699074074074074 0.0140625 0.03796296296296296
0 0.03515625 0.7699074074074074 0.0140625 0.03425925925925926
0 0.009635416666666667 0.7787037037037037 0.015104166666666667 0.03518518518518519
0 0.26067708333333334 0.03009259259259259 0.005729166666666666 0.019444444444444445
0 0.26197916666666665 0.10277777777777777 0.0125 0.014814814814814815
0 0.28072916666666664 0.10092592592592593 0.014583333333333334 0.012962962962962963
0 0.2682291666666667 0.15833333333333333 0.0125 0.022222222222222223
0 0.2747395833333333 0.18194444444444444 0.0067708333333333336 0.023148148148148147
0 0.2734375 0.26157407407407407 0.007291666666666667 0.023148148148148147
0 0.2955729166666667 0.21481481481481482 0.0067708333333333336 0.024074074074074074
0 0.27395833333333336 0.2351851851851852 0.007291666666666667 0.024074074074074074
0 0.2981770833333333 0.29305555555555557 0.0078125 0.025
0 0.2747395833333333 0.28703703703703703 0.0078125 0.025925925925925925
0 0.29739583333333336 0.34814814814814815 0.007291666666666667 0.024074074074074074
0 0.2994791666666667 0.38796296296296295 0.017708333333333333 0.016666666666666666
0 0.2747395833333333 0.5166666666666667 0.019270833333333334 0.016666666666666666
0 0.2721354166666667 0.5837962962962963 0.018229166666666668 0.01574074074074074
0 0.27578125 0.6240740740740741 0.018229166666666668 0.016666666666666666
0 0.35885416666666664 0.637962962962963 0.010416666666666666 0.03518518518518519
0 0.34791666666666665 0.6375 0.008333333333333333 0.03611111111111111
0 0.33697916666666666 0.6412037037037037 0.009375 0.03425925925925926
0 0.32447916666666665 0.6064814814814815 0.008333333333333333 0.03148148148148148
0 0.3346354166666667 0.6046296296296296 0.008854166666666666 0.03333333333333333
0 0.34661458333333334 0.600462962962963 0.008854166666666666 0.032407407407407406
0 0.34348958333333335 0.5273148148148148 0.008854166666666666 0.032407407407407406
0 0.32421875 0.5324074074074074 0.008854166666666666 0.03148148148148148
0 0.321875 0.5 0.009375 0.03148148148148148
0 0.3221354166666667 0.4064814814814815 0.0067708333333333336 0.025925925925925925
0 0.32057291666666665 0.38472222222222224 0.016145833333333335 0.01574074074074074
0 0.321875 0.23703703703703705 0.00625 0.022222222222222223
0 0.3145833333333333 0.12962962962962962 0.013541666666666667 0.014814814814814815
0 0.35234375 0.0125 0.013020833333333334 0.012037037037037037
0 0.35208333333333336 0.022222222222222223 0.011458333333333333 0.011111111111111112
0 0.39947916666666666 0.11064814814814815 0.014583333333333334 0.01574074074074074
0 0.43828125 0.10601851851851851 0.013020833333333334 0.012037037037037037
0 0.575 0.23472222222222222 0.016666666666666666 0.01574074074074074
0 0.578125 0.2462962962962963 0.016666666666666666 0.014814814814814815
0 0.5807291666666666 0.2587962962962963 0.016666666666666666 0.01574074074074074
0 0.590625 0.27824074074074073 0.016666666666666666 0.013888888888888888
0 0.590625 0.3013888888888889 0.016666666666666666 0.013888888888888888
0 0.59375 0.3143518518518518 0.017708333333333333 0.01574074074074074
0 0.6010416666666667 0.3476851851851852 0.01875 0.01574074074074074
0 0.6098958333333333 0.39537037037037037 0.01875 0.014814814814814815
0 0.6127604166666667 0.4356481481481482 0.0171875 0.026851851851851852
0 0.5901041666666667 0.44212962962962965 0.0125 0.028703703703703703
0 0.58125 0.44305555555555554 0.011458333333333333 0.028703703703703703
0 0.5958333333333333 0.4671296296296296 0.019791666666666666 0.01574074074074074
0 0.596875 0.4810185185185185 0.016666666666666666 0.013888888888888888
0 0.5997395833333333 0.49722222222222223 0.019270833333333334 0.014814814814814815
0 0.5692708333333333 0.39675925925925926 0.016666666666666666 0.013888888888888888
0 0.609375 0.5509259259259259 0.019791666666666666 0.014814814814814815
0 0.6221354166666667 0.6421296296296296 0.022395833333333334 0.017592592592592594
0 0.625 0.6625 0.020833333333333332 0.017592592592592594
0 0.6291666666666667 0.6842592592592592 0.020833333333333332 0.016666666666666666
0 0.5869791666666667 0.6537037037037037 0.017708333333333333 0.018518518518518517
0 0.5880208333333333 0.6722222222222223 0.021875 0.022222222222222223
0 0.59296875 0.6921296296296297 0.021354166666666667 0.017592592592592594
0 0.609375 0.700925925925926 0.011458333333333333 0.037037037037037035
0 0.44505208333333335 0.2074074074074074 0.015104166666666667 0.014814814814814815
0 0.4484375 0.23657407407407408 0.015625 0.01574074074074074
0 0.4596354166666667 0.3 0.016145833333333335 0.014814814814814815
0 0.4036458333333333 0.2967592592592593 0.013541666666666667 0.01574074074074074
0 0.46484375 0.3726851851851852 0.018229166666666668 0.017592592592592594
0 0.4671875 0.4027777777777778 0.015625 0.014814814814814815
0 0.4705729166666667 0.42962962962962964 0.0171875 0.014814814814814815
0 0.4703125 0.4449074074074074 0.017708333333333333 0.01574074074074074
0 0.47265625 0.46111111111111114 0.018229166666666668 0.014814814814814815
0 0.45026041666666666 0.5208333333333334 0.0171875 0.01574074074074074
0 0.45234375 0.538425925925926 0.0203125 0.01574074074074074
0 0.4817708333333333 0.5064814814814815 0.01875 0.014814814814814815
0 0.4544270833333333 0.5587962962962963 0.018229166666666668 0.017592592592592594
0 0.45364583333333336 0.5763888888888888 0.01875 0.01574074074074074
0 0.45598958333333334 0.5944444444444444 0.018229166666666668 0.016666666666666666
0 0.6658854166666667 0.09861111111111111 0.0140625 0.012037037037037037
0 0.66953125 0.11157407407407408 0.0171875 0.012037037037037037
0 0.67265625 0.12314814814814815 0.0171875 0.012962962962962963
0 0.67578125 0.13472222222222222 0.0171875 0.01574074074074074
0 0.6864583333333333 0.16805555555555557 0.01875 0.013888888888888888
0 0.68984375 0.17777777777777778 0.018229166666666668 0.014814814814814815
0 0.6919270833333333 0.1875 0.0140625 0.013888888888888888
0 0.69765625 0.20046296296296295 0.016145833333333335 0.013888888888888888
0 0.7252604166666666 0.30092592592592593 0.0078125 0.014814814814814815
