4 0.7057291666666666 0.6981481481481482 0.046875 0.05
4 0.26328125 0.4537037037037037 0.022395833333333334 0.053703703703703705
4 0.3065104166666667 0.3675925925925926 0.0203125 0.05
4 0.39166666666666666 0.3675925925925926 0.016666666666666666 0.053703703703703705
4 0.38697916666666665 0.25046296296296294 0.017708333333333333 0.05277777777777778
4 0.40703125 0.2875 0.015104166666666667 0.041666666666666664
4 0.35078125 0.14351851851851852 0.0171875 0.037037037037037035
4 0.4203125 0.21157407407407408 0.019791666666666666 0.041666666666666664
4 0.4354166666666667 0.16620370370370371 0.016666666666666666 0.03796296296296296
4 0.40572916666666664 0.08472222222222223 0.014583333333333334 0.03425925925925926
4 0.378125 0.026851851851851852 0.015625 0.025925925925925925
4 0.471875 0.08703703703703704 0.021875 0.03148148148148148
4 0.49921875 0.05740740740740741 0.024479166666666666 0.03333333333333333
