4 0.34661458333333334 0.7486111111111111 0.0859375 0.14166666666666666
4 0.5453125 0.8134259259259259 0.07083333333333333 0.13240740740740742
4 0.3796875 0.5041666666666667 0.05416666666666667 0.06018518518518518
4 0.43046875 0.44583333333333336 0.05260416666666667 0.04537037037037037
4 0.4421875 0.4305555555555556 0.052083333333333336 0.05
4 0.42291666666666666 0.3726851851851852 0.034375 0.030555555555555555
4 0.5005208333333333 0.387037037037037 0.03333333333333333 0.03333333333333333
4 0.5158854166666667 0.3685185185185185 0.0421875 0.03333333333333333
4 0.55625 0.3351851851851852 0.027083333333333334 0.025925925925925925
4 0.5752604166666667 0.3125 0.033854166666666664 0.025
4 0.6098958333333333 0.2777777777777778 0.028125 0.020370370370370372
4 0.6190104166666667 0.2726851851851852 0.025520833333333333 0.019444444444444445
4 0.6260416666666667 0.27037037037037037 0.016666666666666666 0.014814814814814815
4 0.67265625 0.2851851851851852 0.011979166666666667 0.022222222222222223
4 0.6432291666666666 0.32222222222222224 0.016666666666666666 0.024074074074074074
4 0.6075520833333333 0.3199074074074074 0.0171875 0.026851851851851852
4 0.49661458333333336 0.9324074074074075 0.07447916666666667 0.07962962962962963
