0 0.14583333333333334 0.42407407407407405 0.027083333333333334 0.03888888888888889
0 0.4640625 0.3458333333333333 0.027083333333333334 0.019444444444444445
0 0.46041666666666664 0.3189814814814815 0.0375 0.028703703703703703
0 0.4231770833333333 0.2537037037037037 0.027604166666666666 0.037037037037037035
0 0.48776041666666664 0.18518518518518517 0.0203125 0.037037037037037035
0 0.3768229166666667 0.20277777777777778 0.0234375 0.03333333333333333
0 0.39765625 0.1111111111111111 0.0140625 0.025925925925925925
0 0.41432291666666665 0.12037037037037036 0.0109375 0.025925925925925925
0 0.43125 0.12731481481481483 0.011458333333333333 0.028703703703703703
0 0.4513020833333333 0.13148148148148148 0.019270833333333334 0.03148148148148148
0 0.46510416666666665 0.14675925925925926 0.01875 0.026851851851851852
0 0.2911458333333333 0.11944444444444445 0.013541666666666667 0.024074074074074074
0 0.5536458333333333 0.32685185185185184 0.029166666666666667 0.03888888888888889
