4 0.45364583333333336 0.7078703703703704 0.05520833333333333 0.125
4 0.3890625 0.7694444444444445 0.065625 0.19444444444444445
4 0.22838541666666667 0.6074074074074074 0.10052083333333334 0.06851851851851852
4 0.18854166666666666 0.7277777777777777 0.11041666666666666 0.10925925925925926
4 0.20625 0.787962962962963 0.12708333333333333 0.1425925925925926
4 0.44765625 0.5810185185185185 0.04114583333333333 0.0787037037037037
4 0.6138020833333333 0.7083333333333334 0.08177083333333333 0.11851851851851852
4 0.6479166666666667 0.6138888888888889 0.11041666666666666 0.08148148148148149
4 0.6325520833333333 0.5699074074074074 0.09635416666666667 0.06574074074074074
4 0.6067708333333334 0.5458333333333333 0.08541666666666667 0.062037037037037036
4 0.5791666666666667 0.5208333333333334 0.0875 0.05277777777777778
4 0.57265625 0.49675925925925923 0.0765625 0.06018518518518518
4 0.5276041666666667 0.42824074074074076 0.0625 0.03611111111111111
4 0.4244791666666667 0.45555555555555555 0.034375 0.04814814814814815
4 0.3953125 0.5421296296296296 0.0375 0.06759259259259259
4 0.39609375 0.4689814814814815 0.0296875 0.058333333333333334
4 0.32578125 0.5101851851851852 0.0359375 0.06481481481481481
4 0.3299479166666667 0.4666666666666667 0.025520833333333333 0.04259259259259259
4 0.33046875 0.4305555555555556 0.024479166666666666 0.044444444444444446
4 0.33880208333333334 0.35509259259259257 0.019270833333333334 0.03611111111111111
4 0.3841145833333333 0.37916666666666665 0.019270833333333334 0.03611111111111111
4 0.38125 0.325 0.016666666666666666 0.02962962962962963
4 0.5177083333333333 0.4115740740740741 0.052083333333333336 0.03611111111111111
4 0.49140625 0.37824074074074077 0.0484375 0.032407407407407406
4 0.47890625 0.3638888888888889 0.0421875 0.02962962962962963
4 0.4630208333333333 0.3375 0.03229166666666667 0.026851851851851852
4 0.4515625 0.3212962962962963 0.03125 0.022222222222222223
4 0.44088541666666664 0.31574074074074077 0.027604166666666666 0.022222222222222223
4 0.390625 0.30324074074074076 0.01875 0.023148148148148147
4 0.058333333333333334 0.9319444444444445 0.1125 0.08055555555555556
