0 0.5205729166666667 0.7981481481481482 0.08697916666666666 0.28703703703703703
0 0.14453125 0.8342592592592593 0.15677083333333333 0.13703703703703704
0 0.18255208333333334 0.5328703703703703 0.11822916666666666 0.09166666666666666
0 0.37916666666666665 0.8527777777777777 0.078125 0.2388888888888889
0 0.18984375 0.38564814814814813 0.10260416666666666 0.0712962962962963
0 0.20208333333333334 0.3212962962962963 0.09375 0.07222222222222222
0 0.2015625 0.2671296296296296 0.0875 0.06388888888888888
0 0.20963541666666666 0.22037037037037038 0.07239583333333334 0.05185185185185185
0 0.21276041666666667 0.17777777777777778 0.07239583333333334 0.053703703703703705
0 0.2171875 0.1412037037037037 0.07916666666666666 0.05648148148148148
0 0.35234375 0.4449074074074074 0.0546875 0.1787037037037037
0 0.4901041666666667 0.3138888888888889 0.05 0.13703703703703704
