4 0.27838541666666666 0.687962962962963 0.011979166666666667 0.040740740740740744
4 0.24713541666666666 0.5351851851851852 0.0109375 0.027777777777777776
4 0.28567708333333336 0.3611111111111111 0.0078125 0.018518518518518517
4 0.27057291666666666 0.3365740740740741 0.0067708333333333336 0.017592592592592594
4 0.2833333333333333 0.3189814814814815 0.007291666666666667 0.01574074074074074
4 0.27708333333333335 0.2777777777777778 0.00625 0.012962962962962963
4 0.234375 0.31203703703703706 0.007291666666666667 0.012962962962962963
4 0.24661458333333333 0.29074074074074074 0.0067708333333333336 0.014814814814814815
4 0.25494791666666666 0.24814814814814815 0.005729166666666666 0.011111111111111112
4 0.24791666666666667 0.24259259259259258 0.00625 0.011111111111111112
4 0.25442708333333336 0.21435185185185185 0.005729166666666666 0.010185185185185186
4 0.29296875 0.2125 0.005729166666666666 0.010185185185185186
4 0.2635416666666667 0.2 0.005208333333333333 0.009259259259259259
4 0.25859375 0.1935185185185185 0.0046875 0.009259259259259259
4 0.26875 0.16435185185185186 0.004166666666666667 0.008333333333333333
4 0.2638020833333333 0.15324074074074073 0.0036458333333333334 0.008333333333333333
4 0.26979166666666665 0.14814814814814814 0.004166666666666667 0.007407407407407408
4 0.290625 0.1361111111111111 0.004166666666666667 0.009259259259259259
4 0.2953125 0.13564814814814816 0.004166666666666667 0.008333333333333333
4 0.29140625 0.11203703703703703 0.0036458333333333334 0.007407407407407408
