4 1.0190104166666667 0.8888888888888888 0.044270833333333336 0.06481481481481481
4 0.8138020833333334 0.8412037037037037 0.0703125 0.08611111111111111
4 0.6888020833333334 1.1231481481481482 0.1390625 0.13148148148148148
4 0.58984375 0.9712962962962963 0.10572916666666667 0.09074074074074075
4 0.2565104166666667 0.5958333333333333 0.0453125 0.032407407407407406
4 0.27708333333333335 0.5884259259259259 0.041666666666666664 0.032407407407407406
4 0.2994791666666667 0.5722222222222222 0.034375 0.024074074074074074
4 0.39296875 0.6421296296296296 0.043229166666666666 0.062037037037037036
4 0.3528645833333333 0.6189814814814815 0.04010416666666667 0.04722222222222222
4 0.3734375 0.5310185185185186 0.0375 0.025
4 0.3890625 0.5166666666666667 0.030208333333333334 0.02962962962962963
4 0.4393229166666667 0.49074074074074076 0.027604166666666666 0.027777777777777776
4 0.45755208333333336 0.48055555555555557 0.022395833333333334 0.022222222222222223
4 0.4666666666666667 0.47685185185185186 0.028125 0.025925925925925925
4 0.45729166666666665 0.5763888888888888 0.03125 0.03611111111111111
4 0.4546875 0.5398148148148149 0.027083333333333334 0.02962962962962963
4 0.5005208333333333 0.5023148148148148 0.023958333333333335 0.032407407407407406
4 0.6552083333333333 0.5222222222222223 0.01875 0.025925925925925925
4 0.6794270833333333 0.449537037037037 0.018229166666666668 0.017592592592592594
4 0.5671875 0.48055555555555557 0.016666666666666666 0.020370370370370372
4 0.5361979166666667 0.47638888888888886 0.016145833333333335 0.019444444444444445
4 0.5674479166666667 0.4527777777777778 0.013020833333333334 0.020370370370370372
4 0.584375 0.4708333333333333 0.015625 0.021296296296296296
4 0.5984375 0.42777777777777776 0.011458333333333333 0.016666666666666666
4 0.6067708333333334 0.42268518518518516 0.010416666666666666 0.013888888888888888
4 0.61640625 0.4166666666666667 0.008854166666666666 0.011111111111111112
4 0.6755208333333333 0.43148148148148147 0.016666666666666666 0.012962962962962963
4 0.6716145833333333 0.42407407407407405 0.0109375 0.012962962962962963
4 0.5096354166666667 0.4513888888888889 0.022395833333333334 0.017592592592592594
4 0.6372395833333333 0.399537037037037 0.0067708333333333336 0.010185185185185186
4 0.64140625 0.3962962962962963 0.0067708333333333336 0.009259259259259259
4 0.6463541666666667 0.3907407407407407 0.007291666666666667 0.009259259259259259
4 0.6544270833333333 0.38472222222222224 0.005729166666666666 0.010185185185185186
4 0.6572916666666667 0.3819444444444444 0.004166666666666667 0.008333333333333333
4 0.6606770833333333 0.38055555555555554 0.0046875 0.007407407407407408
4 0.671875 0.37175925925925923 0.004166666666666667 0.006481481481481481
4 0.6736979166666667 0.3699074074074074 0.0036458333333333334 0.008333333333333333
4 0.6755208333333333 0.3675925925925926 0.003125 0.005555555555555556
4 0.6776041666666667 0.3662037037037037 0.003125 0.006481481481481481
4 0.6924479166666667 0.36527777777777776 0.0046875 0.010185185185185186
4 0.6966145833333334 0.3597222222222222 0.0036458333333333334 0.006481481481481481
4 0.70625 0.35555555555555557 0.004166666666666667 0.007407407407407408
4 0.6986979166666667 0.37824074074074077 0.0067708333333333336 0.010185185185185186
4 0.6901041666666666 0.4083333333333333 0.013541666666666667 0.011111111111111112
4 0.684375 0.3611111111111111 0.004166666666666667 0.007407407407407408
