0 0.13541666666666666 0.5236111111111111 0.10729166666666666 0.09166666666666666
0 0.23333333333333334 0.43425925925925923 0.03333333333333333 0.044444444444444446
0 0.23880208333333333 0.38842592592592595 0.043229166666666666 0.025
0 0.28203125 0.39166666666666666 0.0359375 0.03888888888888889
0 0.40625 0.39537037037037037 0.028125 0.037037037037037035
0 0.36770833333333336 0.3875 0.03125 0.030555555555555555
0 0.41432291666666665 0.37083333333333335 0.021354166666666667 0.030555555555555555
0 0.4703125 0.34629629629629627 0.011458333333333333 0.014814814814814815
0 0.5078125 0.3402777777777778 0.011458333333333333 0.019444444444444445
0 0.4421875 0.35185185185185186 0.015625 0.020370370370370372
0 0.46640625 0.3365740740740741 0.008854166666666666 0.013888888888888888
0 0.47708333333333336 0.3194444444444444 0.009375 0.011111111111111112
0 0.06822916666666666 0.7069444444444445 0.13645833333333332 0.20833333333333334
0 0.5635416666666667 0.3458333333333333 0.017708333333333333 0.01574074074074074
0 0.6302083333333334 0.3574074074074074 0.026041666666666668 0.020370370370370372
0 0.6481770833333333 0.350462962962963 0.0265625 0.023148148148148147
