4 0.06953125 0.8643518518518518 0.08177083333333333 0.06018518518518518
4 0.2109375 0.33611111111111114 0.03333333333333333 0.11481481481481481
4 0.21979166666666666 0.1476851851851852 0.03125 0.10462962962962963
4 0.365625 0.09490740740740741 0.025 0.08425925925925926
4 0.46979166666666666 0.325 0.028125 0.1037037037037037
4 0.5763020833333333 0.30324074074074076 0.0515625 0.08425925925925926
4 0.5653645833333333 0.24814814814814815 0.0515625 0.07777777777777778
4 0.5854166666666667 0.3625 0.046875 0.06944444444444445
4 0.5638020833333334 0.44074074074074077 0.0515625 0.08148148148148149
4 0.4747395833333333 0.44675925925925924 0.030729166666666665 0.11018518518518519
4 0.46484375 0.1574074074074074 0.0265625 0.09259259259259259
4 0.5890625 0.8560185185185185 0.03854166666666667 0.13425925925925927
4 0.46380208333333334 0.05277777777777778 0.0234375 0.08518518518518518
