0 0.6736979166666667 0.8004629629629629 0.09114583333333333 0.0824074074074074
0 0.5002604166666667 0.6564814814814814 0.0359375 0.03333333333333333
0 0.44635416666666666 0.7041666666666667 0.052083333333333336 0.04722222222222222
0 0.4278645833333333 0.6476851851851851 0.03697916666666667 0.03611111111111111
0 0.3143229166666667 0.6685185185185185 0.022395833333333334 0.040740740740740744
0 0.34427083333333336 0.6615740740740741 0.020833333333333332 0.03796296296296296
0 0.33151041666666664 0.6328703703703704 0.018229166666666668 0.030555555555555555
0 0.3580729166666667 0.6203703703703703 0.0140625 0.027777777777777776
0 0.40234375 0.6268518518518519 0.015104166666666667 0.027777777777777776
0 0.40208333333333335 0.5995370370370371 0.0125 0.023148148148148147
0 0.38229166666666664 0.587037037037037 0.011458333333333333 0.020370370370370372
0 0.40130208333333334 0.575925925925926 0.008854166666666666 0.020370370370370372
0 0.40338541666666666 0.5597222222222222 0.0078125 0.01574074074074074
0 0.403125 0.55 0.007291666666666667 0.012962962962962963
0 0.3859375 0.5564814814814815 0.008333333333333333 0.012962962962962963
0 0.37265625 0.5370370370370371 0.0067708333333333336 0.009259259259259259
0 0.35494791666666664 0.5305555555555556 0.0067708333333333336 0.009259259259259259
0 0.39479166666666665 0.5300925925925926 0.00625 0.008333333333333333
0 0.3854166666666667 0.524074074074074 0.005208333333333333 0.007407407407407408
0 0.38958333333333334 0.5157407407407407 0.004166666666666667 0.007407407407407408
0 0.3776041666666667 0.5236111111111111 0.005208333333333333 0.008333333333333333
0 0.39947916666666666 0.49583333333333335 0.0020833333333333333 0.002777777777777778
0 0.3932291666666667 0.49675925925925923 0.0020833333333333333 0.002777777777777778
0 0.38697916666666665 0.49398148148148147 0.0020833333333333333 0.002777777777777778
0 0.39348958333333334 0.49212962962962964 0.0015625 0.002777777777777778
0 0.4127604166666667 0.49444444444444446 0.0026041666666666665 0.003703703703703704
0 0.42473958333333334 0.4976851851851852 0.0026041666666666665 0.002777777777777778
0 0.42630208333333336 0.5041666666666667 0.0036458333333333334 0.004629629629629629
0 0.4393229166666667 0.5106481481481482 0.0036458333333333334 0.006481481481481481
0 0.46458333333333335 0.5393518518518519 0.007291666666666667 0.010185185185185186
