4 0.17864583333333334 0.040740740740740744 0.0125 0.037037037037037035
4 0.18697916666666667 0.028703703703703703 0.009375 0.027777777777777776
4 0.21276041666666667 0.012037037037037037 0.011979166666666667 0.024074074074074074
4 0.20911458333333333 0.2037037037037037 0.008854166666666666 0.03333333333333333
4 0.051041666666666666 0.44351851851851853 0.019791666666666666 0.025925925925925925
4 0.053385416666666664 0.4671296296296296 0.018229166666666668 0.023148148148148147
4 0.09427083333333333 0.45185185185185184 0.022916666666666665 0.016666666666666666
4 0.09322916666666667 0.4726851851851852 0.019791666666666666 0.017592592592592594
4 0.14322916666666666 0.4564814814814815 0.010416666666666666 0.03518518518518519
4 0.030729166666666665 0.6069444444444444 0.023958333333333335 0.019444444444444445
4 0.046614583333333334 0.663425925925926 0.024479166666666666 0.017592592592592594
4 0.128125 0.6319444444444444 0.020833333333333332 0.017592592592592594
4 0.134375 0.7074074074074074 0.011458333333333333 0.03888888888888889
4 0.18098958333333334 0.7175925925925926 0.009895833333333333 0.03333333333333333
4 0.18125 0.7625 0.009375 0.03611111111111111
4 0.17317708333333334 0.8393518518518519 0.0109375 0.03796296296296296
4 0.22265625 0.7328703703703704 0.0203125 0.019444444444444445
4 0.21901041666666668 0.7736111111111111 0.019270833333333334 0.019444444444444445
4 0.21927083333333333 0.7921296296296296 0.020833333333333332 0.017592592592592594
4 0.215625 0.8111111111111111 0.021875 0.016666666666666666
4 0.21640625 0.8300925925925926 0.022395833333333334 0.017592592592592594
4 0.21588541666666666 0.8652777777777778 0.022395833333333334 0.019444444444444445
4 0.21380208333333334 0.8865740740740741 0.019270833333333334 0.019444444444444445
4 0.21119791666666668 0.9564814814814815 0.021354166666666667 0.022222222222222223
4 0.25833333333333336 0.9120370370370371 0.011458333333333333 0.040740740740740744
4 0.2546875 0.9578703703703704 0.010416666666666666 0.028703703703703703
4 0.4791666666666667 0.09861111111111111 0.011458333333333333 0.03425925925925926
4 0.4895833333333333 0.07592592592592592 0.011458333333333333 0.03518518518518519
4 0.5013020833333334 0.0824074074074074 0.008854166666666666 0.03333333333333333
4 0.51171875 0.08287037037037037 0.009895833333333333 0.032407407407407406
4 0.40677083333333336 0.6416666666666667 0.020833333333333332 0.018518518518518517
4 0.4153645833333333 0.6986111111111111 0.009895833333333333 0.03796296296296296
4 0.44895833333333335 0.6046296296296296 0.019791666666666666 0.018518518518518517
4 0.43072916666666666 0.7865740740740741 0.010416666666666666 0.041666666666666664
4 0.42916666666666664 0.8291666666666667 0.010416666666666666 0.03981481481481482
4 0.4083333333333333 0.8574074074074074 0.009375 0.03518518518518519
4 0.37552083333333336 0.9009259259259259 0.008333333333333333 0.03888888888888889
4 0.4192708333333333 0.9231481481481482 0.010416666666666666 0.03888888888888889
4 0.4359375 0.9106481481481481 0.016666666666666666 0.026851851851851852
4 0.6174479166666667 0.6694444444444444 0.021354166666666667 0.018518518518518517
4 0.6763020833333333 0.7226851851851852 0.021354166666666667 0.017592592592592594
4 0.7018229166666666 0.7287037037037037 0.0203125 0.016666666666666666
4 0.646875 0.7777777777777778 0.010416666666666666 0.03333333333333333
4 0.61328125 0.7175925925925926 0.0203125 0.018518518518518517
4 0.5848958333333333 0.7143518518518519 0.019791666666666666 0.017592592592592594
4 0.3888020833333333 0.9643518518518519 0.0067708333333333336 0.01574074074074074
