4 0.325 0.8629629629629629 0.035416666666666666 0.0962962962962963
4 0.38333333333333336 0.6555555555555556 0.04895833333333333 0.05185185185185185
4 0.35052083333333334 0.43657407407407406 0.040625 0.03796296296296296
4 0.3333333333333333 0.375 0.029166666666666667 0.027777777777777776
4 0.35260416666666666 0.26435185185185184 0.016666666666666666 0.03796296296296296
4 0.32890625 0.275 0.018229166666666668 0.03333333333333333
4 0.012239583333333333 0.6134259259259259 0.024479166666666666 0.032407407407407406
4 0.009895833333333333 0.6430555555555556 0.019791666666666666 0.03425925925925926
4 0.21197916666666666 0.763425925925926 0.05625 0.06574074074074074
4 0.15572916666666667 0.7925925925925926 0.051041666666666666 0.053703703703703705
4 0.89453125 0.33425925925925926 0.033854166666666664 0.03518518518518519
4 0.9096354166666667 0.29398148148148145 0.028645833333333332 0.03425925925925926
4 0.990625 0.3037037037037037 0.013541666666666667 0.02962962962962963
4 0.2609375 0.9745370370370371 0.05625 0.04537037037037037
