4 0.19140625 0.8009259259259259 0.20364583333333333 0.2074074074074074
4 0.16692708333333334 0.6037037037037037 0.1765625 0.17037037037037037
4 0.14817708333333332 0.46111111111111114 0.15260416666666668 0.15185185185185185
4 0.08020833333333334 0.23981481481481481 0.09479166666666666 0.0962962962962963
4 0.4940104166666667 0.7231481481481481 0.14322916666666666 0.3037037037037037
4 0.52890625 0.5504629629629629 0.11927083333333334 0.20833333333333334
4 0.5078125 0.36712962962962964 0.103125 0.1287037037037037
4 0.6151041666666667 0.38101851851851853 0.115625 0.13796296296296295
4 0.5325520833333334 0.25833333333333336 0.09427083333333333 0.1037037037037037
4 0.284375 0.30462962962962964 0.09895833333333333 0.11481481481481481
4 0.33541666666666664 0.21666666666666667 0.06458333333333334 0.1259259259259259
4 0.2604166666666667 0.18194444444444444 0.059375 0.10462962962962963
4 0.22890625 0.09398148148148149 0.04114583333333333 0.075
4 0.29192708333333334 0.13333333333333333 0.058854166666666666 0.09444444444444444
4 0.26875 0.07685185185185185 0.046875 0.06851851851851852
4 0.15859375 0.1050925925925926 0.0453125 0.0787037037037037
4 0.07734375 0.10555555555555556 0.09635416666666667 0.07592592592592592
4 0.07760416666666667 0.06944444444444445 0.0875 0.06481481481481481
4 0.05703125 0.04861111111111111 0.08697916666666666 0.05092592592592592
4 0.0640625 0.024074074074074074 0.08020833333333334 0.04814814814814815
4 0.14140625 0.04814814814814815 0.043229166666666666 0.06851851851851852
4 0.19609375 0.031018518518518518 0.04010416666666667 0.06018518518518518
4 0.23333333333333334 0.025925925925925925 0.041666666666666664 0.05185185185185185
4 0.4752604166666667 0.16944444444444445 0.05260416666666667 0.08333333333333333
4 0.41119791666666666 0.09305555555555556 0.0515625 0.06018518518518518
4 0.3658854166666667 0.03287037037037037 0.0484375 0.05462962962962963
4 0.49713541666666666 0.11203703703703703 0.0828125 0.05740740740740741
4 0.5348958333333333 0.14305555555555555 0.090625 0.06388888888888888
4 0.5653645833333333 0.18564814814814815 0.09947916666666666 0.07685185185185185
