4 0.10911458333333333 0.07314814814814814 0.015104166666666667 0.014814814814814815
4 0.11067708333333333 0.08148148148148149 0.0109375 0.012962962962962963
4 0.12473958333333333 0.07777777777777778 0.013020833333333334 0.014814814814814815
4 0.12630208333333334 0.07453703703703704 0.0109375 0.01574074074074074
4 0.12239583333333333 0.1162037037037037 0.008333333333333333 0.01574074074074074
4 0.2559895833333333 0.06481481481481481 0.0078125 0.014814814814814815
4 0.27005208333333336 0.12407407407407407 0.008854166666666666 0.016666666666666666
4 0.4981770833333333 0.0875 0.011979166666666667 0.013888888888888888
4 0.29375 0.5583333333333333 0.014583333333333334 0.044444444444444446
4 0.32447916666666665 0.34675925925925927 0.013541666666666667 0.030555555555555555
4 0.34270833333333334 0.34814814814814815 0.013541666666666667 0.03148148148148148
4 0.328125 0.29814814814814816 0.011458333333333333 0.025925925925925925
