0 0.06276041666666667 0.007407407407407408 0.0109375 0.014814814814814815
0 0.16848958333333333 0.5148148148148148 0.016145833333333335 0.024074074074074074
0 0.165625 0.6375 0.013541666666666667 0.028703703703703703
0 0.15338541666666666 0.6152777777777778 0.009895833333333333 0.030555555555555555
0 0.15989583333333332 0.5699074074074074 0.016666666666666666 0.025
0 0.15911458333333334 0.5472222222222223 0.013020833333333334 0.018518518518518517
0 0.16302083333333334 0.5324074074074074 0.015625 0.022222222222222223
0 0.21458333333333332 0.5027777777777778 0.015625 0.018518518518518517
0 0.21197916666666666 0.5208333333333334 0.017708333333333333 0.01574074074074074
0 0.20729166666666668 0.5444444444444444 0.016666666666666666 0.018518518518518517
0 0.19635416666666666 0.6097222222222223 0.015625 0.021296296296296296
0 0.19583333333333333 0.6287037037037037 0.017708333333333333 0.018518518518518517
0 0.47421875 0.8907407407407407 0.015104166666666667 0.018518518518518517
0 0.5463541666666667 0.3527777777777778 0.011458333333333333 0.03148148148148148
0 0.5653645833333333 0.3680555555555556 0.013020833333333334 0.030555555555555555
0 0.59765625 0.29212962962962963 0.022395833333333334 0.028703703703703703
0 0.6830729166666667 0.2175925925925926 0.016145833333333335 0.03888888888888889
0 0.6361979166666667 0.17916666666666667 0.013020833333333334 0.030555555555555555
0 0.6533854166666667 0.19027777777777777 0.011979166666666667 0.028703703703703703
0 0.66171875 0.19537037037037036 0.0109375 0.02962962962962963
0 0.6046875 0.14675925925925926 0.0125 0.030555555555555555
0 0.5729166666666666 0.11944444444444445 0.0125 0.02962962962962963
