0 0.023958333333333335 0.2847222222222222 0.022916666666666665 0.04351851851851852
0 0.18567708333333333 0.262037037037037 0.0234375 0.04814814814814815
0 0.31223958333333335 0.26342592592592595 0.028645833333333332 0.05462962962962963
0 0.3932291666666667 0.43425925925925923 0.04375 0.0962962962962963
0 0.45755208333333336 0.4078703703703704 0.0453125 0.08425925925925926
0 0.35494791666666664 0.18981481481481483 0.0265625 0.05185185185185185
0 0.24583333333333332 0.08703703703703704 0.017708333333333333 0.03148148148148148
0 0.24322916666666666 0.028703703703703703 0.01875 0.02962962962962963
0 0.19947916666666668 0.17962962962962964 0.020833333333333332 0.040740740740740744
0 0.16354166666666667 0.03796296296296296 0.013541666666666667 0.025925925925925925
