4 0.4390625 0.711574074074074 0.06666666666666667 0.05648148148148148
4 0.44557291666666665 0.6199074074074075 0.05572916666666667 0.04537037037037037
4 0.46041666666666664 0.5763888888888888 0.052083333333333336 0.03611111111111111
4 0.53828125 0.4689814814814815 0.022395833333333334 0.05648148148148148
4 0.4947916666666667 0.37916666666666665 0.040625 0.03796296296296296
4 0.52109375 0.1884259259259259 0.011979166666666667 0.023148148148148147
4 0.6065104166666667 0.07314814814814814 0.022395833333333334 0.016666666666666666
4 0.7005208333333334 0.075 0.019791666666666666 0.012962962962962963
4 0.7135416666666666 0.1574074074074074 0.0125 0.025925925925925925
4 0.7239583333333334 0.08518518518518518 0.01875 0.016666666666666666
4 0.8109375 0.09398148148148149 0.020833333333333332 0.013888888888888888
4 0.8442708333333333 0.10648148148148148 0.026041666666666668 0.022222222222222223
4 0.6505208333333333 0.03009259259259259 0.00625 0.017592592592592594
4 0.6408854166666667 0.01990740740740741 0.008854166666666666 0.01574074074074074
4 0.53046875 0.23703703703703705 0.0265625 0.027777777777777776
4 0.6174479166666667 0.06944444444444445 0.0171875 0.016666666666666666
