4 0.38828125 0.6018518518518519 0.0453125 0.05925925925925926
4 0.38333333333333336 0.44722222222222224 0.040625 0.03333333333333333
4 0.4421875 0.4083333333333333 0.040625 0.03333333333333333
4 0.45677083333333335 0.3611111111111111 0.035416666666666666 0.02962962962962963
4 0.42916666666666664 0.34814814814814815 0.035416666666666666 0.02962962962962963
4 0.059895833333333336 0.37824074074074077 0.025 0.03611111111111111
4 0.03697916666666667 0.3939814814814815 0.027083333333333334 0.03611111111111111
4 0.016145833333333335 0.36898148148148147 0.022916666666666665 0.030555555555555555
4 0.015364583333333333 0.33055555555555555 0.025520833333333333 0.03148148148148148
4 0.04088541666666667 0.35648148148148145 0.022395833333333334 0.025925925925925925
4 0.49895833333333334 0.35138888888888886 0.03125 0.026851851851851852
4 0.5450520833333333 0.3458333333333333 0.0328125 0.028703703703703703
4 0.6013020833333333 0.3337962962962963 0.0328125 0.028703703703703703
4 0.6395833333333333 0.3263888888888889 0.03125 0.023148148148148147
4 0.7078125 0.31574074074074077 0.034375 0.027777777777777776
4 0.6807291666666667 0.3 0.029166666666666667 0.02962962962962963
4 0.6359375 0.30972222222222223 0.03333333333333333 0.028703703703703703
4 0.5979166666666667 0.3175925925925926 0.03229166666666667 0.027777777777777776
4 0.5635416666666667 0.32314814814814813 0.03125 0.02962962962962963
4 0.5166666666666667 0.3287037037037037 0.03229166666666667 0.027777777777777776
4 0.4713541666666667 0.3388888888888889 0.030208333333333334 0.025925925925925925
4 0.5778645833333333 0.8324074074074074 0.07135416666666666 0.0962962962962963
4 0.5973958333333333 0.7939814814814815 0.07291666666666667 0.09351851851851851
4 0.69609375 0.8907407407407407 0.06197916666666667 0.10185185185185185
4 0.6895833333333333 0.937037037037037 0.065625 0.07037037037037037
4 0.5447916666666667 0.3958333333333333 0.029166666666666667 0.03425925925925926
4 0.1609375 0.26342592592592595 0.026041666666666668 0.026851851851851852
4 0.13333333333333333 0.20925925925925926 0.026041666666666668 0.03148148148148148
