0 0.36666666666666664 0.42407407407407405 0.015625 0.06296296296296296
0 0.3921875 0.3939814814814815 0.017708333333333333 0.06759259259259259
0 0.3411458333333333 0.4685185185185185 0.01875 0.07407407407407407
0 0.2598958333333333 0.462037037037037 0.01875 0.06481481481481481
0 0.23333333333333334 0.4648148148148148 0.01875 0.06481481481481481
0 0.3026041666666667 0.1699074074074074 0.015625 0.04722222222222222
0 0.28177083333333336 0.19675925925925927 0.016666666666666666 0.05277777777777778
0 0.2833333333333333 0.11388888888888889 0.013541666666666667 0.040740740740740744
0 0.30572916666666666 0.0824074074074074 0.0125 0.04259259259259259
0 0.27265625 0.30277777777777776 0.0171875 0.037037037037037035
0 0.05182291666666667 0.22037037037037038 0.04010416666666667 0.027777777777777776
0 0.13671875 0.2212962962962963 0.033854166666666664 0.024074074074074074
0 0.11432291666666666 0.2777777777777778 0.034895833333333334 0.03333333333333333
0 0.2747395833333333 0.017592592592592594 0.0140625 0.03518518518518519
