4 0.30182291666666666 0.9564814814814815 0.03802083333333333 0.03148148148148148
4 0.696875 1.2652777777777777 0.12083333333333333 0.11018518518518519
4 0.6734375 1.0643518518518518 0.07604166666666666 0.04537037037037037
4 0.6645833333333333 1.125925925925926 0.07708333333333334 0.053703703703703705
4 0.6638020833333333 1.100462962962963 0.07552083333333333 0.03981481481481482
4 0.6614583333333334 1.0782407407407408 0.07395833333333333 0.041666666666666664
4 0.675 1.0157407407407408 0.059375 0.04259259259259259
4 0.6625 1.0013888888888889 0.05625 0.03611111111111111
4 0.6627604166666666 0.9689814814814814 0.050520833333333334 0.030555555555555555
4 0.66640625 0.9606481481481481 0.0515625 0.025
4 0.6552083333333333 0.9078703703703703 0.03125 0.01574074074074074
4 0.66015625 0.9013888888888889 0.0359375 0.010185185185185186
4 0.65703125 0.8962962962962963 0.0296875 0.014814814814814815
4 0.6578125 0.888425925925926 0.022916666666666665 0.010185185185185186
4 0.65546875 0.8416666666666667 0.025520833333333333 0.06666666666666667
4 0.6760416666666667 0.861574074074074 0.014583333333333334 0.012037037037037037
4 0.6809895833333334 0.8268518518518518 0.013020833333333334 0.007407407407407408
4 0.6739583333333333 0.8199074074074074 0.00625 0.008333333333333333
4 0.7390625 0.9087962962962963 0.01875 0.023148148148148147
4 0.7080729166666667 0.8740740740740741 0.025520833333333333 0.016666666666666666
4 0.7575520833333333 0.9523148148148148 0.0328125 0.026851851851851852
4 0.7559895833333333 0.9375 0.030729166666666665 0.019444444444444445
