4 0.53203125 0.4837962962962963 0.016145833333333335 0.026851851851851852
4 0.4901041666666667 0.7060185185185185 0.016666666666666666 0.017592592592592594
4 0.48489583333333336 0.7296296296296296 0.016666666666666666 0.022222222222222223
4 0.38515625 0.8467592592592592 0.013020833333333334 0.030555555555555555
4 0.37604166666666666 0.8828703703703704 0.0125 0.03611111111111111
4 0.46822916666666664 0.9291666666666667 0.01875 0.025
4 0.5841145833333333 0.7134259259259259 0.011979166666666667 0.025
4 0.4083333333333333 0.6851851851851852 0.008333333333333333 0.03148148148148148
4 0.42135416666666664 0.6361111111111111 0.014583333333333334 0.020370370370370372
4 0.41692708333333334 0.6162037037037037 0.016145833333333335 0.021296296296296296
4 0.5072916666666667 0.22777777777777777 0.007291666666666667 0.025925925925925925
4 0.48854166666666665 0.32592592592592595 0.007291666666666667 0.027777777777777776
4 0.62734375 0.2152777777777778 0.0109375 0.026851851851851852
4 0.6104166666666667 0.22407407407407406 0.010416666666666666 0.024074074074074074
4 0.6924479166666667 0.6527777777777778 0.0171875 0.024074074074074074
4 0.26067708333333334 0.8416666666666667 0.008854166666666666 0.03518518518518519
4 0.27057291666666666 0.8111111111111111 0.013020833333333334 0.03148148148148148
4 0.19973958333333333 0.6824074074074075 0.0109375 0.03333333333333333
4 0.21536458333333333 0.5652777777777778 0.011979166666666667 0.030555555555555555
