0 0.40911458333333334 0.9199074074074074 0.0296875 0.06388888888888888
0 0.49244791666666665 0.8902777777777777 0.034895833333333334 0.058333333333333334
0 0.44036458333333334 0.8467592592592592 0.030729166666666665 0.05462962962962963
0 0.39869791666666665 0.8699074074074075 0.0296875 0.058333333333333334
0 0.45703125 0.8004629629629629 0.028645833333333332 0.04537037037037037
0 0.6145833333333334 0.8148148148148148 0.0375 0.046296296296296294
0 0.57265625 0.7509259259259259 0.027604166666666666 0.03333333333333333
0 0.4044270833333333 0.7638888888888888 0.025520833333333333 0.04259259259259259
0 0.465625 0.7296296296296296 0.03958333333333333 0.03148148148148148
0 0.45625 0.7175925925925926 0.040625 0.03333333333333333
0 0.44635416666666666 0.6925925925925925 0.03854166666666667 0.027777777777777776
0 0.4401041666666667 0.6819444444444445 0.03958333333333333 0.025
0 0.40546875 0.6685185185185185 0.018229166666666668 0.03148148148148148
0 0.3953125 0.6504629629629629 0.01875 0.028703703703703703
0 0.52109375 0.6777777777777778 0.0234375 0.027777777777777776
0 0.48828125 0.6347222222222222 0.022395833333333334 0.023148148148148147
0 0.44921875 0.6486111111111111 0.021354166666666667 0.025
0 0.4354166666666667 0.6273148148148148 0.016666666666666666 0.023148148148148147
0 0.446875 0.5842592592592593 0.016666666666666666 0.022222222222222223
0 0.42135416666666664 0.6078703703703704 0.015625 0.021296296296296296
0 0.353125 0.6277777777777778 0.015625 0.025925925925925925
0 0.3255208333333333 0.6125 0.014583333333333334 0.023148148148148147
0 0.33125 0.5763888888888888 0.020833333333333332 0.025
0 0.24114583333333334 1.0712962962962962 0.08125 0.06666666666666667
0 0.27786458333333336 1.0064814814814815 0.03697916666666667 0.07222222222222222
0 0.23359375 1.0074074074074073 0.03697916666666667 0.07037037037037037
0 0.23020833333333332 0.6402777777777777 0.034375 0.025
0 0.2296875 0.6273148148148148 0.035416666666666666 0.023148148148148147
0 0.23333333333333334 0.600462962962963 0.03229166666666667 0.019444444444444445
0 0.23463541666666668 0.5958333333333333 0.0265625 0.021296296296296296
0 0.23567708333333334 0.5893518518518519 0.0296875 0.023148148148148147
0 0.20859375 0.575925925925926 0.013020833333333334 0.022222222222222223
