4 0.35833333333333334 0.6837962962962963 0.096875 0.2064814814814815
4 0.43333333333333335 0.4648148148148148 0.07916666666666666 0.17222222222222222
4 0.4861979166666667 0.3333333333333333 0.0546875 0.11851851851851852
4 0.5315104166666667 0.2310185185185185 0.049479166666666664 0.08055555555555556
4 0.31640625 0.3921296296296296 0.07447916666666667 0.11574074074074074
4 0.36692708333333335 0.3013888888888889 0.06614583333333333 0.09907407407407408
4 0.5828125 0.7148148148148148 0.084375 0.2037037037037037
4 0.6114583333333333 0.5560185185185185 0.059375 0.14907407407407408
4 0.63203125 0.4287037037037037 0.0515625 0.1259259259259259
4 0.6838541666666667 0.8685185185185185 0.090625 0.20555555555555555
4 0.6567708333333333 0.9092592592592592 0.10208333333333333 0.1259259259259259
4 0.6901041666666666 0.7245370370370371 0.078125 0.19722222222222222
4 0.6486979166666667 0.3337962962962963 0.043229166666666666 0.11944444444444445
4 0.6614583333333334 0.23194444444444445 0.04895833333333333 0.1175925925925926
4 0.6653645833333334 0.044444444444444446 0.027604166666666666 0.04814814814814815
4 0.24322916666666666 0.34953703703703703 0.052083333333333336 0.12129629629629629
4 0.2825520833333333 0.28379629629629627 0.04739583333333333 0.11018518518518519
4 0.3255208333333333 0.24768518518518517 0.04479166666666667 0.09907407407407408
4 0.346875 0.2101851851851852 0.04895833333333333 0.07407407407407407
4 0.37838541666666664 0.1814814814814815 0.0515625 0.08888888888888889
4 0.3997395833333333 0.14722222222222223 0.0453125 0.06851851851851852
4 0.42552083333333335 0.12546296296296297 0.04895833333333333 0.06759259259259259
4 0.37395833333333334 0.05925925925925926 0.04583333333333333 0.07037037037037037
4 0.45234375 0.17546296296296296 0.043229166666666666 0.06944444444444445
4 0.4783854166666667 0.12962962962962962 0.04010416666666667 0.05555555555555555
4 0.5002604166666667 0.09398148148148149 0.0296875 0.05277777777777778
4 0.51796875 0.06111111111111111 0.028645833333333332 0.05
4 0.55078125 0.016203703703703703 0.0234375 0.032407407407407406
4 0.49557291666666664 0.032407407407407406 0.03177083333333333 0.03888888888888889
4 0.5041666666666667 0.017592592592592594 0.030208333333333334 0.03518518518518519
