4 0.48020833333333335 0.9597222222222223 0.0375 0.075
4 0.5854166666666667 0.6018518518518519 0.020833333333333332 0.044444444444444446
4 0.66171875 0.5194444444444445 0.034895833333333334 0.03148148148148148
4 0.46510416666666665 0.4439814814814815 0.016666666666666666 0.03981481481481482
4 0.10026041666666667 0.32083333333333336 0.021354166666666667 0.017592592592592594
4 0.4510416666666667 0.36527777777777776 0.013541666666666667 0.028703703703703703
4 0.3924479166666667 0.2902777777777778 0.0109375 0.028703703703703703
4 0.446875 0.2671296296296296 0.011458333333333333 0.023148148148148147
4 0.47161458333333334 0.2810185185185185 0.013020833333333334 0.023148148148148147
4 0.39869791666666665 0.18564814814814815 0.008854166666666666 0.017592592592592594
4 0.3924479166666667 0.13842592592592592 0.008854166666666666 0.013888888888888888
4 0.40520833333333334 0.11944444444444445 0.008333333333333333 0.012962962962962963
4 0.4265625 0.1449074074074074 0.007291666666666667 0.013888888888888888
4 0.43854166666666666 0.1439814814814815 0.009375 0.013888888888888888
4 0.43411458333333336 0.10694444444444444 0.0067708333333333336 0.01574074074074074
4 0.41953125 0.07083333333333333 0.0067708333333333336 0.010185185185185186
4 0.4265625 0.049074074074074076 0.00625 0.011111111111111112
4 0.42083333333333334 0.03518518518518519 0.00625 0.009259259259259259
4 0.421875 0.02361111111111111 0.00625 0.008333333333333333
4 0.60703125 0.4527777777777778 0.028645833333333332 0.024074074074074074
4 0.5236979166666667 0.3 0.011979166666666667 0.025925925925925925
4 0.56640625 0.3226851851851852 0.025520833333333333 0.019444444444444445
4 0.5401041666666667 0.2569444444444444 0.023958333333333335 0.01574074074074074
4 0.5291666666666667 0.21157407407407408 0.01875 0.017592592592592594
4 0.5028645833333333 0.19907407407407407 0.009895833333333333 0.016666666666666666
4 0.5169270833333334 0.17314814814814813 0.018229166666666668 0.014814814814814815
4 0.5161458333333333 0.18009259259259258 0.017708333333333333 0.013888888888888888
4 0.5309895833333333 0.15833333333333333 0.0171875 0.014814814814814815
4 0.5096354166666667 0.15833333333333333 0.0171875 0.014814814814814815
4 0.46458333333333335 0.050462962962962966 0.005208333333333333 0.010185185185185186
4 0.4609375 0.03888888888888889 0.00625 0.009259259259259259
4 0.45677083333333335 0.02638888888888889 0.00625 0.008333333333333333
4 0.4552083333333333 0.022222222222222223 0.00625 0.007407407407407408
4 0.45546875 0.017592592592592594 0.0046875 0.009259259259259259
4 0.6138020833333333 0.5879629629629629 0.005729166666666666 0.024074074074074074
4 0.07317708333333334 0.32314814814814813 0.018229166666666668 0.018518518518518517
4 0.027604166666666666 0.32037037037037036 0.022916666666666665 0.012962962962962963
4 0.10807291666666667 0.2657407407407407 0.022395833333333334 0.020370370370370372
4 0.11979166666666667 0.25092592592592594 0.027083333333333334 0.014814814814814815
4 0.4471354166666667 0.022685185185185187 0.0046875 0.008333333333333333
