0 0.7096354166666666 0.28888888888888886 0.0203125 0.027777777777777776
0 0.6580729166666667 0.32314814814814813 0.0171875 0.027777777777777776
0 0.5979166666666667 0.625462962962963 0.0125 0.049074074074074076
0 0.49947916666666664 0.549537037037037 0.015625 0.041666666666666664
0 0.56015625 0.6152777777777778 0.019270833333333334 0.05462962962962963
0 0.56953125 0.41064814814814815 0.0140625 0.03425925925925926
0 0.5486979166666667 0.4101851851851852 0.0140625 0.040740740740740744
0 0.4375 0.38425925925925924 0.011458333333333333 0.03333333333333333
0 0.5166666666666667 0.32546296296296295 0.011458333333333333 0.030555555555555555
0 0.51015625 0.20925925925925926 0.009895833333333333 0.025925925925925925
0 0.5401041666666667 0.0763888888888889 0.008333333333333333 0.019444444444444445
0 0.4005208333333333 0.24212962962962964 0.017708333333333333 0.019444444444444445
0 0.4513020833333333 0.20277777777777778 0.0078125 0.014814814814814815
0 0.45260416666666664 0.18009259259259258 0.009375 0.017592592592592594
0 0.1390625 0.3037037037037037 0.0125 0.027777777777777776
0 0.35546875 0.2625 0.011979166666666667 0.023148148148148147
0 0.3497395833333333 0.2851851851851852 0.009895833333333333 0.024074074074074074
0 0.3502604166666667 0.34953703703703703 0.011979166666666667 0.028703703703703703
0 0.09270833333333334 0.24259259259259258 0.0125 0.03148148148148148
0 0.18776041666666668 0.3087962962962963 0.019270833333333334 0.021296296296296296
0 0.21796875 0.34953703703703703 0.011979166666666667 0.026851851851851852
0 0.20729166666666668 0.3597222222222222 0.014583333333333334 0.030555555555555555
0 0.32786458333333335 0.2902777777777778 0.0109375 0.023148148148148147
0 0.3328125 0.2657407407407407 0.009375 0.02962962962962963
0 0.10859375 0.3060185185185185 0.015104166666666667 0.030555555555555555
0 0.18359375 0.2986111111111111 0.021354166666666667 0.026851851851851852
0 0.23098958333333333 0.3314814814814815 0.019270833333333334 0.022222222222222223
0 0.22604166666666667 0.3212962962962963 0.01875 0.025925925925925925
0 0.259375 0.3074074074074074 0.013541666666666667 0.03333333333333333
0 0.24583333333333332 0.2722222222222222 0.01875 0.020370370370370372
0 0.22786458333333334 0.2828703703703704 0.015104166666666667 0.026851851851851852
0 0.22161458333333334 0.274537037037037 0.015104166666666667 0.025
0 0.23958333333333334 0.26296296296296295 0.013541666666666667 0.018518518518518517
0 0.21666666666666667 0.26990740740740743 0.014583333333333334 0.021296296296296296
0 0.23515625 0.2574074074074074 0.015104166666666667 0.020370370370370372
0 0.21145833333333333 0.26296296296296295 0.015625 0.024074074074074074
0 0.26510416666666664 0.23425925925925925 0.01875 0.024074074074074074
0 0.2596354166666667 0.22824074074074074 0.018229166666666668 0.026851851851851852
0 0.2825520833333333 0.24675925925925926 0.011979166666666667 0.019444444444444445
0 0.2752604166666667 0.26435185185185184 0.0140625 0.028703703703703703
0 0.2421875 0.3587962962962963 0.013541666666666667 0.030555555555555555
0 0.44114583333333335 0.3490740740740741 0.010416666666666666 0.03333333333333333
0 0.4434895833333333 0.31203703703703706 0.011979166666666667 0.03333333333333333
0 0.45390625 0.16111111111111112 0.008854166666666666 0.022222222222222223
0 0.45651041666666664 0.14305555555555555 0.0078125 0.017592592592592594
0 0.4583333333333333 0.13055555555555556 0.009375 0.022222222222222223
0 0.4583333333333333 0.11342592592592593 0.008333333333333333 0.017592592592592594
0 0.05286458333333333 0.4060185185185185 0.0234375 0.028703703703703703
0 0.09947916666666666 0.2865740740740741 0.011458333333333333 0.021296296296296296
0 0.09505208333333333 0.27546296296296297 0.013020833333333334 0.025
0 0.0828125 0.2513888888888889 0.013541666666666667 0.032407407407407406
0 0.0765625 0.2351851851851852 0.011458333333333333 0.022222222222222223
0 0.07265625 0.2212962962962963 0.008854166666666666 0.027777777777777776
0 0.14036458333333332 0.4930555555555556 0.0203125 0.030555555555555555
0 0.14973958333333334 0.5236111111111111 0.024479166666666666 0.03796296296296296
0 0.16666666666666666 0.5537037037037037 0.027083333333333334 0.040740740740740744
0 0.08385416666666666 0.6375 0.029166666666666667 0.03981481481481482
0 0.10182291666666667 0.5643518518518519 0.025520833333333333 0.03425925925925926
0 0.023177083333333334 0.6944444444444444 0.033854166666666664 0.037037037037037035
0 0.07942708333333333 0.6185185185185185 0.03177083333333333 0.037037037037037035
0 0.075 0.6023148148148149 0.03229166666666667 0.04537037037037037
0 0.07213541666666666 0.5851851851851851 0.027604166666666666 0.037037037037037035
0 0.06510416666666667 0.5763888888888888 0.026041666666666668 0.03981481481481482
0 0.06354166666666666 0.5587962962962963 0.023958333333333335 0.032407407407407406
0 0.05677083333333333 0.5458333333333333 0.023958333333333335 0.03981481481481482
0 0.053125 0.5185185185185185 0.027083333333333334 0.03518518518518519
0 0.0515625 0.5027777777777778 0.026041666666666668 0.03888888888888889
0 0.044270833333333336 0.487962962962963 0.023958333333333335 0.03333333333333333
0 0.02109375 0.674537037037037 0.03802083333333333 0.04351851851851852
0 0.019010416666666665 0.6555555555555556 0.034895833333333334 0.027777777777777776
0 0.015625 0.6333333333333333 0.03125 0.03148148148148148
0 0.013020833333333334 0.6217592592592592 0.026041666666666668 0.032407407407407406
0 0.013020833333333334 0.6032407407407407 0.026041666666666668 0.028703703703703703
0 0.08958333333333333 0.5180555555555556 0.028125 0.028703703703703703
0 0.09322916666666667 0.5347222222222222 0.028125 0.032407407407407406
0 0.09401041666666667 0.6555555555555556 0.028645833333333332 0.03333333333333333
0 0.027864583333333335 0.711574074074074 0.0359375 0.03425925925925926
0 0.40338541666666666 0.10833333333333334 0.013020833333333334 0.009259259259259259
0 0.39869791666666665 0.16574074074074074 0.008854166666666666 0.018518518518518517
0 0.41119791666666666 0.16018518518518518 0.008854166666666666 0.018518518518518517
0 0.47604166666666664 0.047685185185185185 0.005208333333333333 0.013888888888888888
0 0.44973958333333336 0.08611111111111111 0.005729166666666666 0.014814814814814815
0 0.45807291666666666 0.07777777777777778 0.008854166666666666 0.016666666666666666
