0 0.4635416666666667 1.0712962962962962 0.06041666666666667 0.053703703703703705
0 0.4552083333333333 0.5796296296296296 0.026041666666666668 0.044444444444444446
0 0.4747395833333333 0.5796296296296296 0.0234375 0.040740740740740744
0 0.5104166666666666 0.5671296296296297 0.029166666666666667 0.03981481481481482
0 0.5265625 0.5597222222222222 0.023958333333333335 0.03611111111111111
0 0.5434895833333333 0.5388888888888889 0.0328125 0.03148148148148148
0 0.5208333333333334 0.500462962962963 0.03125 0.026851851851851852
0 0.6731770833333334 0.6064814814814815 0.03177083333333333 0.046296296296296294
0 0.6622395833333333 0.7097222222222223 0.0296875 0.05648148148148148
0 0.628125 0.6666666666666666 0.023958333333333335 0.046296296296296294
0 0.6127604166666667 0.6467592592592593 0.025520833333333333 0.04722222222222222
0 0.52421875 0.6652777777777777 0.030729166666666665 0.049074074074074076
0 0.54375 0.6601851851851852 0.026041666666666668 0.04259259259259259
0 0.5591145833333333 0.65 0.027604166666666666 0.046296296296296294
