0 0.3184895833333333 0.38055555555555554 0.0234375 0.05925925925925926
0 0.2760416666666667 0.575 0.023958333333333335 0.07037037037037037
0 0.05390625 0.44166666666666665 0.0421875 0.044444444444444446
0 0.31276041666666665 0.5194444444444445 0.025520833333333333 0.05740740740740741
0 0.36822916666666666 0.37175925925925923 0.021875 0.05277777777777778
0 0.36380208333333336 0.3101851851851852 0.024479166666666666 0.05925925925925926
0 0.396875 0.2152777777777778 0.01875 0.04722222222222222
0 0.3731770833333333 0.17314814814814813 0.0203125 0.05
0 0.4296875 0.026851851851851852 0.016666666666666666 0.03888888888888889
0 0.14609375 0.5925925925925926 0.0453125 0.046296296296296294
0 0.14166666666666666 0.49537037037037035 0.036458333333333336 0.04259259259259259
0 0.1 0.5578703703703703 0.03854166666666667 0.04537037037037037
0 0.459375 0.3013888888888889 0.01875 0.05462962962962963
