0 0.5432291666666667 0.7300925925925926 0.11354166666666667 0.14537037037037037
0 0.8369791666666667 0.7245370370370371 0.13958333333333334 0.11203703703703703
0 0.6158854166666666 0.5722222222222222 0.10572916666666667 0.08703703703703704
0 0.47578125 0.5194444444444445 0.07447916666666667 0.1111111111111111
0 0.26145833333333335 0.7212962962962963 0.06145833333333333 0.17777777777777778
0 0.2859375 0.5342592592592592 0.046875 0.12777777777777777
0 0.2955729166666667 0.3731481481481482 0.04010416666666667 0.10740740740740741
0 0.9984375 0.7162037037037037 0.08645833333333333 0.10462962962962963
0 1.0083333333333333 0.4740740740740741 0.06666666666666667 0.0962962962962963
0 0.9997395833333333 0.26666666666666666 0.07239583333333334 0.06296296296296296
0 0.73984375 0.3023148148148148 0.0765625 0.05648148148148148
0 0.6778645833333333 0.3458333333333333 0.08489583333333334 0.075
0 0.5151041666666667 0.17222222222222222 0.034375 0.08148148148148149
0 0.5950520833333334 0.08287037037037037 0.0609375 0.049074074074074076
0 0.9947916666666666 0.17777777777777778 0.071875 0.05925925925925926
0 0.96015625 0.12037037037037036 0.06302083333333333 0.05555555555555555
0 0.9359375 0.08981481481481482 0.065625 0.05185185185185185
