0 0.6638020833333333 1.088425925925926 0.09427083333333333 0.08055555555555556
0 0.7979166666666667 1.0620370370370371 0.12291666666666666 0.0962962962962963
0 0.7119791666666667 0.9819444444444444 0.09791666666666667 0.08055555555555556
0 0.74765625 0.9185185185185185 0.0890625 0.07222222222222222
0 0.5997395833333333 0.9537037037037037 0.09010416666666667 0.07407407407407407
0 0.5763020833333333 0.6546296296296297 0.04635416666666667 0.03148148148148148
0 0.5755208333333334 0.6407407407407407 0.022916666666666665 0.024074074074074074
0 0.60234375 0.5611111111111111 0.03177083333333333 0.022222222222222223
0 0.5369791666666667 0.6685185185185185 0.026041666666666668 0.04259259259259259
0 0.5125 0.7050925925925926 0.03229166666666667 0.04722222222222222
0 0.5190104166666667 0.5717592592592593 0.03802083333333333 0.026851851851851852
0 0.4942708333333333 0.5347222222222222 0.015625 0.021296296296296296
0 0.4901041666666667 0.47314814814814815 0.015625 0.014814814814814815
0 0.4231770833333333 0.47314814814814815 0.021354166666666667 0.014814814814814815
0 0.2890625 1.0638888888888889 0.053125 0.14074074074074075
0 0.3184895833333333 0.9324074074074075 0.0390625 0.09444444444444444
0 0.48125 0.9226851851851852 0.06354166666666666 0.08055555555555556
0 0.33307291666666666 0.8273148148148148 0.034895833333333334 0.07314814814814814
0 0.34791666666666665 0.737037037037037 0.030208333333333334 0.05740740740740741
0 0.35130208333333335 0.48055555555555557 0.021354166666666667 0.016666666666666666
0 0.8625 0.675 0.04375 0.044444444444444446
0 0.9557291666666666 0.47962962962962963 0.026041666666666668 0.024074074074074074
0 0.8955729166666667 0.4898148148148148 0.022395833333333334 0.022222222222222223
0 0.89609375 0.4828703703703704 0.0234375 0.023148148148148147
