0 0.03177083333333333 0.10185185185185185 0.0125 0.018518518518518517
0 0.009635416666666667 0.1699074074074074 0.015104166666666667 0.019444444444444445
0 0.08697916666666666 0.21435185185185185 0.0125 0.019444444444444445
0 0.3580729166666667 0.009722222222222222 0.009895833333333333 0.010185185185185186
0 0.35546875 0.016203703703703703 0.011979166666666667 0.010185185185185186
0 0.35078125 0.031018518518518518 0.0109375 0.010185185185185186
0 0.23020833333333332 0.20185185185185187 0.010416666666666666 0.020370370370370372
0 0.25052083333333336 0.18611111111111112 0.011458333333333333 0.022222222222222223
0 0.22161458333333334 0.3 0.011979166666666667 0.018518518518518517
0 0.2296875 0.6203703703703703 0.015625 0.03148148148148148
0 0.28567708333333336 0.6407407407407407 0.016145833333333335 0.03333333333333333
0 0.28151041666666665 0.7041666666666667 0.016145833333333335 0.03611111111111111
0 0.30703125 0.6939814814814815 0.015104166666666667 0.03611111111111111
0 0.5513020833333333 0.6458333333333334 0.015104166666666667 0.032407407407407406
0 0.6135416666666667 0.5763888888888888 0.015625 0.019444444444444445
0 0.5143229166666666 0.5351851851851852 0.011979166666666667 0.03148148148148148
0 0.47942708333333334 0.12638888888888888 0.005729166666666666 0.019444444444444445
0 0.4783854166666667 0.14722222222222223 0.005729166666666666 0.020370370370370372
0 0.47994791666666664 0.2199074074074074 0.0067708333333333336 0.023148148148148147
0 0.47994791666666664 0.2523148148148148 0.0067708333333333336 0.023148148148148147
0 0.030208333333333334 0.48703703703703705 0.016666666666666666 0.022222222222222223
0 0.31614583333333335 0.3212962962962963 0.010416666666666666 0.022222222222222223
0 0.2950520833333333 0.40694444444444444 0.0109375 0.026851851851851852
0 0.28854166666666664 0.25787037037037036 0.0125 0.019444444444444445
0 0.33125 0.20277777777777778 0.009375 0.016666666666666666
0 0.3424479166666667 0.1398148148148148 0.008854166666666666 0.018518518518518517
0 0.4036458333333333 0.03564814814814815 0.007291666666666667 0.013888888888888888
0 0.38333333333333336 0.0060185185185185185 0.007291666666666667 0.012037037037037037
0 0.37421875 0.0625 0.005729166666666666 0.01574074074074074
