4 0.17760416666666667 0.6287037037037037 0.025 0.044444444444444446
4 0.2713541666666667 0.45046296296296295 0.020833333333333332 0.03796296296296296
4 0.2953125 0.399537037037037 0.019791666666666666 0.03611111111111111
4 0.23020833333333332 0.058333333333333334 0.013541666666666667 0.024074074074074074
4 0.24583333333333332 0.04212962962962963 0.011458333333333333 0.028703703703703703
4 0.25 0.009259259259259259 0.011458333333333333 0.018518518518518517
4 0.23854166666666668 0.06712962962962964 0.010416666666666666 0.021296296296296296
4 0.6359375 0.10555555555555556 0.017708333333333333 0.03333333333333333
4 0.6755208333333333 0.19490740740740742 0.019791666666666666 0.03611111111111111
4 0.63671875 0.3773148148148148 0.0203125 0.023148148148148147
4 0.715625 0.49675925925925923 0.019791666666666666 0.025
4 0.6309895833333333 0.513425925925926 0.024479166666666666 0.030555555555555555
