0 0.128125 0.8611111111111112 0.030208333333333334 0.04259259259259259
0 0.028645833333333332 0.6666666666666666 0.03958333333333333 0.024074074074074074
0 0.06510416666666667 0.6296296296296297 0.035416666666666666 0.025925925925925925
0 0.11041666666666666 0.5074074074074074 0.028125 0.018518518518518517
0 0.11432291666666666 0.5037037037037037 0.025520833333333333 0.020370370370370372
0 0.19348958333333333 0.35509259259259257 0.008854166666666666 0.012037037037037037
0 0.24713541666666666 0.2675925925925926 0.0078125 0.007407407407407408
0 0.24869791666666666 0.2638888888888889 0.0067708333333333336 0.007407407407407408
0 0.31953125 0.4300925925925926 0.0140625 0.017592592592592594
0 0.31328125 0.375 0.0078125 0.014814814814814815
0 0.3125 0.3523148148148148 0.007291666666666667 0.012037037037037037
0 0.31302083333333336 0.23842592592592593 0.00625 0.006481481481481481
0 0.3015625 0.28425925925925927 0.004166666666666667 0.009259259259259259
0 0.7270833333333333 0.8689814814814815 0.04895833333333333 0.03981481481481482
0 0.6104166666666667 0.6643518518518519 0.029166666666666667 0.026851851851851852
0 0.4986979166666667 0.7722222222222223 0.044270833333333336 0.03518518518518519
0 0.428125 0.5564814814814815 0.023958333333333335 0.025925925925925925
0 0.40286458333333336 0.4703703703703704 0.018229166666666668 0.018518518518518517
0 0.4903645833333333 0.4708333333333333 0.019270833333333334 0.01574074074074074
0 0.43802083333333336 0.42314814814814816 0.017708333333333333 0.012962962962962963
0 0.35885416666666664 0.32175925925925924 0.009375 0.010185185185185186
0 0.35703125 0.31666666666666665 0.009895833333333333 0.009259259259259259
0 0.35625 0.30925925925925923 0.008333333333333333 0.009259259259259259
0 0.38515625 0.3060185185185185 0.009895833333333333 0.008333333333333333
0 0.3815104166666667 0.3037037037037037 0.008854166666666666 0.005555555555555556
0 0.37890625 0.29768518518518516 0.0036458333333333334 0.008333333333333333
0 0.3958333333333333 0.3013888888888889 0.009375 0.006481481481481481
0 0.3546875 0.26342592592592595 0.003125 0.006481481481481481
