4 0.13958333333333334 0.6995370370370371 0.08854166666666667 0.1398148148148148
4 0.040625 0.4134259259259259 0.05625 0.06574074074074074
4 0.21458333333333332 0.6541666666666667 0.0875 0.125
4 0.42213541666666665 0.6875 0.10364583333333334 0.1398148148148148
4 0.44921875 0.6337962962962963 0.1046875 0.1287037037037037
4 0.48515625 0.5962962962962963 0.09010416666666667 0.1111111111111111
4 0.5078125 0.5435185185185185 0.09166666666666666 0.11296296296296296
4 0.5333333333333333 0.5138888888888888 0.08020833333333334 0.08703703703703704
4 0.5453125 0.48055555555555557 0.07708333333333334 0.07592592592592592
4 0.5627604166666667 0.45740740740740743 0.0765625 0.07777777777777778
4 0.5809895833333333 0.40370370370370373 0.06510416666666667 0.07037037037037037
4 0.5973958333333333 0.3875 0.06145833333333333 0.062037037037037036
4 0.6065104166666667 0.37546296296296294 0.06197916666666667 0.05648148148148148
4 0.6088541666666667 0.3578703703703704 0.059375 0.05462962962962963
4 0.18854166666666666 0.41574074074074074 0.053125 0.06481481481481481
4 0.2796875 0.4773148148148148 0.0375 0.09722222222222222
4 0.371875 0.48564814814814816 0.034375 0.08611111111111111
4 0.6065104166666667 0.9208333333333333 0.07760416666666667 0.10277777777777777
4 0.7059895833333333 0.8083333333333333 0.04635416666666667 0.07962962962962963
4 0.6825520833333333 0.2490740740740741 0.03802083333333333 0.03333333333333333
4 0.68515625 0.24166666666666667 0.033854166666666664 0.02962962962962963
4 0.6911458333333333 0.22268518518518518 0.0375 0.025
4 0.6901041666666666 0.22916666666666666 0.03333333333333333 0.026851851851851852
