4 0.9799479166666667 0.825462962962963 0.034895833333333334 0.10462962962962963
4 0.90234375 0.8027777777777778 0.0359375 0.1
4 0.8330729166666667 0.7824074074074074 0.0453125 0.08888888888888889
4 0.7924479166666667 0.7759259259259259 0.03177083333333333 0.09814814814814815
4 0.5932291666666667 0.7375 0.027083333333333334 0.09907407407407408
4 0.45234375 0.7041666666666667 0.030729166666666665 0.09351851851851851
4 0.33359375 0.5537037037037037 0.03177083333333333 0.08148148148148149
4 0.37890625 0.3060185185185185 0.043229166666666666 0.041666666666666664
4 0.21458333333333332 0.5319444444444444 0.03125 0.07685185185185185
4 0.18697916666666667 0.5273148148148148 0.0375 0.0824074074074074
4 0.46119791666666665 0.1884259259259259 0.016145833333333335 0.041666666666666664
4 0.46510416666666665 0.1449074074074074 0.019791666666666666 0.04722222222222222
4 0.38359375 0.12546296296296297 0.0296875 0.026851851851851852
4 0.3880208333333333 0.10555555555555556 0.03333333333333333 0.025925925925925925
4 0.40260416666666665 0.06759259259259259 0.035416666666666666 0.02962962962962963
4 0.3606770833333333 0.0763888888888889 0.034895833333333334 0.028703703703703703
