4 0.09817708333333333 0.7439814814814815 0.043229166666666666 0.13425925925925927
4 0.16614583333333333 0.19814814814814816 0.03229166666666667 0.0962962962962963
4 0.18307291666666667 0.07592592592592592 0.030729166666666665 0.09259259259259259
4 0.45677083333333335 0.14351851851851852 0.052083333333333336 0.053703703703703705
4 0.4078125 0.5166666666666667 0.027083333333333334 0.10925925925925926
4 0.4044270833333333 0.6731481481481482 0.0296875 0.11851851851851852
4 0.39947916666666666 0.8490740740740741 0.035416666666666666 0.15
4 0.43854166666666666 0.6578703703703703 0.028125 0.12129629629629629
4 0.37734375 0.47962962962962963 0.028645833333333332 0.1111111111111111
4 0.13385416666666666 0.4444444444444444 0.03958333333333333 0.11851851851851852
4 0.11588541666666667 0.5916666666666667 0.04010416666666667 0.12222222222222222
4 0.075 0.9185185185185185 0.04791666666666667 0.10740740740740741
4 0.15104166666666666 0.31342592592592594 0.03125 0.09722222222222222
