4 0.9942708333333333 0.46296296296296297 0.04791666666666667 0.05555555555555555
4 0.9309895833333334 0.22037037037037038 0.027604166666666666 0.016666666666666666
4 0.98203125 0.2916666666666667 0.0421875 0.025925925925925925
4 0.9197916666666667 0.2791666666666667 0.040625 0.025
4 0.85703125 0.4097222222222222 0.059895833333333336 0.04722222222222222
4 0.9046875 0.3875 0.058333333333333334 0.04351851851851852
4 0.9494791666666667 0.3527777777777778 0.052083333333333336 0.037037037037037035
4 0.9544270833333334 0.34444444444444444 0.04739583333333333 0.03333333333333333
4 0.9572916666666667 0.33425925925925926 0.051041666666666666 0.03518518518518519
4 0.8486979166666667 0.3111111111111111 0.0421875 0.02962962962962963
4 0.8174479166666667 0.2601851851851852 0.030729166666666665 0.020370370370370372
4 0.7645833333333333 0.19490740740740742 0.01875 0.013888888888888888
4 0.2799479166666667 0.29212962962962963 0.033854166666666664 0.021296296296296296
4 0.26796875 0.2824074074074074 0.028645833333333332 0.024074074074074074
4 0.2552083333333333 0.225 0.023958333333333335 0.016666666666666666
4 0.23984375 0.21898148148148147 0.022395833333333334 0.01574074074074074
4 0.22265625 0.2111111111111111 0.0203125 0.014814814814814815
4 0.21875 0.20879629629629629 0.017708333333333333 0.012037037037037037
4 0.21458333333333332 0.2074074074074074 0.01875 0.012962962962962963
4 0.21041666666666667 0.2074074074074074 0.016666666666666666 0.011111111111111112
4 0.19921875 0.2462962962962963 0.030729166666666665 0.018518518518518517
4 0.19244791666666666 0.24305555555555555 0.0203125 0.017592592592592594
4 0.16119791666666666 0.25 0.0265625 0.018518518518518517
4 0.16770833333333332 0.19907407407407407 0.009375 0.011111111111111112
4 0.14869791666666668 0.2175925925925926 0.018229166666666668 0.012962962962962963
4 0.14453125 0.21574074074074073 0.018229166666666668 0.012962962962962963
4 0.15078125 0.24027777777777778 0.0234375 0.01574074074074074
4 0.13958333333333334 0.23935185185185184 0.025 0.019444444444444445
4 0.04114583333333333 0.5851851851851851 0.08229166666666667 0.07962962962962963
4 0.04114583333333333 0.5842592592592593 0.08229166666666667 0.07962962962962963
