0 0.4591145833333333 0.8435185185185186 0.016145833333333335 0.03333333333333333
0 0.48984375 0.8041666666666667 0.027604166666666666 0.025
0 0.5572916666666666 0.7981481481481482 0.027083333333333334 0.024074074074074074
0 0.6067708333333334 0.8018518518518518 0.030208333333333334 0.020370370370370372
0 0.6346354166666667 0.8421296296296297 0.0140625 0.032407407407407406
0 0.59375 0.8481481481481481 0.013541666666666667 0.024074074074074074
0 0.65234375 0.8662037037037037 0.027604166666666666 0.030555555555555555
0 0.6692708333333334 0.8791666666666667 0.030208333333333334 0.023148148148148147
0 0.6760416666666667 0.9101851851851852 0.034375 0.025925925925925925
0 0.6864583333333333 0.9351851851851852 0.035416666666666666 0.027777777777777776
0 0.6890625 0.9523148148148148 0.03333333333333333 0.025
0 0.69453125 0.9689814814814814 0.0359375 0.025
0 0.696875 0.9833333333333333 0.029166666666666667 0.03333333333333333
0 0.7080729166666667 0.999537037037037 0.03802083333333333 0.023148148148148147
0 0.7078125 1.0175925925925926 0.03854166666666667 0.025925925925925925
0 0.7065104166666667 1.0402777777777779 0.043229166666666666 0.028703703703703703
0 0.709375 1.0620370370370371 0.040625 0.03148148148148148
0 0.7174479166666666 1.087962962962963 0.04635416666666667 0.02962962962962963
0 0.7208333333333333 1.1069444444444445 0.04375 0.028703703703703703
0 0.725 1.1273148148148149 0.046875 0.03425925925925926
0 0.7442708333333333 1.1814814814814816 0.05416666666666667 0.044444444444444446
0 0.7401041666666667 1.2171296296296297 0.058333333333333334 0.04351851851851852
0 0.75625 1.250925925925926 0.053125 0.037037037037037035
0 0.6690104166666667 1.3175925925925926 0.03177083333333333 0.07407407407407407
0 0.41432291666666665 1.160648148148148 0.0484375 0.04537037037037037
0 0.6109375 1.3138888888888889 0.06041666666666667 0.05185185185185185
0 0.6921875 1.148611111111111 0.034375 0.06944444444444445
0 0.6036458333333333 1.2078703703703704 0.04895833333333333 0.04537037037037037
0 0.5411458333333333 1.3069444444444445 0.06041666666666667 0.049074074074074076
0 0.6078125 1.2712962962962964 0.05520833333333333 0.046296296296296294
0 0.5424479166666667 1.2694444444444444 0.058854166666666666 0.044444444444444446
0 0.5427083333333333 1.235648148148148 0.053125 0.03981481481481482
0 0.5479166666666667 1.2050925925925926 0.051041666666666666 0.04351851851851852
0 0.54921875 1.1717592592592592 0.05364583333333333 0.04537037037037037
0 0.54609375 1.1435185185185186 0.0453125 0.03518518518518519
0 0.54765625 1.1189814814814816 0.0484375 0.03425925925925926
0 0.5458333333333333 1.0935185185185186 0.04375 0.03333333333333333
0 0.6044270833333333 1.1787037037037038 0.05260416666666667 0.03888888888888889
0 0.6026041666666667 1.150462962962963 0.046875 0.03611111111111111
0 0.6 1.124074074074074 0.04479166666666667 0.037037037037037035
0 0.5932291666666667 1.1 0.041666666666666664 0.037037037037037035
0 0.5942708333333333 1.075925925925926 0.04791666666666667 0.03333333333333333
0 0.5473958333333333 1.0731481481481482 0.03958333333333333 0.03148148148148148
0 0.54296875 1.0532407407407407 0.0453125 0.03425925925925926
0 0.5963541666666666 1.0324074074074074 0.04375 0.027777777777777776
0 0.5953125 1.0138888888888888 0.03958333333333333 0.03148148148148148
0 0.5940104166666667 0.9944444444444445 0.04114583333333333 0.03148148148148148
0 0.5890625 0.9773148148148149 0.034375 0.030555555555555555
0 0.5901041666666667 0.962037037037037 0.040625 0.03148148148148148
0 0.5893229166666667 0.9462962962962963 0.03697916666666667 0.027777777777777776
0 0.59296875 0.9305555555555556 0.033854166666666664 0.02962962962962963
0 0.5901041666666667 0.9157407407407407 0.035416666666666666 0.025925925925925925
0 0.5856770833333333 0.9 0.0390625 0.027777777777777776
0 0.5885416666666666 0.8856481481481482 0.035416666666666666 0.021296296296296296
0 0.58515625 0.8731481481481481 0.0296875 0.020370370370370372
0 0.5473958333333333 0.9939814814814815 0.0375 0.030555555555555555
0 0.5473958333333333 0.975 0.03958333333333333 0.027777777777777776
0 0.54609375 0.9574074074074074 0.03802083333333333 0.025925925925925925
0 0.5471354166666667 0.9287037037037037 0.034895833333333334 0.02962962962962963
0 0.54609375 0.912962962962963 0.034895833333333334 0.025925925925925925
0 0.5473958333333333 0.8986111111111111 0.029166666666666667 0.023148148148148147
0 0.5424479166666667 0.8717592592592592 0.030729166666666665 0.023148148148148147
0 0.41692708333333334 1.125 0.049479166666666664 0.03888888888888889
0 0.4200520833333333 1.0976851851851852 0.0484375 0.03796296296296296
0 0.42552083333333335 1.074537037037037 0.042708333333333334 0.03425925925925926
0 0.42552083333333335 1.0541666666666667 0.04583333333333333 0.032407407407407406
0 0.4309895833333333 1.0337962962962963 0.0421875 0.030555555555555555
0 0.4356770833333333 0.9925925925925926 0.0390625 0.02962962962962963
0 0.44166666666666665 0.975925925925926 0.035416666666666666 0.025925925925925925
0 0.4453125 0.9592592592592593 0.0375 0.02962962962962963
0 0.44817708333333334 0.9430555555555555 0.03177083333333333 0.025
0 0.4513020833333333 0.9291666666666667 0.03697916666666667 0.028703703703703703
0 0.45260416666666664 0.912962962962963 0.03333333333333333 0.024074074074074074
0 0.45390625 0.899537037037037 0.034895833333333334 0.023148148148148147
0 0.81875 0.8245370370370371 0.029166666666666667 0.025
