4 0.19479166666666667 0.13287037037037036 0.035416666666666666 0.05648148148148148
4 0.153125 0.20879629629629629 0.040625 0.06574074074074074
4 0.35390625 0.013425925925925926 0.016145833333333335 0.026851851851851852
4 0.33515625 0.04398148148148148 0.022395833333333334 0.049074074074074076
4 0.31796875 0.027777777777777776 0.021354166666666667 0.046296296296296294
4 0.2908854166666667 0.024537037037037038 0.021354166666666667 0.030555555555555555
4 0.2799479166666667 0.047685185185185185 0.043229166666666666 0.03796296296296296
4 0.28802083333333334 0.14722222222222223 0.03229166666666667 0.05740740740740741
4 0.2716145833333333 0.20694444444444443 0.033854166666666664 0.0787037037037037
4 0.24166666666666667 0.1837962962962963 0.030208333333333334 0.06388888888888888
4 0.2520833333333333 0.28888888888888886 0.035416666666666666 0.08148148148148149
4 0.20442708333333334 0.3189814814814815 0.0421875 0.10462962962962963
4 0.27369791666666665 0.3837962962962963 0.049479166666666664 0.10462962962962963
4 0.1796875 0.41388888888888886 0.051041666666666666 0.11481481481481481
4 0.11380208333333333 0.2814814814814815 0.07135416666666666 0.05555555555555555
4 0.059375 0.33564814814814814 0.07916666666666666 0.0712962962962963
4 0.15833333333333333 0.775 0.06666666666666667 0.19074074074074074
4 0.10234375 0.7782407407407408 0.08489583333333334 0.20277777777777778
4 0.04765625 0.7722222222222223 0.0671875 0.15
4 0.44765625 0.3819444444444444 0.033854166666666664 0.09722222222222222
4 0.4940104166666667 0.014814814814814815 0.021354166666666667 0.02962962962962963
4 0.49921875 0.047685185185185185 0.021354166666666667 0.041666666666666664
4 0.5049479166666667 0.0962962962962963 0.0203125 0.03888888888888889
4 0.5106770833333333 0.15324074074074073 0.0234375 0.04351851851851852
4 0.53046875 0.0587962962962963 0.022395833333333334 0.049074074074074076
4 0.5223958333333333 0.02638888888888889 0.017708333333333333 0.04537037037037037
4 0.49270833333333336 0.19907407407407407 0.025 0.06111111111111111
4 0.5182291666666666 0.20416666666666666 0.026041666666666668 0.049074074074074076
4 0.5489583333333333 0.19537037037037036 0.026041666666666668 0.06111111111111111
4 0.5356770833333333 0.1439814814814815 0.025520833333333333 0.06018518518518518
4 0.5815104166666667 0.012037037037037037 0.03802083333333333 0.024074074074074074
4 0.584375 0.027777777777777776 0.03958333333333333 0.025925925925925925
4 0.58984375 0.04351851851851852 0.0421875 0.022222222222222223
4 0.59609375 0.06111111111111111 0.04635416666666667 0.02962962962962963
4 0.6036458333333333 0.0837962962962963 0.05 0.03611111111111111
4 0.6265625 0.1398148148148148 0.053125 0.04259259259259259
4 0.6325520833333333 0.1699074074074074 0.0453125 0.041666666666666664
4 0.5875 0.18611111111111112 0.04583333333333333 0.05740740740740741
4 0.6450520833333333 0.21851851851851853 0.06197916666666667 0.053703703703703705
4 0.4744791666666667 0.26481481481481484 0.01875 0.05740740740740741
4 0.5395833333333333 0.38287037037037036 0.03958333333333333 0.0824074074074074
4 0.5505208333333333 0.4828703703703704 0.036458333333333336 0.11018518518518519
4 0.5713541666666667 0.6606481481481481 0.05520833333333333 0.1527777777777778
4 0.59609375 0.8759259259259259 0.07135416666666666 0.18703703703703703
