4 1.0127604166666666 0.85 0.05364583333333333 0.06666666666666667
4 0.9919270833333333 0.7976851851851852 0.07552083333333333 0.06388888888888888
4 0.9403645833333333 0.5532407407407407 0.0453125 0.04351851851851852
4 0.9255208333333333 0.4912037037037037 0.028125 0.03981481481481482
4 0.9151041666666667 0.4444444444444444 0.030208333333333334 0.03888888888888889
4 0.8513020833333333 0.5763888888888888 0.06197916666666667 0.041666666666666664
4 0.8354166666666667 0.5578703703703703 0.04791666666666667 0.041666666666666664
4 0.8385416666666666 0.5416666666666666 0.05625 0.037037037037037035
4 0.9046875 0.4203703703703704 0.041666666666666664 0.03148148148148148
4 0.84140625 0.41574074074074074 0.025520833333333333 0.02962962962962963
4 0.8950520833333333 0.31342592592592594 0.028645833333333332 0.019444444444444445
4 0.82890625 0.2962962962962963 0.0140625 0.016666666666666666
4 0.80703125 0.2847222222222222 0.011979166666666667 0.017592592592592594
4 0.7776041666666667 0.44166666666666665 0.040625 0.03333333333333333
4 0.7604166666666666 0.4064814814814815 0.03854166666666667 0.022222222222222223
4 0.7416666666666667 0.37916666666666665 0.03333333333333333 0.026851851851851852
4 0.740625 0.3726851851851852 0.0375 0.025
4 0.47161458333333334 0.40185185185185185 0.0203125 0.03148148148148148
4 0.52734375 0.45740740740740743 0.021354166666666667 0.03333333333333333
4 0.5338541666666666 0.4152777777777778 0.017708333333333333 0.030555555555555555
4 0.540625 0.35185185185185186 0.013541666666666667 0.024074074074074074
4 0.5575520833333333 0.462037037037037 0.018229166666666668 0.03333333333333333
4 0.54140625 0.2884259259259259 0.0109375 0.017592592592592594
4 0.5190104166666667 0.2222222222222222 0.0078125 0.012962962962962963
4 0.5315104166666667 0.20787037037037037 0.0067708333333333336 0.012037037037037037
