0 0.042708333333333334 0.9430555555555555 0.08541666666666667 0.058333333333333334
0 0.5901041666666667 0.6458333333333334 0.06875 0.14166666666666666
0 0.5807291666666666 0.42314814814814816 0.05625 0.09814814814814815
0 0.49921875 0.3537037037037037 0.043229166666666666 0.08333333333333333
0 0.5927083333333333 0.28888888888888886 0.042708333333333334 0.07777777777777778
0 0.46119791666666665 0.22407407407407406 0.0296875 0.05185185185185185
0 0.4796875 0.2851851851851852 0.036458333333333336 0.06296296296296296
0 0.36015625 0.1884259259259259 0.022395833333333334 0.05648148148148148
0 0.4557291666666667 0.09444444444444444 0.023958333333333335 0.03888888888888889
0 0.43828125 0.03935185185185185 0.0171875 0.032407407407407406
0 0.43984375 0.13564814814814816 0.022395833333333334 0.041666666666666664
0 0.42916666666666664 0.09722222222222222 0.020833333333333332 0.03888888888888889
0 0.4234375 0.07037037037037037 0.017708333333333333 0.03333333333333333
0 0.4822916666666667 0.013425925925925926 0.01875 0.026851851851851852
0 0.34739583333333335 0.015277777777777777 0.016666666666666666 0.030555555555555555
