0 0.2565104166666667 0.8953703703703704 0.044270833333333336 0.1537037037037037
0 0.26588541666666665 0.7527777777777778 0.034895833333333334 0.12222222222222222
0 0.2716145833333333 0.6166666666666667 0.03177083333333333 0.10925925925925926
0 0.28229166666666666 0.5166666666666667 0.028125 0.07777777777777778
0 0.31666666666666665 0.37824074074074077 0.022916666666666665 0.06759259259259259
0 0.28802083333333334 0.36574074074074076 0.021875 0.05925925925925926
0 0.3265625 0.20092592592592592 0.016666666666666666 0.04259259259259259
0 0.3 0.20277777777777778 0.016666666666666666 0.03888888888888889
0 0.30859375 0.09351851851851851 0.0140625 0.03333333333333333
0 0.31223958333333335 0.05185185185185185 0.011979166666666667 0.027777777777777776
0 0.3125 0.030555555555555555 0.011458333333333333 0.020370370370370372
0 0.3606770833333333 0.026851851851851852 0.011979166666666667 0.025925925925925925
0 0.3619791666666667 0.07407407407407407 0.013541666666666667 0.03148148148148148
0 0.3651041666666667 0.13287037037037036 0.014583333333333334 0.03611111111111111
0 0.30520833333333336 0.14027777777777778 0.014583333333333334 0.03425925925925926
0 0.30416666666666664 0.17037037037037037 0.015625 0.03888888888888889
0 0.42265625 0.549074074074074 0.028645833333333332 0.08148148148148149
0 0.40572916666666664 0.8703703703703703 0.034375 0.14444444444444443
0 0.39010416666666664 0.5689814814814815 0.027083333333333334 0.0787037037037037
0 0.38776041666666666 0.07546296296296297 0.0140625 0.03611111111111111
0 0.4114583333333333 0.2657407407407407 0.03958333333333333 0.03148148148148148
0 0.434375 0.3087962962962963 0.046875 0.03796296296296296
0 0.3828125 0.05694444444444444 0.011458333333333333 0.028703703703703703
0 0.4309895833333333 0.3416666666666667 0.044270833333333336 0.04814814814814815
0 0.45234375 0.3800925925925926 0.0390625 0.03981481481481482
0 0.06927083333333334 0.41388888888888886 0.05520833333333333 0.06481481481481481
0 0.027604166666666666 0.6652777777777777 0.05416666666666667 0.11944444444444445
