4 0.29296875 0.5902777777777778 0.08489583333333334 0.18055555555555555
4 0.3489583333333333 0.5185185185185185 0.065625 0.12037037037037036
4 0.5963541666666666 0.6861111111111111 0.14895833333333333 0.2111111111111111
4 0.4708333333333333 0.4773148148148148 0.09166666666666666 0.1398148148148148
4 0.41432291666666665 0.3851851851851852 0.058854166666666666 0.07592592592592592
4 0.43072916666666666 0.2953703703703704 0.07395833333333333 0.05555555555555555
4 0.40729166666666666 0.24953703703703703 0.05625 0.03796296296296296
4 0.31640625 0.37083333333333335 0.0453125 0.075
4 0.25755208333333335 0.34120370370370373 0.03802083333333333 0.07685185185185185
4 0.0484375 0.4671296296296296 0.096875 0.09722222222222222
4 0.06432291666666666 0.4185185185185185 0.12864583333333332 0.07222222222222222
4 0.05963541666666667 0.3819444444444444 0.11927083333333334 0.05462962962962963
4 0.06744791666666666 0.3486111111111111 0.10364583333333334 0.06574074074074074
4 0.08671875 0.3212962962962963 0.08697916666666666 0.05555555555555555
4 0.15651041666666668 0.2810185185185185 0.03697916666666667 0.06388888888888888
4 0.25807291666666665 0.2740740740740741 0.034895833333333334 0.06111111111111111
4 0.2630208333333333 0.2162037037037037 0.026041666666666668 0.05277777777777778
4 0.29140625 0.24444444444444444 0.0296875 0.046296296296296294
4 0.2921875 0.1875 0.023958333333333335 0.03796296296296296
4 0.2890625 0.16712962962962963 0.019791666666666666 0.025
4 0.37395833333333334 0.2412037037037037 0.04791666666666667 0.05462962962962963
4 0.2234375 0.1388888888888889 0.023958333333333335 0.037037037037037035
4 0.22942708333333334 0.125 0.019270833333333334 0.03333333333333333
4 0.20625 0.1087962962962963 0.03229166666666667 0.023148148148148147
4 0.21640625 0.09027777777777778 0.024479166666666666 0.023148148148148147
4 0.22604166666666667 0.08287037037037037 0.019791666666666666 0.019444444444444445
4 0.26510416666666664 0.16898148148148148 0.01875 0.03611111111111111
4 0.2638020833333333 0.1398148148148148 0.018229166666666668 0.025925925925925925
4 0.2640625 0.11990740740740741 0.014583333333333334 0.025
4 0.2677083333333333 0.10416666666666667 0.014583333333333334 0.023148148148148147
4 0.26510416666666664 0.09305555555555556 0.013541666666666667 0.017592592592592594
4 0.2830729166666667 0.1087962962962963 0.013020833333333334 0.023148148148148147
4 0.2755208333333333 0.08564814814814815 0.0125 0.023148148148148147
4 0.26328125 0.0699074074074074 0.019270833333333334 0.019444444444444445
4 0.28359375 0.06342592592592593 0.019270833333333334 0.019444444444444445
4 0.33229166666666665 0.1287037037037037 0.017708333333333333 0.03148148148148148
4 0.31979166666666664 0.11527777777777778 0.013541666666666667 0.023148148148148147
4 0.31276041666666665 0.1050925925925926 0.011979166666666667 0.019444444444444445
4 0.3138020833333333 0.0875 0.0140625 0.021296296296296296
4 0.36875 0.15833333333333333 0.04375 0.03333333333333333
4 0.38515625 0.18472222222222223 0.05572916666666667 0.03981481481481482
4 0.3927083333333333 0.20694444444444443 0.05625 0.04351851851851852
