4 0.04348958333333333 0.7800925925925926 0.08697916666666666 0.11018518518518519
4 0.16901041666666666 0.649537037037037 0.13072916666666667 0.10648148148148148
4 0.13020833333333334 0.37777777777777777 0.034375 0.037037037037037035
4 0.08333333333333333 0.35462962962962963 0.034375 0.027777777777777776
4 0.37604166666666666 0.3527777777777778 0.00625 0.02962962962962963
4 0.4041666666666667 0.350462962962963 0.007291666666666667 0.030555555555555555
4 0.521875 0.39166666666666666 0.04583333333333333 0.046296296296296294
4 0.5697916666666667 0.40324074074074073 0.05 0.04351851851851852
4 0.5890625 0.3685185185185185 0.041666666666666664 0.03518518518518519
4 0.5770833333333333 0.35648148148148145 0.040625 0.03888888888888889
4 0.6231770833333333 0.3773148148148148 0.04635416666666667 0.03796296296296296
4 0.6380208333333334 0.3537037037037037 0.03854166666666667 0.03333333333333333
4 0.6708333333333333 0.3625 0.042708333333333334 0.03796296296296296
4 0.6716145833333333 0.32083333333333336 0.034895833333333334 0.032407407407407406
4 0.6723958333333333 0.3398148148148148 0.036458333333333336 0.03148148148148148
4 0.7033854166666667 0.3449074074074074 0.034895833333333334 0.032407407407407406
4 0.7020833333333333 0.32407407407407407 0.03229166666666667 0.027777777777777776
4 0.7015625 0.3101851851851852 0.020833333333333332 0.022222222222222223
4 0.7127604166666667 0.31574074074074077 0.019270833333333334 0.025925925925925925
