4 0.32734375 0.9472222222222222 0.0515625 0.05
4 0.47109375 0.8680555555555556 0.0453125 0.04351851851851852
4 0.48880208333333336 0.8453703703703703 0.044270833333333336 0.03888888888888889
4 0.3846354166666667 0.7583333333333333 0.030729166666666665 0.027777777777777776
4 0.4427083333333333 0.6787037037037037 0.016666666666666666 0.018518518518518517
4 0.28958333333333336 0.7425925925925926 0.026041666666666668 0.025925925925925925
4 0.27760416666666665 0.7134259259259259 0.022916666666666665 0.021296296296296296
4 0.22291666666666668 0.7148148148148148 0.021875 0.025925925925925925
4 0.228125 0.6981481481481482 0.020833333333333332 0.020370370370370372
4 0.20182291666666666 0.6476851851851851 0.0140625 0.01574074074074074
4 0.030208333333333334 0.8902777777777777 0.030208333333333334 0.05462962962962963
4 0.134375 0.6361111111111111 0.014583333333333334 0.014814814814814815
4 0.12265625 0.600462962962963 0.009895833333333333 0.012037037037037037
4 0.07994791666666666 0.5763888888888888 0.0078125 0.012037037037037037
4 0.06744791666666666 0.5949074074074074 0.0078125 0.012037037037037037
4 0.057291666666666664 0.5856481481481481 0.007291666666666667 0.010185185185185186
4 0.04895833333333333 0.5879629629629629 0.008333333333333333 0.009259259259259259
4 0.03567708333333333 0.5805555555555556 0.0067708333333333336 0.007407407407407408
4 0.0390625 0.5745370370370371 0.00625 0.008333333333333333
4 0.02578125 0.5726851851851852 0.0067708333333333336 0.008333333333333333
4 0.59921875 0.5606481481481481 0.0067708333333333336 0.008333333333333333
