0 0.18463541666666666 0.41064814814814815 0.011979166666666667 0.019444444444444445
0 0.19453125 0.4115740740740741 0.011979166666666667 0.017592592592592594
0 0.2765625 0.3013888888888889 0.013541666666666667 0.013888888888888888
0 0.3143229166666667 0.4976851851851852 0.011979166666666667 0.026851851851851852
0 0.3697916666666667 0.3648148148148148 0.008333333333333333 0.014814814814814815
0 0.30520833333333336 0.3925925925925926 0.016666666666666666 0.014814814814814815
0 0.30807291666666664 0.3819444444444444 0.0171875 0.01574074074074074
0 0.43359375 0.25277777777777777 0.011979166666666667 0.009259259259259259
0 0.37786458333333334 0.21666666666666667 0.005729166666666666 0.009259259259259259
0 0.37890625 0.20787037037037037 0.0036458333333333334 0.008333333333333333
0 0.3807291666666667 0.19907407407407407 0.004166666666666667 0.011111111111111112
0 0.4596354166666667 0.1824074074074074 0.0078125 0.007407407407407408
0 0.44869791666666664 0.1875 0.0046875 0.008333333333333333
