4 0.52109375 0.9180555555555555 0.13697916666666668 0.10833333333333334
4 0.2265625 0.8708333333333333 0.06145833333333333 0.20277777777777778
4 0.29375 0.7449074074074075 0.04791666666666667 0.14166666666666666
4 0.15104166666666666 0.5657407407407408 0.04375 0.10740740740740741
4 0.05182291666666667 0.725 0.10260416666666666 0.09444444444444444
4 0.054947916666666666 0.6550925925925926 0.10885416666666667 0.0712962962962963
4 0.38645833333333335 0.5925925925925926 0.041666666666666664 0.07962962962962963
4 0.24088541666666666 0.5805555555555556 0.03802083333333333 0.10185185185185185
4 0.29270833333333335 0.5388888888888889 0.03333333333333333 0.07222222222222222
4 0.24713541666666666 0.5041666666666667 0.033854166666666664 0.06944444444444445
4 0.28619791666666666 0.48333333333333334 0.0328125 0.053703703703703705
4 0.28854166666666664 0.43425925925925923 0.027083333333333334 0.04814814814814815
4 0.284375 0.38472222222222224 0.017708333333333333 0.03796296296296296
4 0.24661458333333333 0.44907407407407407 0.027604166666666666 0.05185185185185185
4 0.253125 0.4083333333333333 0.023958333333333335 0.05185185185185185
4 0.35052083333333334 0.42916666666666664 0.030208333333333334 0.049074074074074076
4 0.19765625 0.399537037037037 0.028645833333333332 0.05092592592592592
4 0.20807291666666666 0.3587962962962963 0.0234375 0.04722222222222222
4 0.18046875 0.45185185185185184 0.04114583333333333 0.07222222222222222
4 0.33619791666666665 0.3578703703703704 0.022395833333333334 0.03611111111111111
4 0.33046875 0.33611111111111114 0.0171875 0.024074074074074074
4 0.32447916666666665 0.31805555555555554 0.01875 0.032407407407407406
4 0.28411458333333334 0.3537037037037037 0.0171875 0.02962962962962963
4 0.2838541666666667 0.3300925925925926 0.020833333333333332 0.032407407407407406
4 0.2559895833333333 0.3625 0.022395833333333334 0.05277777777777778
4 0.25859375 0.3194444444444444 0.018229166666666668 0.03888888888888889
4 0.18385416666666668 0.3375 0.034375 0.030555555555555555
4 0.19088541666666667 0.3212962962962963 0.03177083333333333 0.03518518518518519
4 0.20755208333333333 0.28564814814814815 0.0359375 0.028703703703703703
4 0.215625 0.2671296296296296 0.029166666666666667 0.023148148148148147
4 0.23229166666666667 0.2569444444444444 0.0125 0.019444444444444445
4 0.259375 0.2916666666666667 0.016666666666666666 0.024074074074074074
4 0.2828125 0.29768518518518516 0.014583333333333334 0.025
4 0.31979166666666664 0.2810185185185185 0.017708333333333333 0.028703703703703703
4 0.27890625 0.2833333333333333 0.016145833333333335 0.022222222222222223
4 0.278125 0.26805555555555555 0.013541666666666667 0.021296296296296296
4 0.27734375 0.25555555555555554 0.011979166666666667 0.020370370370370372
4 0.278125 0.2375 0.011458333333333333 0.017592592592592594
4 0.2591145833333333 0.26990740740740743 0.015104166666666667 0.026851851851851852
4 0.2630208333333333 0.24953703703703703 0.013541666666666667 0.028703703703703703
4 0.26223958333333336 0.22268518518518518 0.0109375 0.019444444444444445
4 0.27734375 0.22546296296296298 0.013020833333333334 0.019444444444444445
4 0.2635416666666667 0.2074074074074074 0.009375 0.016666666666666666
4 0.3333333333333333 0.2652777777777778 0.030208333333333334 0.026851851851851852
4 0.33229166666666665 0.25972222222222224 0.03229166666666667 0.023148148148148147
4 0.30807291666666664 0.24074074074074073 0.013020833333333334 0.020370370370370372
4 0.325 0.24768518518518517 0.025 0.017592592592592594
