0 0.53515625 0.6833333333333333 0.0453125 0.0962962962962963
0 0.409375 0.48657407407407405 0.03229166666666667 0.07314814814814814
0 0.48854166666666665 0.41712962962962963 0.034375 0.06574074074074074
0 0.40989583333333335 0.2916666666666667 0.020833333333333332 0.05
0 0.06640625 0.9847222222222223 0.12552083333333333 0.11203703703703703
0 0.44453125 0.1962962962962963 0.016145833333333335 0.03333333333333333
0 0.42942708333333335 0.1162037037037037 0.0140625 0.026851851851851852
0 0.3919270833333333 0.01898148148148148 0.0234375 0.021296296296296296
0 0.8697916666666666 1.0652777777777778 0.10104166666666667 0.10833333333333334
0 0.9619791666666667 1.3087962962962962 0.15104166666666666 0.11574074074074074
0 0.8799479166666667 0.44814814814814813 0.0390625 0.07777777777777778
0 1.0049479166666666 0.4310185185185185 0.06302083333333333 0.058333333333333334
0 1.0260416666666667 0.5662037037037037 0.03125 0.07314814814814814
0 0.59375 0.26851851851851855 0.04791666666666667 0.03888888888888889
0 0.5802083333333333 0.2824074074074074 0.04479166666666667 0.03148148148148148
0 0.6513020833333333 0.47314814814814815 0.03697916666666667 0.03148148148148148
0 0.6252604166666667 0.3962962962962963 0.034895833333333334 0.04259259259259259
0 0.6125 0.36527777777777776 0.025 0.03796296296296296
0 0.050520833333333334 1.0847222222222221 0.09895833333333333 0.10833333333333334
0 0.038802083333333334 1.2032407407407408 0.07239583333333334 0.1287037037037037
0 0.121875 0.6046296296296296 0.04791666666666667 0.09259259259259259
