4 0.23776041666666667 0.4263888888888889 0.04635416666666667 0.0787037037037037
4 0.06354166666666666 0.45231481481481484 0.07083333333333333 0.10462962962962963
4 0.15572916666666667 0.26296296296296295 0.04583333333333333 0.05925925925925926
4 0.21458333333333332 0.1449074074074074 0.028125 0.05092592592592592
4 0.2328125 0.10648148148148148 0.023958333333333335 0.04259259259259259
4 0.18854166666666666 0.20185185185185187 0.0375 0.06296296296296296
4 0.32005208333333335 0.10277777777777777 0.0203125 0.037037037037037035
4 0.25729166666666664 0.06342592592592593 0.01875 0.030555555555555555
4 0.39895833333333336 0.17962962962962964 0.041666666666666664 0.046296296296296294
4 0.4046875 0.13842592592592592 0.04375 0.03425925925925926
4 0.40078125 0.09027777777777778 0.04010416666666667 0.030555555555555555
4 0.39947916666666666 0.07175925925925926 0.028125 0.028703703703703703
4 0.3984375 0.06111111111111111 0.0375 0.027777777777777776
4 0.36875 0.11064814814814815 0.019791666666666666 0.03425925925925926
4 0.32578125 0.07592592592592592 0.0171875 0.027777777777777776
4 0.37109375 0.03935185185185185 0.0140625 0.025
4 0.39453125 0.026851851851851852 0.027604166666666666 0.022222222222222223
4 0.39296875 0.020833333333333332 0.028645833333333332 0.021296296296296296
4 0.33359375 0.04675925925925926 0.015104166666666667 0.025
4 0.33671875 0.02824074074074074 0.0140625 0.021296296296296296
4 0.28151041666666665 0.018055555555555554 0.0171875 0.025
