0 0.8510416666666667 0.03935185185185185 0.023958333333333335 0.019444444444444445
0 0.865625 0.022222222222222223 0.015625 0.020370370370370372
0 0.87578125 0.008333333333333333 0.015104166666666667 0.016666666666666666
0 0.7880208333333333 0.06296296296296296 0.017708333333333333 0.02962962962962963
0 0.8080729166666667 0.03518518518518519 0.016145833333333335 0.025925925925925925
0 0.7518229166666667 0.3138888888888889 0.030729166666666665 0.04259259259259259
0 0.69609375 0.21851851851851853 0.0234375 0.03518518518518519
0 0.6611979166666667 0.27175925925925926 0.025520833333333333 0.04351851851851852
0 0.6075520833333333 0.43148148148148147 0.030729166666666665 0.05185185185185185
0 0.5838541666666667 0.5740740740740741 0.034375 0.05925925925925926
0 0.37786458333333334 0.5143518518518518 0.034895833333333334 0.058333333333333334
0 0.21015625 0.7333333333333333 0.0515625 0.07407407407407407
