4 0.3171875 0.04490740740740741 0.009375 0.03981481481481482
4 0.29375 0.07222222222222222 0.010416666666666666 0.04259259259259259
4 0.315625 0.1425925925925926 0.010416666666666666 0.037037037037037035
4 0.31302083333333336 0.19027777777777777 0.009375 0.03981481481481482
4 0.28359375 0.3263888888888889 0.0109375 0.04351851851851852
4 0.303125 0.5199074074074074 0.020833333333333332 0.017592592592592594
4 0.30703125 0.5472222222222223 0.022395833333333334 0.018518518518518517
4 0.340625 0.5199074074074074 0.023958333333333335 0.019444444444444445
4 0.42604166666666665 0.5222222222222223 0.021875 0.018518518518518517
4 0.48203125 0.5189814814814815 0.024479166666666666 0.021296296296296296
4 0.4864583333333333 0.5476851851851852 0.026041666666666668 0.019444444444444445
4 0.2171875 0.7171296296296297 0.009375 0.023148148148148147
4 0.56875 0.5300925925925926 0.027083333333333334 0.021296296296296296
4 0.6205729166666667 0.525 0.028645833333333332 0.020370370370370372
