4 0.45651041666666664 0.8226851851851852 0.1546875 0.2101851851851852
4 0.3221354166666667 0.6620370370370371 0.14739583333333334 0.15555555555555556
4 0.35546875 0.4287037037037037 0.1109375 0.08333333333333333
4 0.35052083333333334 0.25277777777777777 0.08854166666666667 0.06111111111111111
4 0.34739583333333335 0.21481481481481482 0.090625 0.06111111111111111
4 0.35520833333333335 0.5476851851851852 0.125 0.11944444444444445
4 0.35520833333333335 0.16435185185185186 0.06875 0.049074074074074076
4 0.346875 0.12546296296296297 0.08125 0.07314814814814814
4 0.34296875 0.08611111111111111 0.06197916666666667 0.05
4 0.34348958333333335 0.04861111111111111 0.08177083333333333 0.04722222222222222
4 0.33958333333333335 0.020370370370370372 0.06458333333333334 0.040740740740740744
4 0.60625 0.8828703703703704 0.10625 0.1787037037037037
