0 0.4552083333333333 0.8662037037037037 0.034375 0.10648148148148148
0 0.3997395833333333 0.1986111111111111 0.0078125 0.013888888888888888
0 0.47604166666666664 0.3212962962962963 0.014583333333333334 0.016666666666666666
0 0.2752604166666667 0.09074074074074075 0.0036458333333333334 0.007407407407407408
0 0.25677083333333334 0.2689814814814815 0.008333333333333333 0.013888888888888888
0 0.25885416666666666 0.31203703703703706 0.008333333333333333 0.016666666666666666
0 0.25833333333333336 0.29814814814814816 0.008333333333333333 0.012962962962962963
0 0.2708333333333333 0.07453703703703704 0.003125 0.004629629629629629
0 0.20442708333333334 0.3527777777777778 0.0265625 0.018518518518518517
0 0.20416666666666666 0.36435185185185187 0.025 0.013888888888888888
0 0.125 0.4537037037037037 0.016666666666666666 0.03518518518518519
