0 0.07447916666666667 0.712037037037037 0.035416666666666666 0.03333333333333333
0 0.125 0.700462962962963 0.0375 0.05648148148148148
0 0.17369791666666667 0.3375 0.019270833333333334 0.032407407407407406
0 0.16119791666666666 0.23333333333333334 0.011979166666666667 0.016666666666666666
0 0.184375 0.1986111111111111 0.008333333333333333 0.012037037037037037
0 0.18723958333333332 0.17962962962962964 0.009895833333333333 0.014814814814814815
0 0.19583333333333333 0.1597222222222222 0.007291666666666667 0.012037037037037037
0 0.23776041666666667 0.15555555555555556 0.0067708333333333336 0.012962962962962963
0 0.24921875 0.13564814814814816 0.005729166666666666 0.010185185185185186
0 0.24140625 0.12731481481481483 0.005729166666666666 0.012037037037037037
0 0.22916666666666666 0.12083333333333333 0.005208333333333333 0.012037037037037037
0 0.2598958333333333 0.11712962962962963 0.005208333333333333 0.010185185185185186
0 0.2518229166666667 0.11296296296296296 0.0046875 0.009259259259259259
0 0.24427083333333333 0.11018518518518519 0.005208333333333333 0.009259259259259259
0 0.2604166666666667 0.10648148148148148 0.004166666666666667 0.007407407407407408
0 0.24895833333333334 0.09490740740740741 0.004166666666666667 0.008333333333333333
0 0.25625 0.08657407407407407 0.004166666666666667 0.008333333333333333
0 0.22239583333333332 0.1 0.005208333333333333 0.007407407407407408
0 0.23098958333333333 0.09675925925925925 0.0046875 0.008333333333333333
0 0.2375 0.09490740740740741 0.004166666666666667 0.008333333333333333
0 0.22838541666666667 0.08657407407407407 0.0036458333333333334 0.008333333333333333
0 0.23619791666666667 0.0837962962962963 0.0036458333333333334 0.008333333333333333
0 0.24401041666666667 0.07777777777777778 0.0036458333333333334 0.007407407407407408
0 0.24869791666666666 0.06435185185185185 0.0036458333333333334 0.006481481481481481
0 0.2557291666666667 0.06342592592592593 0.003125 0.006481481481481481
0 0.37213541666666666 0.4824074074074074 0.0140625 0.03333333333333333
0 0.44947916666666665 0.5185185185185185 0.017708333333333333 0.03888888888888889
0 0.3640625 0.36574074074074076 0.010416666666666666 0.020370370370370372
0 0.43203125 0.37083333333333335 0.019270833333333334 0.026851851851851852
0 0.434375 0.31527777777777777 0.016666666666666666 0.01574074074074074
0 0.3880208333333333 0.2569444444444444 0.007291666666666667 0.013888888888888888
0 0.39427083333333335 0.2638888888888889 0.014583333333333334 0.014814814814814815
0 0.3963541666666667 0.27361111111111114 0.009375 0.017592592592592594
0 0.38333333333333336 0.25 0.008333333333333333 0.016666666666666666
0 0.36692708333333335 0.22037037037037038 0.0067708333333333336 0.016666666666666666
0 0.36380208333333336 0.2162037037037037 0.005729166666666666 0.010185185185185186
0 0.36015625 0.2101851851851852 0.0078125 0.014814814814814815
0 0.37916666666666665 0.33935185185185185 0.010416666666666666 0.017592592592592594
0 0.37916666666666665 0.26990740740740743 0.011458333333333333 0.017592592592592594
0 0.3776041666666667 0.2523148148148148 0.008333333333333333 0.013888888888888888
0 0.4002604166666667 0.2824074074074074 0.0078125 0.016666666666666666
0 0.33515625 0.16666666666666666 0.005729166666666666 0.012962962962962963
0 0.3419270833333333 0.17777777777777778 0.005729166666666666 0.011111111111111112
0 0.3416666666666667 0.18287037037037038 0.004166666666666667 0.012037037037037037
0 0.3190104166666667 0.1685185185185185 0.0036458333333333334 0.007407407407407408
0 0.3026041666666667 0.1412037037037037 0.004166666666666667 0.008333333333333333
0 0.29583333333333334 0.1259259259259259 0.005208333333333333 0.009259259259259259
0 0.2989583333333333 0.1337962962962963 0.004166666666666667 0.008333333333333333
0 0.325 0.15092592592592594 0.004166666666666667 0.011111111111111112
0 0.33125 0.16157407407407406 0.005208333333333333 0.012037037037037037
0 0.32786458333333335 0.1638888888888889 0.005729166666666666 0.011111111111111112
