0 0.01171875 0.9009259259259259 0.0234375 0.05555555555555555
0 0.04088541666666667 0.6986111111111111 0.058854166666666666 0.04351851851851852
0 0.06041666666666667 0.6273148148148148 0.05520833333333333 0.04351851851851852
0 0.09791666666666667 0.44537037037037036 0.0375 0.03333333333333333
0 0.10390625 0.4199074074074074 0.04114583333333333 0.030555555555555555
0 0.12760416666666666 0.3476851851851852 0.03958333333333333 0.026851851851851852
0 0.12994791666666666 0.32592592592592595 0.0328125 0.022222222222222223
0 0.140625 0.27870370370370373 0.03229166666666667 0.02962962962962963
0 0.15078125 0.2439814814814815 0.0296875 0.025
0 0.14817708333333332 0.058333333333333334 0.024479166666666666 0.014814814814814815
0 0.18072916666666666 0.05462962962962963 0.021875 0.016666666666666666
0 0.37135416666666665 0.18009259259259258 0.026041666666666668 0.026851851851851852
0 0.4010416666666667 0.19074074074074074 0.0125 0.03148148148148148
0 0.41744791666666664 0.2175925925925926 0.0140625 0.03518518518518519
0 0.42630208333333336 0.2800925925925926 0.0140625 0.03611111111111111
0 0.4479166666666667 0.41203703703703703 0.01875 0.05185185185185185
0 0.46979166666666666 0.5388888888888889 0.020833333333333332 0.05555555555555555
0 0.5690104166666666 0.10972222222222222 0.0140625 0.021296296296296296
0 0.5856770833333333 0.10231481481481482 0.015104166666666667 0.021296296296296296
