0 0.20026041666666666 0.38333333333333336 0.011979166666666667 0.03518518518518519
0 0.25104166666666666 0.36527777777777776 0.013541666666666667 0.03796296296296296
0 0.20182291666666666 0.5810185185185185 0.019270833333333334 0.05092592592592592
0 0.196875 0.1259259259259259 0.007291666666666667 0.012962962962962963
0 0.21692708333333333 0.08842592592592592 0.005729166666666666 0.010185185185185186
0 0.18645833333333334 0.08981481481481482 0.005208333333333333 0.011111111111111112
0 0.16484375 0.17037037037037037 0.0067708333333333336 0.012962962962962963
0 0.15989583333333332 0.23796296296296296 0.008333333333333333 0.014814814814814815
0 0.16666666666666666 0.14907407407407408 0.007291666666666667 0.011111111111111112
0 0.16770833333333332 0.1574074074074074 0.007291666666666667 0.012962962962962963
0 0.42552083333333335 0.19074074074074074 0.009375 0.014814814814814815
0 0.6309895833333333 0.15555555555555556 0.013020833333333334 0.011111111111111112
0 0.5703125 0.17546296296296296 0.016666666666666666 0.012037037037037037
0 0.32760416666666664 0.2726851851851852 0.019791666666666666 0.01574074074074074
0 0.32578125 0.26435185185185184 0.021354166666666667 0.013888888888888888
0 0.22682291666666668 0.0699074074074074 0.0046875 0.008333333333333333
0 0.3536458333333333 0.2652777777777778 0.017708333333333333 0.01574074074074074
0 0.5161458333333333 0.1962962962962963 0.01875 0.012962962962962963
0 0.57421875 0.18101851851851852 0.018229166666666668 0.012037037037037037
0 0.5885416666666666 0.16944444444444445 0.017708333333333333 0.012962962962962963
0 0.6205729166666667 0.16666666666666666 0.0140625 0.011111111111111112
0 0.64140625 0.1597222222222222 0.0171875 0.013888888888888888
0 0.6098958333333333 0.16342592592592592 0.013541666666666667 0.012037037037037037
0 0.4661458333333333 0.20324074074074075 0.016666666666666666 0.012037037037037037
0 0.26901041666666664 0.17222222222222222 0.0078125 0.012962962962962963
