0 0.3416666666666667 0.4199074074074074 0.025 0.032407407407407406
0 0.3494791666666667 0.7490740740740741 0.030208333333333334 0.05555555555555555
0 0.3260416666666667 0.6884259259259259 0.027083333333333334 0.06018518518518518
0 0.17369791666666667 0.7393518518518518 0.022395833333333334 0.06759259259259259
0 0.48098958333333336 0.5638888888888889 0.0296875 0.037037037037037035
0 0.6291666666666667 0.6967592592592593 0.03333333333333333 0.049074074074074076
0 0.23125 0.5055555555555555 0.027083333333333334 0.03148148148148148
0 0.221875 0.16805555555555557 0.007291666666666667 0.012037037037037037
0 0.13072916666666667 0.22962962962962963 0.011458333333333333 0.012962962962962963
0 0.14791666666666667 0.26944444444444443 0.011458333333333333 0.016666666666666666
0 0.5106770833333333 0.9453703703703704 0.04635416666666667 0.046296296296296294
0 0.56171875 0.7652777777777777 0.04010416666666667 0.05648148148148148
0 0.6447916666666667 0.4648148148148148 0.023958333333333335 0.03333333333333333
0 0.7067708333333333 0.5513888888888889 0.010416666666666666 0.017592592592592594
0 0.69609375 0.5560185185185185 0.008854166666666666 0.017592592592592594
