0 0.45026041666666666 0.8467592592592592 0.050520833333333334 0.08611111111111111
0 0.50078125 0.7875 0.04739583333333333 0.08611111111111111
0 0.3528645833333333 0.9546296296296296 0.04739583333333333 0.08518518518518518
0 0.7770833333333333 0.41388888888888886 0.040625 0.04814814814814815
0 0.8114583333333333 0.3449074074074074 0.040625 0.04537037037037037
0 0.8263020833333333 0.31342592592592594 0.03802083333333333 0.04351851851851852
0 0.921875 0.2652777777777778 0.022916666666666665 0.04351851851851852
0 0.90078125 0.2657407407407407 0.022395833333333334 0.037037037037037035
0 0.9502604166666667 0.06342592592592593 0.015104166666666667 0.030555555555555555
0 0.96796875 0.06620370370370371 0.0171875 0.032407407407407406
0 0.9885416666666667 0.07407407407407407 0.016666666666666666 0.03333333333333333
0 0.5348958333333333 0.15092592592592594 0.023958333333333335 0.03148148148148148
0 0.5184895833333333 0.13287037037037036 0.022395833333333334 0.028703703703703703
0 0.12369791666666667 0.5837962962962963 0.033854166666666664 0.06759259259259259
0 0.0921875 0.5990740740740741 0.03333333333333333 0.07037037037037037
0 0.03333333333333333 0.6398148148148148 0.03333333333333333 0.07592592592592592
0 0.011458333333333333 0.4263888888888889 0.022916666666666665 0.05092592592592592
