4 0.5575520833333333 0.6083333333333333 0.058854166666666666 0.05555555555555555
4 0.48411458333333335 0.462037037037037 0.0453125 0.03888888888888889
4 0.46848958333333335 0.42824074074074076 0.03697916666666667 0.03796296296296296
4 0.54921875 0.4777777777777778 0.0453125 0.040740740740740744
4 0.5268229166666667 0.44166666666666665 0.04114583333333333 0.03518518518518519
4 0.3729166666666667 0.6481481481481481 0.057291666666666664 0.06111111111111111
4 0.2453125 0.575 0.04895833333333333 0.06111111111111111
4 0.6018229166666667 0.5185185185185185 0.05364583333333333 0.05
4 0.59296875 0.45694444444444443 0.0484375 0.04537037037037037
4 0.22682291666666668 0.4050925925925926 0.04114583333333333 0.030555555555555555
4 0.31276041666666665 0.375 0.03802083333333333 0.040740740740740744
4 0.36953125 0.2671296296296296 0.016145833333333335 0.03611111111111111
4 0.35546875 0.25324074074074077 0.0140625 0.03796296296296296
4 0.23880208333333333 0.8425925925925926 0.0546875 0.13703703703703704
4 0.17916666666666667 0.8870370370370371 0.06041666666666667 0.12962962962962962
4 0.08541666666666667 0.46805555555555556 0.040625 0.03981481481481482
4 0.12109375 0.44305555555555554 0.0421875 0.03611111111111111
4 0.04244791666666667 0.45185185185185184 0.043229166666666666 0.037037037037037035
4 0.07369791666666667 0.4273148148148148 0.043229166666666666 0.03796296296296296
4 0.032552083333333336 0.3925925925925926 0.04010416666666667 0.03888888888888889
4 0.14453125 0.41435185185185186 0.044270833333333336 0.03796296296296296
4 0.32057291666666665 0.24722222222222223 0.018229166666666668 0.03148148148148148
4 0.39557291666666666 0.25925925925925924 0.013020833333333334 0.02962962962962963
4 0.4075520833333333 0.20787037037037037 0.009895833333333333 0.025
4 0.38125 0.22546296296296298 0.016666666666666666 0.030555555555555555
4 0.36380208333333336 0.22314814814814815 0.016145833333333335 0.025925925925925925
4 0.3723958333333333 0.19907407407407407 0.014583333333333334 0.024074074074074074
4 0.3828125 0.1736111111111111 0.0125 0.021296296296296296
4 0.32916666666666666 0.22592592592592592 0.015625 0.03148148148148148
4 0.40651041666666665 0.10648148148148148 0.009895833333333333 0.018518518518518517
4 0.4348958333333333 0.09722222222222222 0.008333333333333333 0.012962962962962963
4 0.6669270833333333 0.49907407407407406 0.07239583333333334 0.04814814814814815
4 0.6708333333333333 0.4726851851851852 0.05520833333333333 0.03611111111111111
