4 0.20833333333333334 0.175 0.036458333333333336 0.07037037037037037
4 0.22369791666666666 0.275 0.0390625 0.08888888888888889
4 0.2015625 0.3625 0.04479166666666667 0.08055555555555556
4 0.13151041666666666 0.4222222222222222 0.059895833333333336 0.12222222222222222
4 0.16041666666666668 0.31851851851851853 0.046875 0.1037037037037037
4 0.1640625 0.5078703703703704 0.06354166666666666 0.14166666666666666
4 0.1046875 0.7138888888888889 0.09583333333333334 0.21481481481481482
4 0.13776041666666666 0.8560185185185185 0.10052083333333334 0.22870370370370371
4 0.2981770833333333 0.015277777777777777 0.0203125 0.030555555555555555
4 0.4080729166666667 0.25555555555555554 0.034895833333333334 0.08333333333333333
4 0.46119791666666665 0.2726851851851852 0.034895833333333334 0.075
4 0.42265625 0.3837962962962963 0.0359375 0.09166666666666666
4 0.4817708333333333 0.4152777777777778 0.042708333333333334 0.10277777777777777
4 0.4234375 0.5518518518518518 0.052083333333333336 0.14444444444444443
4 0.59375 0.09722222222222222 0.03958333333333333 0.040740740740740744
4 0.6153645833333333 0.020833333333333332 0.043229166666666666 0.03611111111111111
4 0.6989583333333333 0.49907407407407406 0.06041666666666667 0.08703703703703704
4 0.68828125 0.875 0.08072916666666667 0.19444444444444445
