0 0.2546875 0.737037037037037 0.16979166666666667 0.1425925925925926
0 0.5770833333333333 0.5884259259259259 0.1375 0.10833333333333334
0 0.67109375 0.5175925925925926 0.09114583333333333 0.07962962962962963
0 0.5625 0.4532407407407407 0.09479166666666666 0.07314814814814814
0 0.6739583333333333 0.449537037037037 0.11041666666666666 0.08611111111111111
0 0.41953125 0.45231481481481484 0.1015625 0.0712962962962963
0 0.1359375 0.4537037037037037 0.11666666666666667 0.07222222222222222
0 0.24166666666666667 0.33240740740740743 0.08333333333333333 0.05
0 0.37890625 0.35509259259259257 0.07239583333333334 0.05648148148148148
0 0.4778645833333333 0.39861111111111114 0.08697916666666666 0.06759259259259259
0 0.46796875 0.1425925925925926 0.0203125 0.025925925925925925
0 0.47161458333333334 0.13333333333333333 0.0171875 0.024074074074074074
0 0.48802083333333335 0.15092592592592594 0.021875 0.022222222222222223
0 0.5158854166666667 0.1587962962962963 0.024479166666666666 0.025
0 0.5510416666666667 0.17314814814814813 0.026041666666666668 0.02962962962962963
0 0.6783854166666666 0.2222222222222222 0.0265625 0.03888888888888889
0 0.0265625 0.4675925925925926 0.053125 0.08333333333333333
