4 0.034375 1.1273148148148149 0.027083333333333334 0.06018518518518518
4 0.06458333333333334 1.0717592592592593 0.026041666666666668 0.05462962962962963
4 0.05703125 0.7490740740740741 0.0203125 0.03148148148148148
4 0.09895833333333333 0.7921296296296296 0.017708333333333333 0.030555555555555555
4 0.11875 0.8578703703703704 0.020833333333333332 0.03611111111111111
4 0.09296875 0.7685185185185185 0.019270833333333334 0.03148148148148148
4 0.06510416666666667 0.6291666666666667 0.027083333333333334 0.026851851851851852
4 0.06666666666666667 0.5884259259259259 0.022916666666666665 0.017592592592592594
4 0.045572916666666664 0.5921296296296297 0.0140625 0.019444444444444445
4 0.04010416666666667 0.5763888888888888 0.0125 0.019444444444444445
4 0.06015625 0.5699074074074074 0.022395833333333334 0.017592592592592594
4 0.06354166666666666 0.5583333333333333 0.023958333333333335 0.014814814814814815
4 0.05260416666666667 0.549074074074074 0.020833333333333332 0.014814814814814815
4 0.05 0.5291666666666667 0.019791666666666666 0.01574074074074074
4 0.0328125 0.5449074074074074 0.011458333333333333 0.01574074074074074
4 0.028385416666666666 0.5314814814814814 0.013020833333333334 0.016666666666666666
4 0.022916666666666665 0.5078703703703704 0.010416666666666666 0.013888888888888888
4 0.017447916666666667 0.4875 0.009895833333333333 0.013888888888888888
4 0.12864583333333332 0.8907407407407407 0.020833333333333332 0.037037037037037035
4 0.13854166666666667 0.9296296296296296 0.023958333333333335 0.040740740740740744
4 0.16276041666666666 1.0212962962962964 0.025520833333333333 0.05
4 0.17421875 1.0675925925925926 0.0296875 0.05740740740740741
4 0.4544270833333333 1.275 0.0515625 0.07037037037037037
4 0.42109375 1.2162037037037037 0.0484375 0.06759259259259259
4 0.51171875 1.1319444444444444 0.0421875 0.05648148148148148
4 0.54140625 0.9495370370370371 0.033854166666666664 0.03981481481481482
4 0.5309895833333333 0.9254629629629629 0.0359375 0.03981481481481482
4 0.5169270833333334 0.9041666666666667 0.034895833333333334 0.030555555555555555
4 0.50703125 0.8527777777777777 0.0265625 0.02962962962962963
4 0.553125 0.7787037037037037 0.03125 0.03333333333333333
4 0.9731770833333333 0.7087962962962963 0.027604166666666666 0.028703703703703703
4 1.0018229166666666 0.6875 0.024479166666666666 0.028703703703703703
4 1.0236979166666667 0.6319444444444444 0.022395833333333334 0.025
4 0.9643229166666667 0.6703703703703704 0.024479166666666666 0.025925925925925925
4 0.97265625 0.6134259259259259 0.0234375 0.025
