4 0.1578125 0.3648148148148148 0.059375 0.046296296296296294
4 0.029166666666666667 0.663425925925926 0.058333333333333334 0.04722222222222222
4 0.23307291666666666 0.7907407407407407 0.0546875 0.10185185185185185
4 0.10260416666666666 0.7458333333333333 0.036458333333333336 0.11203703703703703
4 0.06588541666666667 0.7527777777777778 0.03697916666666667 0.11296296296296296
4 0.3 0.43796296296296294 0.05416666666666667 0.03888888888888889
4 0.12421875 0.5425925925925926 0.059895833333333336 0.046296296296296294
4 0.24140625 0.6092592592592593 0.0640625 0.04814814814814815
4 0.32447916666666665 0.5476851851851852 0.06041666666666667 0.04722222222222222
4 0.5729166666666666 0.32407407407407407 0.052083333333333336 0.06481481481481481
4 0.44973958333333336 0.45694444444444443 0.0546875 0.04537037037037037
4 0.4869791666666667 0.5513888888888889 0.059375 0.049074074074074076
4 0.7036458333333333 0.3851851851851852 0.051041666666666666 0.044444444444444446
4 0.6486979166666667 0.6101851851851852 0.058854166666666666 0.04259259259259259
4 0.58515625 0.6800925925925926 0.0546875 0.08425925925925926
4 0.5231770833333333 0.9546296296296296 0.0265625 0.03333333333333333
