0 0.09114583333333333 0.016203703703703703 0.00625 0.01574074074074074
0 0.11432291666666666 0.008333333333333333 0.005729166666666666 0.016666666666666666
0 0.11901041666666666 0.00787037037037037 0.005729166666666666 0.013888888888888888
0 0.13723958333333333 0.005092592592592593 0.0046875 0.010185185185185186
0 0.07421875 0.06342592592592593 0.005729166666666666 0.013888888888888888
0 0.10130208333333333 0.06296296296296296 0.0046875 0.014814814814814815
0 0.10755208333333334 0.06157407407407407 0.005729166666666666 0.01574074074074074
0 0.11953125 0.056018518518518516 0.0067708333333333336 0.01574074074074074
0 0.125 0.055092592592592596 0.00625 0.01574074074074074
0 0.13046875 0.05416666666666667 0.005729166666666666 0.013888888888888888
0 0.13697916666666668 0.053703703703703705 0.005208333333333333 0.012962962962962963
0 0.14270833333333333 0.052314814814814814 0.00625 0.019444444444444445
0 0.21432291666666667 0.6 0.005729166666666666 0.016666666666666666
0 0.32864583333333336 0.09027777777777778 0.007291666666666667 0.017592592592592594
0 0.3341145833333333 0.07962962962962963 0.0067708333333333336 0.016666666666666666
0 0.33984375 0.011111111111111112 0.0078125 0.016666666666666666
0 0.39401041666666664 0.09490740740740741 0.0078125 0.019444444444444445
0 0.38229166666666664 0.2865740740740741 0.008333333333333333 0.021296296296296296
0 0.3377604166666667 0.5625 0.0078125 0.025
0 0.37786458333333334 0.5388888888888889 0.008854166666666666 0.025925925925925925
0 0.38385416666666666 0.5342592592592592 0.009375 0.025925925925925925
0 0.3768229166666667 0.6101851851851852 0.009895833333333333 0.024074074074074074
0 0.31588541666666664 0.6046296296296296 0.008854166666666666 0.018518518518518517
0 0.39817708333333335 0.5995370370370371 0.009895833333333333 0.026851851851851852
0 0.40546875 0.5939814814814814 0.0109375 0.026851851851851852
0 0.48463541666666665 0.6865740740740741 0.009895833333333333 0.030555555555555555
0 0.48854166666666665 0.6189814814814815 0.010416666666666666 0.028703703703703703
0 0.43255208333333334 0.5092592592592593 0.008854166666666666 0.024074074074074074
0 0.40546875 0.4324074074074074 0.008854166666666666 0.025925925925925925
0 0.39609375 0.3476851851851852 0.008854166666666666 0.023148148148148147
0 0.403125 0.33564814814814814 0.008333333333333333 0.019444444444444445
0 0.5963541666666666 0.32685185185185184 0.009375 0.022222222222222223
0 0.6276041666666666 0.36898148148148147 0.0125 0.013888888888888888
0 0.70234375 0.26342592592592595 0.011979166666666667 0.019444444444444445
0 0.6950520833333333 0.26805555555555555 0.011979166666666667 0.023148148148148147
0 0.70859375 0.25925925925925924 0.011979166666666667 0.022222222222222223
0 0.6903645833333333 0.27314814814814814 0.0140625 0.024074074074074074
0 0.6505208333333333 0.29259259259259257 0.0125 0.024074074074074074
0 0.6328125 0.3037037037037037 0.011458333333333333 0.022222222222222223
0 0.6455729166666667 0.2962962962962963 0.011979166666666667 0.022222222222222223
0 0.6640625 0.2861111111111111 0.0125 0.024074074074074074
