0 0.17369791666666667 0.5324074074074074 0.0609375 0.10185185185185185
0 0.11458333333333333 0.5453703703703704 0.06458333333333334 0.10555555555555556
0 0.18723958333333332 0.4351851851851852 0.05677083333333333 0.08888888888888889
0 0.246875 0.3365740740740741 0.05 0.0712962962962963
0 0.309375 0.2513888888888889 0.04479166666666667 0.07685185185185185
0 0.35130208333333335 0.19074074074074074 0.0421875 0.06296296296296296
0 0.3924479166666667 0.12731481481481483 0.04010416666666667 0.058333333333333334
0 0.43385416666666665 0.06296296296296296 0.030208333333333334 0.05740740740740741
0 0.4510416666666667 0.09537037037037037 0.0375 0.06296296296296296
0 0.4908854166666667 0.032407407407407406 0.03177083333333333 0.05925925925925926
0 0.40598958333333335 0.16620370370370371 0.0390625 0.06018518518518518
0 0.36640625 0.2351851851851852 0.0390625 0.07222222222222222
0 0.30052083333333335 0.33611111111111114 0.03958333333333333 0.08333333333333333
0 0.23671875 0.42453703703703705 0.049479166666666664 0.08425925925925926
0 0.4705729166666667 0.021296296296296296 0.0328125 0.04259259259259259
