4 0.08880208333333334 0.21388888888888888 0.0109375 0.014814814814814815
4 0.04583333333333333 0.22916666666666666 0.015625 0.012037037037037037
4 0.07734375 0.1986111111111111 0.011979166666666667 0.012037037037037037
4 0.08307291666666666 0.1865740740740741 0.0140625 0.012037037037037037
4 0.209375 0.7694444444444445 0.029166666666666667 0.08333333333333333
4 0.33932291666666664 0.053703703703703705 0.0036458333333333334 0.005555555555555556
4 0.3419270833333333 0.04953703703703704 0.0046875 0.008333333333333333
4 0.35182291666666665 0.013425925925925926 0.0026041666666666665 0.004629629629629629
4 0.36796875 0.09074074074074075 0.0109375 0.007407407407407408
4 0.26458333333333334 0.42777777777777776 0.013541666666666667 0.027777777777777776
4 0.5502604166666667 0.6486111111111111 0.025520833333333333 0.05462962962962963
4 0.5776041666666667 0.6486111111111111 0.023958333333333335 0.05092592592592592
4 0.5205729166666667 0.6050925925925926 0.03697916666666667 0.026851851851851852
4 0.42291666666666666 0.21851851851851853 0.009375 0.018518518518518517
4 0.43984375 0.24768518518518517 0.0171875 0.013888888888888888
4 0.49270833333333336 0.4078703703703704 0.015625 0.028703703703703703
4 0.5104166666666666 0.29907407407407405 0.020833333333333332 0.014814814814814815
4 0.48776041666666664 0.49444444444444446 0.015104166666666667 0.037037037037037035
4 0.50625 0.4962962962962963 0.017708333333333333 0.037037037037037035
4 0.5223958333333333 0.45787037037037037 0.022916666666666665 0.017592592592592594
4 0.64375 0.9277777777777778 0.046875 0.053703703703703705
