0 0.37005208333333334 0.625462962962963 0.022395833333333334 0.07314814814814814
0 0.396875 0.44583333333333336 0.017708333333333333 0.05462962962962963
0 0.37838541666666664 0.2111111111111111 0.0109375 0.027777777777777776
0 0.38177083333333334 0.060648148148148145 0.008333333333333333 0.017592592592592594
0 0.38177083333333334 0.02824074074074074 0.007291666666666667 0.01574074074074074
0 0.2872395833333333 0.15787037037037038 0.008854166666666666 0.019444444444444445
0 0.28802083333333334 0.07731481481481481 0.007291666666666667 0.013888888888888888
0 0.23645833333333333 0.2657407407407407 0.011458333333333333 0.027777777777777776
0 0.5421875 0.034722222222222224 0.016666666666666666 0.013888888888888888
0 0.03802083333333333 0.14166666666666666 0.01875 0.012962962962962963
0 0.014583333333333334 0.13935185185185187 0.01875 0.012037037037037037
0 0.09192708333333334 0.09907407407407408 0.015104166666666667 0.011111111111111112
0 0.14453125 0.08148148148148149 0.013020833333333334 0.012962962962962963
0 0.22317708333333333 0.022685185185185187 0.008854166666666666 0.010185185185185186
0 0.196875 0.04537037037037037 0.011458333333333333 0.012962962962962963
0 0.22838541666666667 0.026851851851851852 0.009895833333333333 0.012962962962962963
0 0.15442708333333333 0.06759259259259259 0.011979166666666667 0.012962962962962963
0 0.2625 0.09953703703703703 0.007291666666666667 0.017592592592592594
0 0.3184895833333333 0.005555555555555556 0.0046875 0.011111111111111112
