4 0.25859375 1.010185185185185 0.0609375 0.15
4 0.3145833333333333 0.749537037037037 0.040625 0.10092592592592593
4 0.33203125 0.6046296296296296 0.03177083333333333 0.07592592592592592
4 0.39453125 0.21203703703703702 0.0171875 0.03148148148148148
4 0.39765625 0.1837962962962963 0.015104166666666667 0.032407407407407406
4 0.4278645833333333 0.18796296296296297 0.0171875 0.037037037037037035
4 0.3463541666666667 0.17546296296296296 0.03125 0.025
4 0.35234375 0.1398148148148148 0.013020833333333334 0.025925925925925925
4 0.35703125 0.11527777777777778 0.028645833333333332 0.023148148148148147
4 0.3450520833333333 0.10046296296296296 0.015104166666666667 0.021296296296296296
4 0.9453125 0.9407407407407408 0.08125 0.13518518518518519
4 0.6645833333333333 0.28703703703703703 0.025 0.03333333333333333
4 0.6122395833333333 0.15555555555555556 0.015104166666666667 0.024074074074074074
4 0.5895833333333333 0.09259259259259259 0.010416666666666666 0.016666666666666666
4 0.553125 0.006944444444444444 0.008333333333333333 0.013888888888888888
