4 0.14088541666666668 0.1935185185185185 0.018229166666666668 0.014814814814814815
4 0.23619791666666667 0.08657407407407407 0.008854166666666666 0.01574074074074074
4 0.2526041666666667 0.07361111111111111 0.00625 0.012037037037037037
4 0.25416666666666665 0.06527777777777778 0.008333333333333333 0.008333333333333333
4 0.26328125 0.08055555555555556 0.0036458333333333334 0.011111111111111112
4 0.3859375 0.2810185185185185 0.010416666666666666 0.023148148148148147
4 0.39869791666666665 0.18194444444444444 0.005729166666666666 0.008333333333333333
4 0.39453125 0.16944444444444445 0.0036458333333333334 0.009259259259259259
4 0.4361979166666667 0.008333333333333333 0.0026041666666666665 0.005555555555555556
4 0.43828125 0.005092592592592593 0.0036458333333333334 0.004629629629629629
4 0.5036458333333333 0.1 0.008333333333333333 0.012962962962962963
4 0.4609375 0.02175925925925926 0.010416666666666666 0.006481481481481481
4 0.5153645833333333 0.11388888888888889 0.0140625 0.007407407407407408
4 0.5669270833333333 0.14583333333333334 0.016145833333333335 0.010185185185185186
4 0.5528645833333333 0.2625 0.022395833333333334 0.01574074074074074
4 0.584375 0.2791666666666667 0.0125 0.021296296296296296
4 0.5666666666666667 0.27685185185185185 0.0125 0.018518518518518517
4 0.5497395833333333 0.22824074074074074 0.009895833333333333 0.017592592592592594
4 0.5380208333333333 0.225 0.009375 0.016666666666666666
4 0.5453125 0.19166666666666668 0.0125 0.014814814814814815
4 0.68359375 0.3398148148148148 0.025520833333333333 0.024074074074074074
