0 0.57578125 0.7217592592592592 0.08697916666666666 0.17685185185185184
0 0.54609375 0.46620370370370373 0.0453125 0.09537037037037037
0 0.42213541666666665 0.046296296296296294 0.024479166666666666 0.044444444444444446
0 0.35494791666666664 0.38981481481481484 0.04010416666666667 0.11296296296296296
0 0.27838541666666666 0.8282407407407407 0.06822916666666666 0.2212962962962963
0 0.2955729166666667 0.6282407407407408 0.0515625 0.15092592592592594
0 0.30859375 0.3453703703703704 0.034895833333333334 0.07407407407407407
0 0.31666666666666665 0.2865740740740741 0.035416666666666666 0.075
0 0.31979166666666664 0.21388888888888888 0.029166666666666667 0.06481481481481481
0 0.3171875 0.16111111111111112 0.022916666666666665 0.053703703703703705
0 0.31640625 0.11203703703703703 0.025520833333333333 0.05740740740740741
0 0.31223958333333335 0.01990740740740741 0.019270833333333334 0.03981481481481482
