0 0.21770833333333334 0.04675925925925926 0.017708333333333333 0.023148148148148147
0 0.22369791666666666 0.12407407407407407 0.009895833333333333 0.03518518518518519
0 0.09322916666666667 0.2611111111111111 0.021875 0.018518518518518517
0 0.26015625 0.1337962962962963 0.0171875 0.028703703703703703
0 0.2520833333333333 0.053703703703703705 0.008333333333333333 0.03333333333333333
0 0.26119791666666664 0.2712962962962963 0.008854166666666666 0.03333333333333333
0 0.27369791666666665 0.5148148148148148 0.009895833333333333 0.03333333333333333
0 0.27734375 0.5606481481481481 0.009895833333333333 0.03796296296296296
0 0.2796875 0.6157407407407407 0.011458333333333333 0.03888888888888889
0 0.30078125 0.9259259259259259 0.009895833333333333 0.03518518518518519
0 0.47109375 0.9222222222222223 0.0109375 0.037037037037037035
0 0.4822916666666667 0.9212962962962963 0.009375 0.03888888888888889
0 0.46171875 0.7379629629629629 0.018229166666666668 0.016666666666666666
0 0.4635416666666667 0.7212962962962963 0.01875 0.016666666666666666
0 0.4625 0.6986111111111111 0.019791666666666666 0.017592592592592594
0 0.4661458333333333 0.6759259259259259 0.01875 0.020370370370370372
0 0.48046875 0.49675925925925923 0.0203125 0.019444444444444445
0 0.515625 0.48194444444444445 0.020833333333333332 0.019444444444444445
0 0.540625 0.5675925925925925 0.01875 0.016666666666666666
0 0.5638020833333334 0.575 0.0171875 0.014814814814814815
0 0.6083333333333333 0.5074074074074074 0.023958333333333335 0.018518518518518517
0 0.6611979166666667 0.5203703703703704 0.019270833333333334 0.016666666666666666
0 0.6346354166666667 0.5930555555555556 0.0203125 0.013888888888888888
0 0.6559895833333333 0.5981481481481481 0.019270833333333334 0.016666666666666666
0 0.71953125 0.6138888888888889 0.019270833333333334 0.016666666666666666
0 0.44036458333333334 0.15601851851851853 0.021354166666666667 0.019444444444444445
