4 0.5981770833333333 0.5370370370370371 0.03177083333333333 0.05185185185185185
4 0.8830729166666667 0.6546296296296297 0.05364583333333333 0.04259259259259259
4 0.7986979166666667 0.4356481481481482 0.03697916666666667 0.023148148148148147
4 0.7479166666666667 0.20972222222222223 0.020833333333333332 0.01574074074074074
4 0.87734375 0.22037037037037038 0.024479166666666666 0.018518518518518517
4 0.8838541666666667 0.32083333333333336 0.021875 0.030555555555555555
4 0.9020833333333333 0.3476851851851852 0.020833333333333332 0.025
4 0.9231770833333334 0.3763888888888889 0.0234375 0.032407407407407406
4 0.9510416666666667 0.4217592592592593 0.029166666666666667 0.03425925925925926
4 0.9791666666666666 0.45694444444444443 0.029166666666666667 0.041666666666666664
4 0.9869791666666666 0.7708333333333334 0.020833333333333332 0.06759259259259259
4 0.9864583333333333 0.22453703703703703 0.021875 0.017592592592592594
4 0.7434895833333334 0.15833333333333333 0.009895833333333333 0.016666666666666666
4 0.7557291666666667 0.15833333333333333 0.011458333333333333 0.016666666666666666
4 0.7356770833333334 0.14444444444444443 0.009895833333333333 0.014814814814814815
4 0.7572916666666667 0.14305555555555555 0.010416666666666666 0.01574074074074074
4 0.7458333333333333 0.1425925925925926 0.011458333333333333 0.016666666666666666
4 0.7372395833333333 0.12916666666666668 0.0109375 0.013888888888888888
4 0.71328125 0.09166666666666666 0.0078125 0.012962962962962963
4 0.7067708333333333 0.08148148148148149 0.007291666666666667 0.009259259259259259
4 0.6950520833333333 0.075 0.0067708333333333336 0.011111111111111112
4 0.69765625 0.06388888888888888 0.0067708333333333336 0.009259259259259259
