4 0.7184895833333333 0.5773148148148148 0.021354166666666667 0.05092592592592592
4 0.42604166666666665 0.8856481481481482 0.034375 0.09166666666666666
4 0.20364583333333333 0.7625 0.022916666666666665 0.0787037037037037
4 0.5708333333333333 0.4046296296296296 0.026041666666666668 0.03888888888888889
4 0.5901041666666667 0.4078703703703704 0.021875 0.03796296296296296
4 0.010677083333333334 0.41435185185185186 0.015104166666666667 0.04351851851851852
4 0.3958333333333333 0.2601851851851852 0.014583333333333334 0.024074074074074074
4 0.290625 0.12407407407407407 0.008333333333333333 0.016666666666666666
4 0.31276041666666665 0.05462962962962963 0.0140625 0.011111111111111112
4 0.3145833333333333 0.06018518518518518 0.011458333333333333 0.011111111111111112
4 0.13333333333333333 0.008796296296296297 0.00625 0.010185185185185186
4 0.22890625 0.020833333333333332 0.0078125 0.013888888888888888
4 0.23463541666666668 0.18055555555555555 0.0109375 0.020370370370370372
4 0.0890625 0.10648148148148148 0.008333333333333333 0.016666666666666666
