0 0.25390625 0.38425925925925924 0.033854166666666664 0.040740740740740744
0 0.18463541666666666 0.3912037037037037 0.03802083333333333 0.05462962962962963
0 0.175 0.29259259259259257 0.035416666666666666 0.06111111111111111
0 0.11979166666666667 0.575 0.041666666666666664 0.06851851851851852
0 0.04114583333333333 0.4935185185185185 0.04375 0.06481481481481481
0 0.15260416666666668 0.6768518518518518 0.04583333333333333 0.07592592592592592
0 0.38255208333333335 0.5388888888888889 0.0453125 0.03888888888888889
0 0.38333333333333336 0.6666666666666666 0.04583333333333333 0.06481481481481481
0 0.41901041666666666 0.575462962962963 0.030729166666666665 0.058333333333333334
0 0.46145833333333336 0.6027777777777777 0.020833333333333332 0.08888888888888889
0 0.46848958333333335 0.4398148148148148 0.030729166666666665 0.06666666666666667
0 0.446875 0.4115740740740741 0.03125 0.06944444444444445
0 0.396875 0.3212962962962963 0.030208333333333334 0.06111111111111111
0 0.35651041666666666 0.287962962962963 0.03177083333333333 0.06296296296296296
0 0.5135416666666667 0.47638888888888886 0.030208333333333334 0.07314814814814814
0 0.5372395833333333 0.48009259259259257 0.030729166666666665 0.07314814814814814
0 0.5822916666666667 0.5393518518518519 0.03229166666666667 0.08055555555555556
0 0.6106770833333334 0.5518518518518518 0.0296875 0.07407407407407407
0 0.6026041666666667 0.6620370370370371 0.025 0.07777777777777778
0 0.63671875 0.5842592592592593 0.0328125 0.07777777777777778
0 0.23463541666666668 0.33564814814814814 0.0390625 0.05092592592592592
0 0.021614583333333333 0.10416666666666667 0.033854166666666664 0.04537037037037037
0 0.12291666666666666 0.06666666666666667 0.034375 0.053703703703703705
0 0.14036458333333332 0.08101851851851852 0.0296875 0.04537037037037037
0 0.15520833333333334 0.10601851851851851 0.034375 0.05648148148148148
0 0.17473958333333334 0.13518518518518519 0.03177083333333333 0.05185185185185185
0 0.19140625 0.15694444444444444 0.028645833333333332 0.05648148148148148
0 0.10755208333333334 0.0412037037037037 0.03802083333333333 0.05648148148148148
0 0.43723958333333335 0.7129629629629629 0.044270833333333336 0.03148148148148148
