4 0.048177083333333336 0.05740740740740741 0.016145833333333335 0.03148148148148148
4 0.234375 0.1814814814814815 0.023958333333333335 0.020370370370370372
4 0.1765625 0.20694444444444443 0.028125 0.021296296296296296
4 0.21953125 0.20787037037037037 0.0265625 0.019444444444444445
4 0.41302083333333334 0.0125 0.009375 0.025
4 0.5106770833333333 0.287962962962963 0.0265625 0.022222222222222223
4 0.5221354166666666 0.31296296296296294 0.0234375 0.022222222222222223
4 0.49296875 0.31712962962962965 0.027604166666666666 0.019444444444444445
4 0.49270833333333336 0.3472222222222222 0.03125 0.022222222222222223
4 0.6033854166666667 0.3111111111111111 0.027604166666666666 0.022222222222222223
