4 0.6192708333333333 0.22453703703703703 0.03958333333333333 0.032407407407407406
4 0.5145833333333333 0.2851851851851852 0.034375 0.03888888888888889
4 0.4817708333333333 0.23796296296296296 0.04583333333333333 0.02962962962962963
4 0.4328125 0.19444444444444445 0.03229166666666667 0.025925925925925925
4 0.40572916666666664 0.25972222222222224 0.042708333333333334 0.04351851851851852
4 0.3770833333333333 0.19814814814814816 0.035416666666666666 0.027777777777777776
4 0.26510416666666664 0.19675925925925927 0.036458333333333336 0.030555555555555555
4 0.3421875 0.23055555555555557 0.041666666666666664 0.03333333333333333
4 0.34609375 0.2625 0.03697916666666667 0.03425925925925926
4 0.34036458333333336 0.2986111111111111 0.0515625 0.05462962962962963
4 0.44895833333333335 0.25462962962962965 0.04895833333333333 0.037037037037037035
4 0.5580729166666667 0.27175925925925926 0.019270833333333334 0.04351851851851852
4 0.45729166666666665 0.3421296296296296 0.06041666666666667 0.04537037037037037
4 0.4473958333333333 0.3587962962962963 0.058333333333333334 0.041666666666666664
4 0.43515625 0.3736111111111111 0.06302083333333333 0.041666666666666664
4 0.5809895833333333 0.4064814814814815 0.0453125 0.05555555555555555
4 0.5604166666666667 0.31203703703703706 0.027083333333333334 0.03888888888888889
4 0.6015625 0.2462962962962963 0.03229166666666667 0.03148148148148148
4 0.5875 0.2671296296296296 0.040625 0.03981481481481482
4 0.67734375 0.262037037037037 0.03177083333333333 0.040740740740740744
4 0.7072916666666667 0.25416666666666665 0.030208333333333334 0.03981481481481482
4 0.14375 0.1162037037037037 0.030208333333333334 0.021296296296296296
4 0.3346354166666667 0.12222222222222222 0.030729166666666665 0.025925925925925925
