0 0.022395833333333334 0.5199074074074074 0.04479166666666667 0.14166666666666666
0 0.18828125 0.9435185185185185 0.0328125 0.053703703703703705
0 0.2390625 0.9458333333333333 0.030208333333333334 0.05092592592592592
0 0.65078125 0.018055555555555554 0.03177083333333333 0.03611111111111111
0 0.6166666666666667 0.028703703703703703 0.030208333333333334 0.05740740740740741
0 0.58359375 0.03148148148148148 0.030729166666666665 0.06296296296296296
0 0.5197916666666667 0.03888888888888889 0.034375 0.07777777777777778
0 0.48541666666666666 0.03425925925925926 0.03125 0.06851851851851852
0 0.134375 0.06898148148148148 0.04479166666666667 0.13796296296296295
0 0.10416666666666667 0.30648148148148147 0.040625 0.14074074074074075
0 0.17421875 0.4546296296296296 0.0453125 0.12407407407407407
0 0.17109375 0.7 0.0359375 0.13333333333333333
0 0.134375 0.85 0.04583333333333333 0.1425925925925926
0 0.34479166666666666 0.1865740740740741 0.07604166666666666 0.06388888888888888
0 0.403125 0.274537037037037 0.035416666666666666 0.125
0 0.4388020833333333 0.2722222222222222 0.030729166666666665 0.1259259259259259
0 0.3416666666666667 0.1175925925925926 0.06979166666666667 0.05925925925925926
0 0.33828125 0.049074074074074076 0.0765625 0.07037037037037037
0 0.6510416666666666 0.24166666666666667 0.035416666666666666 0.12407407407407407
0 0.68359375 0.1986111111111111 0.043229166666666666 0.125
0 0.5473958333333333 0.25601851851851853 0.03125 0.13055555555555556
0 0.5135416666666667 0.25833333333333336 0.036458333333333336 0.12777777777777777
0 0.47708333333333336 0.2638888888888889 0.041666666666666664 0.1388888888888889
0 0.6096354166666667 0.5013888888888889 0.0703125 0.05462962962962963
0 0.6098958333333333 0.5893518518518519 0.071875 0.05648148148148148
