4 0.9877604166666667 1.3009259259259258 0.0609375 0.1537037037037037
4 0.8578125 1.0583333333333333 0.03958333333333333 0.1037037037037037
4 0.7372395833333333 1.1462962962962964 0.0671875 0.11481481481481481
4 0.7140625 0.9148148148148149 0.04791666666666667 0.07407407407407407
4 0.6205729166666667 0.937037037037037 0.044270833333333336 0.06851851851851852
4 0.6575520833333334 0.8310185185185185 0.0453125 0.06759259259259259
4 0.5822916666666667 0.8657407407407407 0.040625 0.07222222222222222
4 0.5481770833333334 0.8 0.0359375 0.06296296296296296
4 0.6151041666666667 0.7675925925925926 0.042708333333333334 0.05925925925925926
4 0.5208333333333334 0.7481481481481481 0.035416666666666666 0.05555555555555555
4 0.49140625 0.6907407407407408 0.03177083333333333 0.046296296296296294
4 0.52421875 0.6314814814814815 0.030729166666666665 0.040740740740740744
4 0.61484375 0.5953703703703703 0.03802083333333333 0.03518518518518519
4 0.4666666666666667 0.6476851851851851 0.028125 0.04537037037037037
4 0.49973958333333335 0.5912037037037037 0.028645833333333332 0.03611111111111111
4 0.4434895833333333 0.6064814814814815 0.025520833333333333 0.04259259259259259
4 0.47578125 0.5569444444444445 0.025520833333333333 0.032407407407407406
4 0.42578125 0.5699074074074074 0.0265625 0.03981481481481482
4 0.4796875 0.44537037037037036 0.029166666666666667 0.025925925925925925
4 0.38203125 0.48842592592592593 0.018229166666666668 0.03425925925925926
4 0.4197916666666667 0.4361111111111111 0.014583333333333334 0.022222222222222223
4 0.40208333333333335 0.44027777777777777 0.01875 0.025
4 0.37005208333333334 0.46805555555555556 0.025520833333333333 0.028703703703703703
4 0.39010416666666664 0.42083333333333334 0.017708333333333333 0.021296296296296296
4 0.35625 0.4462962962962963 0.01875 0.025925925925925925
4 0.34427083333333336 0.42407407407407405 0.016666666666666666 0.025925925925925925
4 0.334375 0.40555555555555556 0.014583333333333334 0.024074074074074074
4 0.36432291666666666 0.38333333333333336 0.015104166666666667 0.022222222222222223
4 0.3572916666666667 0.36944444444444446 0.014583333333333334 0.020370370370370372
4 0.3260416666666667 0.3875 0.015625 0.021296296296296296
4 0.3484375 0.35509259259259257 0.0125 0.021296296296296296
4 0.33932291666666664 0.3439814814814815 0.013020833333333334 0.019444444444444445
4 0.6270833333333333 0.3731481481481482 0.022916666666666665 0.018518518518518517
4 0.6135416666666667 0.3638888888888889 0.021875 0.022222222222222223
4 0.48385416666666664 0.2800925925925926 0.011458333333333333 0.013888888888888888
4 0.32578125 0.32175925925925924 0.0140625 0.01574074074074074
4 0.28828125 0.29212962962962963 0.0109375 0.017592592592592594
4 0.29661458333333335 0.2791666666666667 0.009895833333333333 0.01574074074074074
4 0.29140625 0.2689814814814815 0.009895833333333333 0.013888888888888888
4 0.26614583333333336 0.274537037037037 0.009375 0.021296296296296296
4 0.2565104166666667 0.2611111111111111 0.009895833333333333 0.012962962962962963
4 0.275 0.24305555555555555 0.009375 0.012037037037037037
4 0.26927083333333335 0.23564814814814813 0.008333333333333333 0.013888888888888888
4 0.26614583333333336 0.22962962962962963 0.008333333333333333 0.012962962962962963
4 0.26119791666666664 0.22175925925925927 0.0078125 0.012037037037037037
4 0.2565104166666667 0.20462962962962963 0.0140625 0.011111111111111112
4 0.23046875 0.21898148148148147 0.0140625 0.013888888888888888
4 0.24739583333333334 0.2013888888888889 0.007291666666666667 0.012037037037037037
4 0.22057291666666667 0.19490740740740742 0.0078125 0.012037037037037037
4 0.23776041666666667 0.18472222222222223 0.0067708333333333336 0.010185185185185186
4 0.21692708333333333 0.18935185185185185 0.0067708333333333336 0.008333333333333333
4 0.21484375 0.18425925925925926 0.0067708333333333336 0.009259259259259259
4 0.21119791666666668 0.17777777777777778 0.0067708333333333336 0.011111111111111112
4 0.234375 0.17916666666666667 0.007291666666666667 0.010185185185185186
4 0.23125 0.175 0.00625 0.009259259259259259
4 0.22760416666666666 0.16944444444444445 0.00625 0.009259259259259259
4 0.23880208333333333 0.15833333333333333 0.009895833333333333 0.009259259259259259
4 0.23046875 0.19027777777777777 0.0078125 0.010185185185185186
4 0.21927083333333333 0.1726851851851852 0.007291666666666667 0.010185185185185186
4 0.21328125 0.1587962962962963 0.009895833333333333 0.010185185185185186
4 0.20651041666666667 0.14814814814814814 0.009895833333333333 0.009259259259259259
