4 0.31197916666666664 0.032407407407407406 0.0020833333333333333 0.007407407407407408
4 0.30885416666666665 0.019444444444444445 0.003125 0.005555555555555556
4 0.3458333333333333 0.11527777777777778 0.004166666666666667 0.006481481481481481
4 0.315625 0.1375 0.0020833333333333333 0.006481481481481481
4 0.3533854166666667 0.5657407407407408 0.011979166666666667 0.011111111111111112
4 0.36354166666666665 0.2101851851851852 0.003125 0.007407407407407408
4 0.39791666666666664 0.08333333333333333 0.005208333333333333 0.005555555555555556
4 0.42916666666666664 0.21435185185185185 0.005208333333333333 0.006481481481481481
4 0.42890625 0.2111111111111111 0.0078125 0.005555555555555556
4 0.38229166666666664 0.37916666666666665 0.005208333333333333 0.012037037037037037
4 0.3888020833333333 0.43333333333333335 0.0046875 0.014814814814814815
4 0.013541666666666667 0.9097222222222222 0.020833333333333332 0.021296296296296296
4 0.03567708333333333 0.9009259259259259 0.0171875 0.020370370370370372
4 0.0390625 0.9648148148148148 0.011458333333333333 0.014814814814814815
4 0.05182291666666667 0.9458333333333333 0.011979166666666667 0.03796296296296296
4 0.058333333333333334 0.8912037037037037 0.01875 0.019444444444444445
4 0.08333333333333333 0.8800925925925925 0.01875 0.019444444444444445
4 0.10911458333333333 0.8703703703703703 0.016145833333333335 0.018518518518518517
4 0.21302083333333333 0.8282407407407407 0.017708333333333333 0.019444444444444445
4 0.2869791666666667 0.7944444444444444 0.015625 0.018518518518518517
4 0.34791666666666665 0.8939814814814815 0.007291666666666667 0.030555555555555555
4 0.37161458333333336 0.9449074074074074 0.009895833333333333 0.03611111111111111
4 0.41119791666666666 0.8009259259259259 0.016145833333333335 0.016666666666666666
4 0.43671875 0.8907407407407407 0.009895833333333333 0.03518518518518519
4 0.6453125 0.875 0.017708333333333333 0.018518518518518517
4 0.5825520833333333 0.5907407407407408 0.013020833333333334 0.011111111111111112
4 0.30703125 0.2569444444444444 0.0078125 0.008333333333333333
4 0.3072916666666667 0.24953703703703703 0.007291666666666667 0.006481481481481481
4 0.3072916666666667 0.24537037037037038 0.008333333333333333 0.005555555555555556
4 0.3067708333333333 0.24351851851851852 0.007291666666666667 0.007407407407407408
