4 0.42552083333333335 0.7129629629629629 0.04791666666666667 0.1574074074074074
4 0.05572916666666667 0.5074074074074074 0.06979166666666667 0.12407407407407407
4 0.15182291666666667 0.6037037037037037 0.0765625 0.14814814814814814
4 0.2 0.48564814814814816 0.05625 0.1175925925925926
4 0.6111979166666667 0.7768518518518519 0.050520833333333334 0.17777777777777778
4 0.6544270833333333 0.7180555555555556 0.05677083333333333 0.16203703703703703
4 0.6002604166666666 0.6166666666666667 0.04114583333333333 0.12037037037037036
4 0.553125 0.4925925925925926 0.0375 0.1037037037037037
4 0.5080729166666667 0.524537037037037 0.04114583333333333 0.11574074074074074
4 0.55234375 0.24074074074074073 0.0265625 0.06111111111111111
4 0.58203125 0.2462962962962963 0.0265625 0.05740740740740741
4 0.5786458333333333 0.18935185185185185 0.023958333333333335 0.05277777777777778
4 0.58984375 0.15138888888888888 0.05364583333333333 0.04537037037037037
4 0.609375 0.20555555555555555 0.028125 0.07592592592592592
4 0.6588541666666666 0.35462962962962963 0.065625 0.05925925925925926
4 0.6557291666666667 0.3189814814814815 0.071875 0.05462962962962963
4 0.6703125 0.27685185185185185 0.057291666666666664 0.05
4 0.66015625 0.23703703703703705 0.0515625 0.05555555555555555
4 0.6559895833333333 0.20046296296296295 0.06302083333333333 0.05092592592592592
4 0.65 0.16296296296296298 0.05416666666666667 0.04814814814814815
4 0.6416666666666667 0.11527777777777778 0.04895833333333333 0.03981481481481482
4 0.634375 0.09351851851851851 0.04583333333333333 0.03518518518518519
4 0.6953125 0.40324074074074073 0.06770833333333333 0.06574074074074074
4 0.5924479166666666 0.04027777777777778 0.0421875 0.04351851851851852
4 0.6140625 0.02962962962962963 0.053125 0.03888888888888889
4 0.6013020833333333 0.012037037037037037 0.043229166666666666 0.024074074074074074
4 0.5572916666666666 0.012962962962962963 0.019791666666666666 0.025925925925925925
4 0.28411458333333334 0.2675925925925926 0.0390625 0.07777777777777778
4 0.39140625 0.01574074074074074 0.018229166666666668 0.03148148148148148
