0 0.32734375 0.9078703703703703 0.11302083333333333 0.11203703703703703
0 0.3502604166666667 0.43148148148148147 0.03802083333333333 0.053703703703703705
0 0.32265625 0.34305555555555556 0.022395833333333334 0.04351851851851852
0 0.5440104166666667 0.43703703703703706 0.022395833333333334 0.05
0 0.60859375 0.5125 0.0328125 0.062037037037037036
0 0.6846354166666667 0.5106481481481482 0.044270833333333336 0.07685185185185185
0 0.63359375 0.3925925925925926 0.030729166666666665 0.05185185185185185
0 0.60078125 0.38981481481481484 0.0296875 0.04814814814814815
0 0.5658854166666667 0.3574074074074074 0.024479166666666666 0.040740740740740744
0 0.50546875 0.38472222222222224 0.0203125 0.03981481481481482
0 0.11171875 0.4587962962962963 0.0546875 0.03981481481481482
0 0.18307291666666667 0.3625 0.03177083333333333 0.041666666666666664
0 0.22760416666666666 0.3111111111111111 0.026041666666666668 0.03888888888888889
0 0.69765625 0.4013888888888889 0.0390625 0.06018518518518518
0 0.15364583333333334 0.4148148148148148 0.046875 0.040740740740740744
0 0.15364583333333334 0.3888888888888889 0.04583333333333333 0.03518518518518519
0 0.146875 0.3398148148148148 0.030208333333333334 0.03888888888888889
0 0.17213541666666668 0.3148148148148148 0.028645833333333332 0.03148148148148148
0 0.19322916666666667 0.2935185185185185 0.022916666666666665 0.024074074074074074
0 0.1953125 0.32222222222222224 0.025 0.03518518518518519
0 0.21328125 0.2986111111111111 0.024479166666666666 0.030555555555555555
0 0.23411458333333332 0.27361111111111114 0.022395833333333334 0.030555555555555555
0 0.20963541666666666 0.27037037037037037 0.019270833333333334 0.024074074074074074
0 0.115625 0.31666666666666665 0.03125 0.027777777777777776
0 0.12265625 0.29953703703703705 0.0359375 0.028703703703703703
0 0.13619791666666667 0.2884259259259259 0.033854166666666664 0.025
0 0.15963541666666667 0.2689814814814815 0.033854166666666664 0.021296296296296296
0 0.16875 0.2611111111111111 0.029166666666666667 0.022222222222222223
0 0.18645833333333334 0.24259259259259258 0.03125 0.020370370370370372
0 0.19583333333333333 0.23472222222222222 0.029166666666666667 0.019444444444444445
0 0.20260416666666667 0.22777777777777777 0.023958333333333335 0.022222222222222223
0 0.26119791666666664 0.24351851851851852 0.0140625 0.022222222222222223
0 0.22526041666666666 0.25462962962962965 0.018229166666666668 0.022222222222222223
0 0.2484375 0.25925925925925924 0.017708333333333333 0.025925925925925925
0 0.5203125 0.1763888888888889 0.009375 0.021296296296296296
0 0.5161458333333333 0.1675925925925926 0.008333333333333333 0.016666666666666666
0 0.56953125 0.27361111111111114 0.034895833333333334 0.023148148148148147
0 0.5744791666666667 0.2791666666666667 0.035416666666666666 0.021296296296296296
0 0.5791666666666667 0.29259259259259257 0.03333333333333333 0.027777777777777776
0 0.5963541666666666 0.3287037037037037 0.04479166666666667 0.02962962962962963
0 0.6658854166666667 0.45925925925925926 0.06302083333333333 0.05
0 0.71484375 0.5069444444444444 0.028645833333333332 0.075
0 0.50078125 0.34675925925925927 0.0203125 0.03425925925925926
0 0.49661458333333336 0.31805555555555554 0.0171875 0.032407407407407406
0 0.49322916666666666 0.29398148148148145 0.013541666666666667 0.025
0 0.4864583333333333 0.22962962962962963 0.015625 0.02962962962962963
0 0.49895833333333334 0.19537037037037036 0.011458333333333333 0.020370370370370372
0 0.340625 0.19027777777777777 0.011458333333333333 0.017592592592592594
0 0.34921875 0.17777777777777778 0.008854166666666666 0.014814814814814815
0 0.35989583333333336 0.15833333333333333 0.009375 0.016666666666666666
0 0.36328125 0.15185185185185185 0.008854166666666666 0.016666666666666666
0 0.36875 0.14305555555555555 0.008333333333333333 0.012037037037037037
0 0.38046875 0.12175925925925926 0.0067708333333333336 0.012037037037037037
0 0.4002604166666667 0.10462962962962963 0.005729166666666666 0.009259259259259259
0 0.42604166666666665 0.09814814814814815 0.005208333333333333 0.009259259259259259
0 0.4315104166666667 0.08703703703703704 0.0046875 0.007407407407407408
0 0.43515625 0.07083333333333333 0.0046875 0.006481481481481481
0 0.40598958333333335 0.09212962962962963 0.0046875 0.008333333333333333
0 0.40260416666666665 0.0875 0.004166666666666667 0.006481481481481481
0 0.39088541666666665 0.10648148148148148 0.009895833333333333 0.007407407407407408
0 0.390625 0.1111111111111111 0.008333333333333333 0.009259259259259259
0 0.38671875 0.11481481481481481 0.0067708333333333336 0.009259259259259259
0 0.37890625 0.11157407407407408 0.005729166666666666 0.010185185185185186
0 0.6026041666666667 0.3574074074074074 0.041666666666666664 0.03333333333333333
0 0.54296875 0.3925925925925926 0.0234375 0.04259259259259259
0 0.5375 0.35 0.026041666666666668 0.046296296296296294
