4 0.4703125 0.011111111111111112 0.010416666666666666 0.018518518518518517
4 0.4197916666666667 0.07824074074074074 0.0125 0.019444444444444445
4 0.4505208333333333 0.05185185185185185 0.011458333333333333 0.018518518518518517
4 0.47682291666666665 0.050462962962962966 0.011979166666666667 0.019444444444444445
4 0.4044270833333333 0.10740740740740741 0.013020833333333334 0.020370370370370372
4 0.24244791666666668 0.3300925925925926 0.016145833333333335 0.025
4 0.19192708333333333 0.41435185185185186 0.016145833333333335 0.026851851851851852
4 0.6583333333333333 0.7148148148148148 0.0125 0.027777777777777776
4 0.684375 0.48657407407407405 0.010416666666666666 0.03611111111111111
4 0.6966145833333334 0.17314814814814813 0.008854166666666666 0.022222222222222223
4 0.70546875 0.12129629629629629 0.008854166666666666 0.024074074074074074
4 0.7057291666666666 0.08888888888888889 0.008333333333333333 0.024074074074074074
4 0.7046875 0.059722222222222225 0.008333333333333333 0.021296296296296296
4 0.7065104166666667 0.027314814814814816 0.0078125 0.023148148148148147
4 0.6033854166666667 0.20925925925925926 0.009895833333333333 0.024074074074074074
4 0.615625 0.13842592592592592 0.009375 0.023148148148148147
4 0.6361979166666667 0.008796296296296297 0.0067708333333333336 0.017592592592592594
4 0.4434895833333333 0.34629629629629627 0.011979166666666667 0.02962962962962963
