4 0.07135416666666666 0.14166666666666666 0.004166666666666667 0.011111111111111112
4 0.190625 0.1527777777777778 0.007291666666666667 0.007407407407407408
4 0.21588541666666666 0.037037037037037035 0.0036458333333333334 0.009259259259259259
4 0.22057291666666667 0.07916666666666666 0.0036458333333333334 0.008333333333333333
4 0.25729166666666664 0.09768518518518518 0.009375 0.006481481481481481
4 0.24244791666666668 0.010185185185185186 0.0046875 0.007407407407407408
4 0.23958333333333334 0.0032407407407407406 0.004166666666666667 0.006481481481481481
4 0.26015625 0.1625 0.005729166666666666 0.008333333333333333
4 0.26588541666666665 0.21435185185185185 0.0046875 0.010185185185185186
4 0.34453125 0.38472222222222224 0.0067708333333333336 0.01574074074074074
4 0.49973958333333335 0.15416666666666667 0.0078125 0.010185185185185186
4 0.5369791666666667 0.2740740740740741 0.00625 0.009259259259259259
4 0.5434895833333333 0.2652777777777778 0.005729166666666666 0.012037037037037037
4 0.5309895833333333 0.2828703703703704 0.0078125 0.008333333333333333
4 0.6057291666666667 0.34444444444444444 0.007291666666666667 0.011111111111111112
4 0.6005208333333333 0.3375 0.00625 0.010185185185185186
