4 0.52734375 0.17824074074074073 0.024479166666666666 0.017592592592592594
4 0.5739583333333333 0.15324074074074073 0.020833333333333332 0.01574074074074074
4 0.49140625 0.15138888888888888 0.0234375 0.017592592592592594
4 0.46822916666666664 0.14537037037037037 0.019791666666666666 0.014814814814814815
4 0.5111979166666667 0.11388888888888889 0.011979166666666667 0.014814814814814815
4 0.5268229166666667 0.1310185185185185 0.011979166666666667 0.017592592592592594
4 0.5424479166666667 0.12731481481481483 0.008854166666666666 0.01574074074074074
4 0.53515625 0.11944444444444445 0.009895833333333333 0.012962962962962963
4 0.5421875 0.11157407407407408 0.009375 0.010185185185185186
4 0.5473958333333333 0.09768518518518518 0.017708333333333333 0.013888888888888888
4 0.56875 0.13472222222222222 0.019791666666666666 0.01574074074074074
4 0.5921875 0.10694444444444444 0.009375 0.013888888888888888
4 0.60234375 0.10648148148148148 0.008854166666666666 0.012962962962962963
4 0.6151041666666667 0.1087962962962963 0.013541666666666667 0.013888888888888888
4 0.6236979166666666 0.1087962962962963 0.008854166666666666 0.012037037037037037
4 0.5557291666666667 0.08935185185185185 0.013541666666666667 0.012037037037037037
4 0.5526041666666667 0.09398148148148149 0.014583333333333334 0.012037037037037037
4 0.5752604166666667 0.12453703703703704 0.0171875 0.013888888888888888
4 0.5578125 0.08888888888888889 0.010416666666666666 0.011111111111111112
4 0.55703125 0.3541666666666667 0.018229166666666668 0.030555555555555555
4 0.4752604166666667 0.19166666666666668 0.022395833333333334 0.016666666666666666
4 0.41380208333333335 0.19212962962962962 0.018229166666666668 0.01574074074074074
4 0.40520833333333334 0.18935185185185185 0.01875 0.01574074074074074
4 0.48776041666666664 0.20879629629629629 0.0265625 0.023148148148148147
4 0.41041666666666665 0.2273148148148148 0.015625 0.021296296296296296
4 0.43125 0.49583333333333335 0.026041666666666668 0.05092592592592592
4 0.5375 0.45046296296296295 0.023958333333333335 0.03796296296296296
4 0.51328125 0.5444444444444444 0.0265625 0.046296296296296294
4 0.21171875 0.13148148148148148 0.0203125 0.014814814814814815
4 0.23255208333333333 0.1310185185185185 0.015104166666666667 0.01574074074074074
4 0.22447916666666667 0.15787037037037038 0.01875 0.01574074074074074
4 0.25104166666666666 0.14444444444444443 0.021875 0.014814814814814815
4 0.2630208333333333 0.13518518518518519 0.020833333333333332 0.014814814814814815
4 0.3802083333333333 0.1412037037037037 0.020833333333333332 0.013888888888888888
4 0.46067708333333335 0.2657407407407407 0.0328125 0.025925925925925925
4 0.46927083333333336 0.25601851851851853 0.030208333333333334 0.025
4 0.25234375 1.3171296296296295 0.0828125 0.14351851851851852
