0 0.503125 0.6078703703703704 0.022916666666666665 0.05648148148148148
0 0.57265625 0.4125 0.022395833333333334 0.07685185185185185
0 0.5270833333333333 0.37453703703703706 0.022916666666666665 0.06944444444444445
0 0.5408854166666667 0.24027777777777778 0.0203125 0.05277777777777778
0 0.43125 0.37824074074074077 0.027083333333333334 0.07685185185185185
0 0.3190104166666667 0.3527777777777778 0.0296875 0.07592592592592592
0 0.29140625 0.3435185185185185 0.030729166666666665 0.06296296296296296
0 0.26145833333333335 0.33240740740740743 0.03333333333333333 0.07592592592592592
0 0.23489583333333333 0.3277777777777778 0.03333333333333333 0.07037037037037037
0 0.17578125 0.31157407407407406 0.030729166666666665 0.06759259259259259
0 0.10729166666666666 0.2912037037037037 0.035416666666666666 0.06944444444444445
0 0.9736979166666667 0.4041666666666667 0.04739583333333333 0.05092592592592592
0 0.9802083333333333 0.44583333333333336 0.034375 0.049074074074074076
0 0.9901041666666667 0.6796296296296296 0.014583333333333334 0.08703703703703704
