0 0.09036458333333333 0.4300925925925926 0.0203125 0.019444444444444445
0 0.08828125 0.4847222222222222 0.008854166666666666 0.030555555555555555
0 0.07760416666666667 0.48935185185185187 0.009375 0.030555555555555555
0 0.04609375 0.500462962962963 0.008854166666666666 0.025
0 0.0359375 0.5111111111111111 0.010416666666666666 0.03333333333333333
0 0.013541666666666667 0.524537037037037 0.010416666666666666 0.030555555555555555
0 0.14270833333333333 0.425 0.016666666666666666 0.020370370370370372
0 0.19296875 0.4 0.018229166666666668 0.018518518518518517
0 0.15442708333333333 0.4722222222222222 0.0171875 0.027777777777777776
0 0.17239583333333333 0.12175925925925926 0.015625 0.017592592592592594
0 0.1953125 0.10324074074074074 0.014583333333333334 0.017592592592592594
0 0.21380208333333334 0.08287037037037037 0.013020833333333334 0.01574074074074074
0 0.23151041666666666 0.06574074074074074 0.0140625 0.018518518518518517
0 0.26927083333333335 0.024074074074074074 0.0125 0.014814814814814815
0 0.28411458333333334 0.005555555555555556 0.013020833333333334 0.011111111111111112
0 0.25807291666666665 0.1884259259259259 0.015104166666666667 0.019444444444444445
0 0.17708333333333334 0.36666666666666664 0.01875 0.022222222222222223
0 0.26145833333333335 0.3175925925925926 0.01875 0.022222222222222223
0 0.29322916666666665 0.2833333333333333 0.016666666666666666 0.020370370370370372
0 0.26536458333333335 0.48564814814814816 0.019270833333333334 0.017592592592592594
0 0.29270833333333335 0.5069444444444444 0.01875 0.017592592592592594
0 0.36302083333333335 0.412962962962963 0.016666666666666666 0.014814814814814815
0 0.44921875 0.6671296296296296 0.021354166666666667 0.021296296296296296
0 0.6700520833333333 0.6037037037037037 0.0171875 0.037037037037037035
0 0.68203125 0.5236111111111111 0.022395833333333334 0.03425925925925926
0 0.6125 0.32314814814814813 0.013541666666666667 0.03518518518518519
0 0.5375 0.1259259259259259 0.011458333333333333 0.024074074074074074
0 0.64609375 0.040740740740740744 0.0171875 0.012962962962962963
0 0.5091145833333334 0.011574074074074073 0.009895833333333333 0.021296296296296296
0 0.42604166666666665 0.1486111111111111 0.016666666666666666 0.01574074074074074
0 0.3966145833333333 0.2111111111111111 0.016145833333333335 0.018518518518518517
