0 0.3494791666666667 0.6916666666666667 0.058333333333333334 0.21296296296296297
0 0.3578125 0.47962962962962963 0.042708333333333334 0.1388888888888889
0 0.5359375 0.3560185185185185 0.051041666666666666 0.11944444444444445
0 0.5677083333333334 0.3148148148148148 0.04791666666666667 0.09444444444444444
0 0.36276041666666664 0.35648148148148145 0.03697916666666667 0.10555555555555556
0 0.36614583333333334 0.262037037037037 0.03333333333333333 0.08333333333333333
0 0.29609375 0.18333333333333332 0.05572916666666667 0.05555555555555555
0 0.36354166666666665 0.1865740740740741 0.028125 0.06574074074074074
0 0.37265625 0.08518518518518518 0.019270833333333334 0.03888888888888889
0 0.3703125 0.049074074074074076 0.020833333333333332 0.03888888888888889
0 0.3015625 0.08148148148148149 0.020833333333333332 0.040740740740740744
0 0.3059895833333333 0.05185185185185185 0.0234375 0.046296296296296294
0 0.3111979166666667 0.029166666666666667 0.021354166666666667 0.03981481481481482
0 0.48541666666666666 0.04675925925925926 0.023958333333333335 0.03981481481481482
0 0.49375 0.09814814814814815 0.04791666666666667 0.044444444444444446
0 0.5619791666666667 0.01574074074074074 0.04479166666666667 0.03148148148148148
0 0.5317708333333333 0.13564814814814816 0.06041666666666667 0.04537037037037037
0 0.6044270833333333 0.2152777777777778 0.0328125 0.06574074074074074
0 0.6567708333333333 0.17731481481481481 0.057291666666666664 0.05462962962962963
