4 0.2942708333333333 0.7222222222222222 0.08645833333333333 0.06851851851851852
4 0.40208333333333335 0.6814814814814815 0.07916666666666666 0.07222222222222222
4 0.5557291666666667 0.600462962962963 0.059375 0.07314814814814814
4 0.6278645833333333 0.5449074074074074 0.0609375 0.06574074074074074
4 0.6950520833333333 0.513425925925926 0.05260416666666667 0.05648148148148148
4 0.3736979166666667 0.5365740740740741 0.0453125 0.0712962962962963
4 0.33958333333333335 0.5268518518518519 0.0375 0.05555555555555555
4 0.3072916666666667 0.5162037037037037 0.03958333333333333 0.05462962962962963
4 0.27447916666666666 0.5101851851851852 0.03958333333333333 0.05555555555555555
4 0.246875 0.5032407407407408 0.03958333333333333 0.05462962962962963
4 0.21953125 0.500462962962963 0.050520833333333334 0.062037037037037036
4 0.1859375 0.4976851851851852 0.034375 0.04537037037037037
4 0.16223958333333333 0.4837962962962963 0.043229166666666666 0.05462962962962963
4 0.15572916666666667 0.4564814814814815 0.03333333333333333 0.03888888888888889
4 0.06328125 0.5138888888888888 0.05677083333333333 0.040740740740740744
4 0.05807291666666667 0.4888888888888889 0.04739583333333333 0.040740740740740744
4 0.07630208333333334 0.4675925925925926 0.04739583333333333 0.040740740740740744
4 0.08359375 0.4486111111111111 0.04739583333333333 0.03981481481481482
4 0.08229166666666667 0.3824074074074074 0.041666666666666664 0.02962962962962963
4 0.0828125 0.34444444444444444 0.023958333333333335 0.03333333333333333
4 0.05572916666666667 0.5578703703703703 0.07395833333333333 0.06018518518518518
4 0.052083333333333336 0.5981481481481481 0.07916666666666666 0.06851851851851852
4 0.038802083333333334 0.6388888888888888 0.07552083333333333 0.07407407407407407
4 0.046614583333333334 0.6689814814814815 0.09010416666666667 0.0787037037037037
4 0.13619791666666667 0.31712962962962965 0.0296875 0.021296296296296296
4 0.13489583333333333 0.3101851851851852 0.029166666666666667 0.016666666666666666
4 0.13046875 0.29953703703703705 0.027604166666666666 0.017592592592592594
4 0.11354166666666667 0.2625 0.015625 0.013888888888888888
4 0.1203125 0.2449074074074074 0.015625 0.012037037037037037
4 0.09921875 0.262037037037037 0.021354166666666667 0.016666666666666666
4 0.09947916666666666 0.24675925925925926 0.016666666666666666 0.008333333333333333
4 0.1015625 0.25277777777777777 0.017708333333333333 0.012962962962962963
4 0.13463541666666667 0.2490740740740741 0.0078125 0.011111111111111112
4 0.13046875 0.2791666666666667 0.021354166666666667 0.013888888888888888
4 0.13359375 0.2847222222222222 0.021354166666666667 0.01574074074074074
4 0.03463541666666667 0.3365740740740741 0.019270833333333334 0.021296296296296296
4 0.040364583333333336 0.3277777777777778 0.021354166666666667 0.020370370370370372
4 0.04401041666666667 0.31805555555555554 0.018229166666666668 0.017592592592592594
4 0.04609375 0.3101851851851852 0.019270833333333334 0.018518518518518517
4 0.04869791666666667 0.3023148148148148 0.0203125 0.017592592592592594
4 0.05546875 0.2962962962962963 0.0203125 0.014814814814814815
4 0.05520833333333333 0.28379629629629627 0.01875 0.01574074074074074
4 0.062239583333333334 0.2726851851851852 0.0203125 0.012037037037037037
4 0.07005208333333333 0.2569444444444444 0.008854166666666666 0.012037037037037037
4 0.06822916666666666 0.2611111111111111 0.009375 0.011111111111111112
4 0.4192708333333333 0.5203703703703704 0.035416666666666666 0.06111111111111111
