0 0.11979166666666667 0.19768518518518519 0.028125 0.019444444444444445
0 0.128125 0.25277777777777777 0.022916666666666665 0.027777777777777776
0 0.1 0.27546296296296297 0.023958333333333335 0.030555555555555555
0 0.07369791666666667 0.3023148148148148 0.027604166666666666 0.032407407407407406
0 0.13776041666666666 0.34675925925925927 0.0265625 0.03796296296296296
0 0.08723958333333333 0.41388888888888886 0.03697916666666667 0.04814814814814815
0 0.04869791666666667 0.475462962962963 0.04739583333333333 0.05462962962962963
0 0.015885416666666666 0.5333333333333333 0.03177083333333333 0.06111111111111111
0 0.01796875 0.42268518518518516 0.0359375 0.058333333333333334
0 0.023697916666666666 0.36064814814814816 0.04114583333333333 0.058333333333333334
0 0.23489583333333333 0.6083333333333333 0.07916666666666666 0.06111111111111111
0 0.3828125 0.6143518518518518 0.07916666666666666 0.06018518518518518
0 0.49375 0.6171296296296296 0.07916666666666666 0.06018518518518518
0 0.6513020833333333 0.6111111111111112 0.08072916666666667 0.05740740740740741
