4 0.10755208333333334 0.09305555555555556 0.011979166666666667 0.010185185185185186
4 0.09557291666666666 0.19953703703703704 0.0109375 0.01574074074074074
4 0.09635416666666667 0.24814814814814815 0.013541666666666667 0.025925925925925925
4 0.19895833333333332 0.021296296296296296 0.007291666666666667 0.012962962962962963
4 0.11067708333333333 0.08703703703703704 0.009895833333333333 0.007407407407407408
4 0.11276041666666667 0.0837962962962963 0.013020833333333334 0.008333333333333333
4 0.11588541666666667 0.0787037037037037 0.0109375 0.009259259259259259
4 0.11822916666666666 0.07453703703703704 0.009375 0.008333333333333333
4 0.121875 0.06851851851851852 0.009375 0.011111111111111112
4 0.12604166666666666 0.06018518518518518 0.011458333333333333 0.007407407407407408
4 0.1296875 0.056018518518518516 0.010416666666666666 0.008333333333333333
4 0.13723958333333333 0.03981481481481482 0.0109375 0.005555555555555556
4 0.05130208333333333 0.42407407407407405 0.019270833333333334 0.014814814814814815
4 0.31223958333333335 0.012037037037037037 0.0067708333333333336 0.014814814814814815
4 0.31875 0.02962962962962963 0.00625 0.011111111111111112
4 0.34791666666666665 0.10416666666666667 0.008333333333333333 0.013888888888888888
4 0.5286458333333334 0.022222222222222223 0.010416666666666666 0.009259259259259259
4 0.5143229166666666 0.022222222222222223 0.008854166666666666 0.009259259259259259
4 0.5083333333333333 0.01898148148148148 0.008333333333333333 0.008333333333333333
4 0.50625 0.015277777777777777 0.009375 0.008333333333333333
4 0.5044270833333333 0.010185185185185186 0.009895833333333333 0.007407407407407408
4 0.5239583333333333 0.018518518518518517 0.008333333333333333 0.007407407407407408
4 0.5203125 0.014814814814814815 0.008333333333333333 0.007407407407407408
4 0.51640625 0.006944444444444444 0.008854166666666666 0.008333333333333333
4 0.5393229166666667 0.019444444444444445 0.009895833333333333 0.009259259259259259
4 0.5354166666666667 0.016203703703703703 0.009375 0.006481481481481481
4 0.5315104166666667 0.010185185185185186 0.0109375 0.009259259259259259
4 0.5294270833333333 0.005555555555555556 0.008854166666666666 0.007407407407407408
4 0.5255208333333333 0.003703703703703704 0.009375 0.007407407407407408
4 0.5450520833333333 0.08101851851851852 0.0109375 0.010185185185185186
4 0.5424479166666667 0.07592592592592592 0.011979166666666667 0.009259259259259259
4 0.5502604166666667 0.08611111111111111 0.009895833333333333 0.011111111111111112
4 0.55234375 0.09259259259259259 0.0109375 0.009259259259259259
4 0.5583333333333333 0.09814814814814815 0.009375 0.009259259259259259
