4 0.2484375 0.6995370370370371 0.029166666666666667 0.058333333333333334
4 0.35182291666666665 0.5907407407407408 0.0234375 0.06481481481481481
4 0.35625 0.41203703703703703 0.015625 0.03148148148148148
4 0.30026041666666664 0.39814814814814814 0.0140625 0.027777777777777776
4 0.359375 0.3337962962962963 0.011458333333333333 0.026851851851851852
4 0.37578125 0.30925925925925923 0.0109375 0.024074074074074074
4 0.36875 0.2587962962962963 0.009375 0.017592592592592594
4 0.33645833333333336 0.26805555555555555 0.009375 0.017592592592592594
4 0.33151041666666664 0.22592592592592592 0.0078125 0.014814814814814815
4 0.34869791666666666 0.2125 0.0067708333333333336 0.012037037037037037
4 0.35885416666666664 0.2125 0.007291666666666667 0.01574074074074074
4 0.32708333333333334 0.19398148148148148 0.00625 0.010185185185185186
4 0.33880208333333334 0.17083333333333334 0.0067708333333333336 0.010185185185185186
4 0.2955729166666667 0.2361111111111111 0.005729166666666666 0.011111111111111112
4 0.29635416666666664 0.22037037037037038 0.004166666666666667 0.007407407407407408
4 0.29635416666666664 0.2263888888888889 0.005208333333333333 0.010185185185185186
4 0.28984375 0.22037037037037038 0.005729166666666666 0.009259259259259259
4 0.27578125 0.2300925925925926 0.0046875 0.010185185185185186
4 0.26536458333333335 0.2310185185185185 0.005729166666666666 0.010185185185185186
4 0.3223958333333333 0.16898148148148148 0.00625 0.010185185185185186
4 0.32005208333333335 0.15231481481481482 0.0046875 0.008333333333333333
4 0.31328125 0.14722222222222223 0.0046875 0.007407407407407408
4 0.33203125 0.1476851851851852 0.0036458333333333334 0.006481481481481481
4 0.3341145833333333 0.13425925925925927 0.0036458333333333334 0.007407407407407408
4 0.3489583333333333 0.12268518518518519 0.005208333333333333 0.006481481481481481
4 0.36302083333333335 0.11944444444444445 0.004166666666666667 0.007407407407407408
4 0.32473958333333336 0.13148148148148148 0.0046875 0.007407407407407408
4 0.32083333333333336 0.12916666666666668 0.004166666666666667 0.006481481481481481
4 0.32916666666666666 0.12638888888888888 0.005208333333333333 0.006481481481481481
4 0.3328125 0.11944444444444445 0.005208333333333333 0.007407407407407408
4 0.34348958333333335 0.11805555555555555 0.0046875 0.006481481481481481
4 0.35598958333333336 0.11342592592592593 0.0046875 0.008333333333333333
4 0.3611979166666667 0.11481481481481481 0.0046875 0.005555555555555556
4 0.37604166666666666 0.10601851851851851 0.00625 0.006481481481481481
4 0.3731770833333333 0.1125 0.0046875 0.006481481481481481
4 0.38229166666666664 0.11064814814814815 0.005208333333333333 0.004629629629629629
4 0.38776041666666666 0.10740740740740741 0.0046875 0.005555555555555556
4 0.4036458333333333 0.10231481481481482 0.005208333333333333 0.006481481481481481
4 0.4140625 0.4976851851851852 0.014583333333333334 0.030555555555555555
4 0.44244791666666666 0.4527777777777778 0.016145833333333335 0.027777777777777776
4 0.17708333333333334 0.19814814814814816 0.008333333333333333 0.007407407407407408
4 0.17916666666666667 0.19398148148148148 0.009375 0.006481481481481481
4 0.18229166666666666 0.19212962962962962 0.011458333333333333 0.008333333333333333
4 0.45416666666666666 0.6291666666666667 0.022916666666666665 0.04351851851851852
