0 0.35234375 0.7837962962962963 0.0609375 0.08796296296296297
0 0.7330729166666666 0.27685185185185185 0.03177083333333333 0.027777777777777776
0 0.75078125 0.2587962962962963 0.027604166666666666 0.021296296296296296
0 0.7552083333333334 0.25277777777777777 0.026041666666666668 0.025925925925925925
0 0.7971354166666667 0.24166666666666667 0.018229166666666668 0.024074074074074074
0 0.778125 0.22175925925925927 0.022916666666666665 0.019444444444444445
0 0.8291666666666667 0.1685185185185185 0.021875 0.016666666666666666
0 0.8333333333333334 0.16064814814814815 0.020833333333333332 0.01574074074074074
0 0.89375 0.2263888888888889 0.014583333333333334 0.021296296296296296
0 0.6716145833333333 0.3662037037037037 0.0140625 0.025
0 0.16822916666666668 0.36342592592592593 0.027083333333333334 0.032407407407407406
0 0.21432291666666667 0.3699074074074074 0.028645833333333332 0.030555555555555555
0 0.9622395833333334 0.1111111111111111 0.018229166666666668 0.016666666666666666
0 0.97265625 0.06712962962962964 0.008854166666666666 0.012037037037037037
0 0.9671875 0.09166666666666666 0.009375 0.011111111111111112
0 0.89921875 0.09351851851851851 0.011979166666666667 0.011111111111111112
0 0.909375 0.11898148148148148 0.0125 0.017592592592592594
