0 0.0453125 0.2 0.06145833333333333 0.05185185185185185
0 0.11197916666666667 0.2152777777777778 0.06145833333333333 0.05277777777777778
0 0.09791666666666667 0.25972222222222224 0.06979166666666667 0.05277777777777778
0 0.05182291666666667 0.29953703703703705 0.08177083333333333 0.05648148148148148
0 0.13645833333333332 0.30925925925925923 0.084375 0.05925925925925926
0 0.0125 0.25833333333333336 0.025 0.040740740740740744
0 0.22369791666666666 0.2212962962962963 0.04114583333333333 0.05185185185185185
0 0.26197916666666665 0.2101851851851852 0.0375 0.05185185185185185
0 0.30364583333333334 0.2462962962962963 0.010416666666666666 0.04814814814814815
0 0.30885416666666665 0.11574074074074074 0.0375 0.02962962962962963
0 0.33307291666666666 0.10277777777777777 0.018229166666666668 0.037037037037037035
0 0.32734375 0.07685185185185185 0.0171875 0.03148148148148148
0 0.35260416666666666 0.1875 0.026041666666666668 0.058333333333333334
0 0.38229166666666664 0.07685185185185185 0.011458333333333333 0.022222222222222223
0 0.40859375 0.07592592592592592 0.016145833333333335 0.03518518518518519
0 0.3932291666666667 0.06435185185185185 0.016666666666666666 0.032407407407407406
0 0.3958333333333333 0.04675925925925926 0.014583333333333334 0.021296296296296296
0 0.3958333333333333 0.034722222222222224 0.010416666666666666 0.019444444444444445
0 0.43020833333333336 0.09212962962962963 0.03854166666666667 0.026851851851851852
0 0.48541666666666666 0.06481481481481481 0.0125 0.020370370370370372
0 0.4869791666666667 0.0837962962962963 0.015625 0.025
0 0.49192708333333335 0.1111111111111111 0.0171875 0.025925925925925925
0 0.4984375 0.1310185185185185 0.017708333333333333 0.032407407407407406
0 0.5059895833333333 0.15462962962962962 0.021354166666666667 0.040740740740740744
0 0.5166666666666667 0.19305555555555556 0.023958333333333335 0.041666666666666664
0 0.5283854166666667 0.24722222222222223 0.030729166666666665 0.053703703703703705
