4 0.7130208333333333 1.3583333333333334 0.053125 0.06111111111111111
4 0.22161458333333334 1.2208333333333334 0.07864583333333333 0.1824074074074074
4 0.7002604166666667 1.0162037037037037 0.04114583333333333 0.13055555555555556
4 0.6927083333333334 0.8277777777777777 0.036458333333333336 0.09259259259259259
4 0.40859375 0.5967592592592592 0.034895833333333334 0.06944444444444445
4 0.45729166666666665 0.4375 0.027083333333333334 0.04537037037037037
4 0.50234375 0.32685185185185184 0.0234375 0.040740740740740744
4 0.5125 0.3013888888888889 0.019791666666666666 0.03981481481481482
4 0.5375 0.25462962962962965 0.019791666666666666 0.03518518518518519
4 0.5520833333333334 0.21666666666666667 0.017708333333333333 0.02962962962962963
4 0.5708333333333333 0.18101851851851852 0.01875 0.025
4 0.58125 0.16018518518518518 0.015625 0.02962962962962963
4 0.6049479166666667 0.12175925925925926 0.015104166666666667 0.021296296296296296
4 0.6203125 0.09768518518518518 0.0125 0.019444444444444445
4 0.9973958333333334 0.6231481481481481 0.0625 0.05
