4 0.2713541666666667 0.5740740740740741 0.027083333333333334 0.05555555555555555
4 0.31015625 0.5828703703703704 0.028645833333333332 0.05277777777777778
4 0.36666666666666664 0.5949074074074074 0.025 0.062037037037037036
4 0.41380208333333335 0.6111111111111112 0.0359375 0.053703703703703705
4 0.4859375 0.6402777777777777 0.03854166666666667 0.03611111111111111
4 0.5348958333333333 0.6444444444444445 0.03854166666666667 0.03333333333333333
4 0.39140625 0.4824074074074074 0.016145833333333335 0.046296296296296294
4 0.15520833333333334 0.3597222222222222 0.019791666666666666 0.03981481481481482
4 0.05807291666666667 0.6231481481481481 0.0421875 0.037037037037037035
4 0.1015625 0.6333333333333333 0.03854166666666667 0.03148148148148148
4 0.20026041666666666 0.6175925925925926 0.028645833333333332 0.06851851851851852
4 0.3263020833333333 0.11527777777777778 0.009895833333333333 0.026851851851851852
4 0.2890625 0.33055555555555555 0.016666666666666666 0.03888888888888889
4 0.25052083333333336 0.15555555555555556 0.013541666666666667 0.03518518518518519
