4 0.38203125 0.5226851851851851 0.009895833333333333 0.032407407407407406
4 0.37083333333333335 0.6800925925925926 0.014583333333333334 0.04722222222222222
4 0.39375 0.6152777777777778 0.013541666666666667 0.041666666666666664
4 0.4161458333333333 0.5189814814814815 0.011458333333333333 0.032407407407407406
4 0.38984375 0.43333333333333335 0.008854166666666666 0.025925925925925925
4 0.3575520833333333 0.4027777777777778 0.008854166666666666 0.020370370370370372
4 0.3971354166666667 0.28935185185185186 0.005729166666666666 0.017592592592592594
4 0.38359375 0.27037037037037037 0.0067708333333333336 0.014814814814814815
4 0.42135416666666664 0.19074074074074074 0.004166666666666667 0.011111111111111112
4 0.4125 0.21898148148148147 0.005208333333333333 0.013888888888888888
4 0.4083333333333333 0.2050925925925926 0.005208333333333333 0.012037037037037037
4 0.40677083333333336 0.15462962962962962 0.004166666666666667 0.011111111111111112
4 0.4002604166666667 0.09259259259259259 0.0036458333333333334 0.007407407407407408
4 0.40208333333333335 0.08194444444444444 0.004166666666666667 0.006481481481481481
4 0.4109375 0.0837962962962963 0.003125 0.008333333333333333
4 0.39114583333333336 0.19537037037037036 0.004166666666666667 0.012962962962962963
4 0.41354166666666664 0.17037037037037037 0.004166666666666667 0.011111111111111112
4 0.421875 0.17175925925925925 0.005208333333333333 0.013888888888888888
4 0.39895833333333336 0.04814814814814815 0.003125 0.005555555555555556
4 0.39895833333333336 0.043055555555555555 0.003125 0.004629629629629629
4 0.40338541666666666 0.04722222222222222 0.0026041666666666665 0.005555555555555556
4 0.4192708333333333 0.04027777777777778 0.003125 0.008333333333333333
4 0.41744791666666664 0.08611111111111111 0.0036458333333333334 0.009259259259259259
4 0.4231770833333333 0.09861111111111111 0.0036458333333333334 0.010185185185185186
4 0.4200520833333333 0.22361111111111112 0.005729166666666666 0.013888888888888888
4 0.4046875 0.16527777777777777 0.005208333333333333 0.012037037037037037
4 0.42239583333333336 0.1425925925925926 0.004166666666666667 0.011111111111111112
4 0.33828125 0.17175925925925925 0.0109375 0.008333333333333333
4 0.3190104166666667 0.17083333333333334 0.013020833333333334 0.012037037037037037
4 0.39739583333333334 0.028703703703703703 0.008333333333333333 0.007407407407407408
4 0.49661458333333336 0.49722222222222223 0.0265625 0.016666666666666666
4 0.5403645833333334 0.5199074074074074 0.027604166666666666 0.017592592592592594
4 0.5700520833333333 0.5263888888888889 0.024479166666666666 0.021296296296296296
4 0.5583333333333333 0.500462962962963 0.026041666666666668 0.021296296296296296
4 0.6716145833333333 0.5013888888888889 0.025520833333333333 0.017592592592592594
4 0.7088541666666667 0.5060185185185185 0.026041666666666668 0.017592592592592594
