0 0.37213541666666666 0.21898148148148147 0.0026041666666666665 0.004629629629629629
0 0.37057291666666664 0.22453703703703703 0.0026041666666666665 0.004629629629629629
0 0.371875 0.23657407407407408 0.004166666666666667 0.008333333333333333
0 0.36015625 0.2462962962962963 0.0026041666666666665 0.007407407407407408
0 0.3546875 0.2657407407407407 0.004166666666666667 0.009259259259259259
0 0.38333333333333336 0.26851851851851855 0.005208333333333333 0.011111111111111112
0 0.3963541666666667 0.27037037037037037 0.007291666666666667 0.014814814814814815
0 0.40625 0.25601851851851853 0.007291666666666667 0.012037037037037037
0 0.415625 0.27175925925925926 0.009375 0.019444444444444445
0 0.396875 0.2986111111111111 0.011458333333333333 0.021296296296296296
0 0.41171875 0.29583333333333334 0.0109375 0.021296296296296296
0 0.38645833333333335 0.3384259259259259 0.010416666666666666 0.023148148148148147
0 0.4041666666666667 0.35509259259259257 0.016666666666666666 0.03425925925925926
0 0.4265625 0.3638888888888889 0.016666666666666666 0.03518518518518519
0 0.36171875 0.39444444444444443 0.013020833333333334 0.03148148148148148
0 0.35885416666666664 0.4236111111111111 0.014583333333333334 0.032407407407407406
0 0.31640625 0.34305555555555556 0.008854166666666666 0.01574074074074074
0 0.3026041666666667 0.3921296296296296 0.0125 0.017592592592592594
0 0.27005208333333336 0.4791666666666667 0.016145833333333335 0.017592592592592594
0 0.35625 0.4550925925925926 0.016666666666666666 0.03981481481481482
0 0.3216145833333333 0.46805555555555556 0.015104166666666667 0.032407407407407406
0 0.3171875 0.4981481481481482 0.014583333333333334 0.037037037037037035
0 0.33229166666666665 0.49907407407407406 0.015625 0.044444444444444446
0 0.34817708333333336 0.5050925925925925 0.0203125 0.05092592592592592
0 0.32760416666666664 0.5467592592592593 0.017708333333333333 0.05092592592592592
0 0.30963541666666666 0.5407407407407407 0.019270833333333334 0.046296296296296294
0 0.2955729166666667 0.5958333333333333 0.022395833333333334 0.058333333333333334
0 0.27057291666666666 0.6393518518518518 0.0234375 0.062037037037037036
0 0.16041666666666668 0.6981481481481482 0.022916666666666665 0.03333333333333333
0 0.13307291666666668 0.7296296296296296 0.021354166666666667 0.037037037037037035
0 0.09010416666666667 0.8787037037037037 0.028125 0.03888888888888889
0 0.11692708333333333 0.8976851851851851 0.0296875 0.04537037037037037
0 0.12369791666666667 0.9453703703703704 0.030729166666666665 0.053703703703703705
0 0.38697916666666665 0.5699074074074074 0.027083333333333334 0.06574074074074074
0 0.38697916666666665 0.7402777777777778 0.03958333333333333 0.12129629629629629
0 0.43697916666666664 0.6833333333333333 0.03958333333333333 0.11851851851851852
0 0.6880208333333333 0.2828703703703704 0.08229166666666667 0.09351851851851851
