4 0.60234375 0.7398148148148148 0.09322916666666667 0.17407407407407408
4 0.6184895833333334 0.6 0.08177083333333333 0.1037037037037037
4 0.6231770833333333 0.5037037037037037 0.0515625 0.08333333333333333
4 0.64921875 0.40694444444444444 0.05677083333333333 0.06574074074074074
4 0.64375 0.36203703703703705 0.035416666666666666 0.053703703703703705
4 0.6138020833333333 0.32175925925925924 0.0609375 0.05277777777777778
4 0.60859375 0.274537037037037 0.05364583333333333 0.04351851851851852
4 0.6505208333333333 0.26296296296296295 0.025 0.04259259259259259
4 0.64921875 0.23703703703703705 0.0234375 0.03148148148148148
4 0.6528645833333333 0.21805555555555556 0.021354166666666667 0.028703703703703703
4 0.6458333333333334 0.17222222222222222 0.01875 0.025925925925925925
4 0.6369791666666667 0.16805555555555557 0.013541666666666667 0.023148148148148147
4 0.6356770833333333 0.15601851851851853 0.016145833333333335 0.019444444444444445
4 0.6317708333333333 0.14814814814814814 0.013541666666666667 0.022222222222222223
4 0.63203125 0.13333333333333333 0.011979166666666667 0.018518518518518517
4 0.6427083333333333 0.13564814814814816 0.013541666666666667 0.028703703703703703
4 0.71640625 0.16203703703703703 0.0234375 0.020370370370370372
4 0.71171875 0.1476851851851852 0.0171875 0.019444444444444445
4 0.65625 0.1037037037037037 0.0125 0.018518518518518517
4 0.6372395833333333 0.09074074074074075 0.015104166666666667 0.018518518518518517
4 0.62109375 0.08194444444444444 0.009895833333333333 0.01574074074074074
