0 0.146875 0.6439814814814815 0.065625 0.1935185185185185
0 0.20494791666666667 0.4222222222222222 0.07552083333333333 0.12962962962962962
0 0.40260416666666665 0.875 0.13125 0.18518518518518517
0 0.40234375 0.7171296296296297 0.1140625 0.15648148148148147
0 0.41041666666666665 0.4740740740740741 0.09791666666666667 0.1037037037037037
0 0.41822916666666665 0.3685185185185185 0.08958333333333333 0.08703703703703704
0 0.5979166666666667 0.8740740740740741 0.06979166666666667 0.1962962962962963
0 0.5799479166666667 0.4212962962962963 0.05260416666666667 0.14814814814814814
0 0.5559895833333334 0.19212962962962962 0.04114583333333333 0.12685185185185185
0 0.22005208333333334 0.3347222222222222 0.07864583333333333 0.1175925925925926
0 0.23463541666666668 0.24768518518518517 0.0796875 0.1175925925925926
0 0.3640625 0.11666666666666667 0.0375 0.10185185185185185
0 0.028645833333333332 0.4861111111111111 0.057291666666666664 0.17962962962962964
0 0.153125 0.2671296296296296 0.06666666666666667 0.13240740740740742
0 0.16953125 0.08425925925925926 0.049479166666666664 0.1259259259259259
0 0.4322916666666667 0.10185185185185185 0.075 0.08148148148148149
