4 0.11770833333333333 1.2949074074074074 0.03854166666666667 0.08425925925925926
4 0.14739583333333334 1.199537037037037 0.03125 0.07685185185185185
4 0.15260416666666668 1.0347222222222223 0.023958333333333335 0.062037037037037036
4 0.08177083333333333 1.0638888888888889 0.028125 0.05925925925925926
4 0.20625 0.9962962962962963 0.027083333333333334 0.053703703703703705
4 0.24114583333333334 0.8791666666666667 0.026041666666666668 0.04722222222222222
4 0.2911458333333333 0.8208333333333333 0.017708333333333333 0.04351851851851852
4 0.2984375 0.8796296296296297 0.01875 0.03333333333333333
4 0.30833333333333335 0.999537037037037 0.01875 0.04537037037037037
4 0.31666666666666665 0.9388888888888889 0.020833333333333332 0.04814814814814815
4 0.25052083333333336 1.287037037037037 0.025 0.06111111111111111
4 0.24557291666666667 0.7833333333333333 0.021354166666666667 0.04259259259259259
4 0.19244791666666666 0.7935185185185185 0.021354166666666667 0.04259259259259259
4 0.27057291666666666 0.7805555555555556 0.015104166666666667 0.037037037037037035
4 0.24557291666666667 0.7435185185185185 0.015104166666666667 0.03518518518518519
4 0.27890625 0.7458333333333333 0.019270833333333334 0.03796296296296296
4 0.2877604166666667 0.7152777777777778 0.0171875 0.03796296296296296
4 0.2986979166666667 0.687037037037037 0.013020833333333334 0.03148148148148148
4 0.2859375 0.6833333333333333 0.0125 0.027777777777777776
4 0.28411458333333334 0.6412037037037037 0.016145833333333335 0.030555555555555555
4 0.31197916666666664 0.638425925925926 0.014583333333333334 0.028703703703703703
4 0.3184895833333333 0.6157407407407407 0.015104166666666667 0.022222222222222223
4 0.3255208333333333 0.5949074074074074 0.013541666666666667 0.025
4 0.3299479166666667 0.5731481481481482 0.0140625 0.022222222222222223
4 0.334375 0.8578703703703704 0.015625 0.03611111111111111
4 0.34453125 0.5199074074074074 0.0109375 0.023148148148148147
4 0.3458333333333333 0.4986111111111111 0.008333333333333333 0.019444444444444445
4 0.36276041666666664 0.4930555555555556 0.0109375 0.023148148148148147
4 0.3765625 0.4810185185185185 0.010416666666666666 0.019444444444444445
4 0.36692708333333335 0.46435185185185185 0.009895833333333333 0.019444444444444445
4 0.35494791666666664 0.4476851851851852 0.009895833333333333 0.019444444444444445
4 0.3692708333333333 0.4203703703703704 0.008333333333333333 0.014814814814814815
4 0.38984375 0.4703703703703704 0.0067708333333333336 0.016666666666666666
4 0.40130208333333334 0.44907407407407407 0.0078125 0.014814814814814815
4 0.40130208333333334 0.4689814814814815 0.0078125 0.017592592592592594
4 0.37994791666666666 0.6416666666666667 0.013020833333333334 0.024074074074074074
4 0.37786458333333334 0.39814814814814814 0.0078125 0.014814814814814815
4 0.3606770833333333 0.4023148148148148 0.0078125 0.017592592592592594
4 0.36354166666666665 0.3648148148148148 0.00625 0.014814814814814815
4 0.36640625 0.350462962962963 0.0067708333333333336 0.010185185185185186
4 0.36692708333333335 0.3402777777777778 0.0067708333333333336 0.008333333333333333
4 0.38307291666666665 0.3282407407407407 0.005729166666666666 0.012037037037037037
4 0.3723958333333333 0.2972222222222222 0.005208333333333333 0.012962962962962963
4 0.3645833333333333 0.2865740740740741 0.005208333333333333 0.012037037037037037
4 0.6453125 1.3652777777777778 0.046875 0.04351851851851852
4 0.6458333333333334 1.3217592592592593 0.05 0.03611111111111111
4 0.6416666666666667 1.2819444444444446 0.05 0.03611111111111111
4 0.63671875 1.2226851851851852 0.044270833333333336 0.03425925925925926
4 0.6611979166666667 1.1263888888888889 0.021354166666666667 0.05648148148148148
4 0.6169270833333333 1.1143518518518518 0.019270833333333334 0.06574074074074074
4 0.5630208333333333 1.1597222222222223 0.017708333333333333 0.06574074074074074
4 0.5572916666666666 1.0967592592592592 0.034375 0.05277777777777778
4 0.6216145833333333 1.0527777777777778 0.04010416666666667 0.03518518518518519
4 0.6171875 1.025 0.0375 0.027777777777777776
4 0.61015625 0.9986111111111111 0.0359375 0.025
4 0.6106770833333334 0.9777777777777777 0.04010416666666667 0.025925925925925925
4 0.5895833333333333 0.9472222222222222 0.015625 0.044444444444444446
4 0.55625 0.9578703703703704 0.015625 0.04722222222222222
4 0.61953125 0.9138888888888889 0.025520833333333333 0.05
4 0.5838541666666667 0.7675925925925926 0.014583333333333334 0.040740740740740744
4 0.5846354166666666 0.7356481481481482 0.009895833333333333 0.017592592592592594
