4 0.4328125 0.22453703703703703 0.016666666666666666 0.026851851851851852
4 0.49635416666666665 0.21481481481481482 0.01875 0.027777777777777776
4 0.6979166666666666 0.2675925925925926 0.03958333333333333 0.046296296296296294
4 0.7299479166666667 0.2638888888888889 0.03802083333333333 0.044444444444444446
4 0.4265625 0.1875 0.01875 0.017592592592592594
4 0.45 0.17962962962962964 0.010416666666666666 0.016666666666666666
4 0.45989583333333334 0.17175925925925925 0.011458333333333333 0.012037037037037037
4 0.46171875 0.1648148148148148 0.011979166666666667 0.011111111111111112
4 0.4583333333333333 0.16342592592592592 0.007291666666666667 0.013888888888888888
4 0.5247395833333334 0.2273148148148148 0.0140625 0.023148148148148147
4 0.4546875 0.1638888888888889 0.00625 0.009259259259259259
4 0.49557291666666664 0.1550925925925926 0.0046875 0.006481481481481481
