4 0.6359375 0.9273148148148148 0.05 0.05462962962962963
4 0.6229166666666667 0.8189814814814815 0.0375 0.04351851851851852
4 0.62578125 0.8041666666666667 0.034895833333333334 0.03981481481481482
4 0.6213541666666667 0.7754629629629629 0.03333333333333333 0.041666666666666664
4 0.50625 0.49537037037037035 0.0125 0.011111111111111112
4 0.50859375 0.4949074074074074 0.011979166666666667 0.010185185185185186
4 0.54765625 0.42824074074074076 0.0078125 0.008333333333333333
4 0.5520833333333334 0.42453703703703705 0.00625 0.006481481481481481
4 0.609375 0.5444444444444444 0.008333333333333333 0.016666666666666666
4 0.6080729166666666 0.5333333333333333 0.008854166666666666 0.012962962962962963
4 0.5645833333333333 0.46944444444444444 0.013541666666666667 0.011111111111111112
4 0.5653645833333333 0.4638888888888889 0.011979166666666667 0.009259259259259259
4 0.565625 0.4615740740740741 0.013541666666666667 0.010185185185185186
4 0.565625 0.4597222222222222 0.013541666666666667 0.012037037037037037
4 0.5614583333333333 0.44305555555555554 0.011458333333333333 0.008333333333333333
4 0.5627604166666667 0.43796296296296294 0.0078125 0.007407407407407408
4 0.5838541666666667 0.4148148148148148 0.004166666666666667 0.005555555555555556
4 0.628125 0.4375 0.00625 0.008333333333333333
4 0.6322916666666667 0.4439814814814815 0.00625 0.008333333333333333
4 0.6450520833333333 0.42824074074074076 0.005729166666666666 0.008333333333333333
4 0.6296875 0.42453703703703705 0.005208333333333333 0.006481481481481481
4 0.6296875 0.41944444444444445 0.005208333333333333 0.007407407407407408
4 0.6356770833333333 0.42916666666666664 0.005729166666666666 0.010185185185185186
4 0.6598958333333333 0.48657407407407405 0.008333333333333333 0.013888888888888888
4 0.66953125 0.48564814814814816 0.008854166666666666 0.012037037037037037
4 0.6653645833333334 0.4777777777777778 0.0067708333333333336 0.009259259259259259
4 0.8984375 0.6666666666666666 0.01875 0.024074074074074074
4 0.90546875 0.6282407407407408 0.019270833333333334 0.025
4 0.8854166666666666 0.47685185185185186 0.017708333333333333 0.012962962962962963
4 0.5614583333333333 0.43657407407407406 0.008333333333333333 0.006481481481481481
