4 0.24791666666666667 0.874537037037037 0.053125 0.16018518518518518
4 0.23125 0.75 0.07604166666666666 0.1037037037037037
4 0.46927083333333336 0.9333333333333333 0.12604166666666666 0.07777777777777778
4 0.43984375 0.8537037037037037 0.11822916666666666 0.11666666666666667
4 0.42578125 0.7800925925925926 0.09739583333333333 0.08981481481481482
4 0.40130208333333334 0.7129629629629629 0.08177083333333333 0.08518518518518518
4 0.22890625 0.6666666666666666 0.06822916666666666 0.09259259259259259
4 0.37526041666666665 0.6268518518518519 0.0734375 0.06111111111111111
4 0.3497395833333333 0.5597222222222222 0.0578125 0.049074074074074076
4 0.3614583333333333 0.5893518518518519 0.0625 0.05648148148148148
4 0.2520833333333333 0.5541666666666667 0.029166666666666667 0.062037037037037036
4 0.6901041666666666 0.7986111111111112 0.078125 0.1398148148148148
4 0.67734375 0.6527777777777778 0.08489583333333334 0.10925925925925926
4 0.5986979166666667 0.6736111111111112 0.0671875 0.09907407407407408
4 0.5375 0.587037037037037 0.051041666666666666 0.06851851851851852
4 0.4578125 0.5287037037037037 0.040625 0.05555555555555555
4 0.49505208333333334 0.5328703703703703 0.0390625 0.05277777777777778
4 0.5947916666666667 0.4597222222222222 0.034375 0.03981481481481482
4 0.6971354166666667 0.5444444444444444 0.0640625 0.06296296296296296
4 0.43854166666666666 0.45416666666666666 0.025 0.03981481481481482
4 0.40390625 0.45601851851851855 0.027604166666666666 0.03796296296296296
4 0.4239583333333333 0.4217592592592593 0.023958333333333335 0.03981481481481482
4 0.39817708333333335 0.39861111111111114 0.021354166666666667 0.032407407407407406
4 0.38255208333333335 0.3800925925925926 0.0140625 0.025
4 0.36484375 0.3699074074074074 0.025520833333333333 0.025
4 0.3606770833333333 0.34953703703703703 0.013020833333333334 0.021296296296296296
4 0.25104166666666666 0.3592592592592593 0.013541666666666667 0.022222222222222223
4 0.25286458333333334 0.33564814814814814 0.009895833333333333 0.025
4 0.2234375 0.26666666666666666 0.00625 0.012962962962962963
4 0.25703125 0.24027777777777778 0.009895833333333333 0.010185185185185186
4 0.24947916666666667 0.21203703703703702 0.007291666666666667 0.005555555555555556
4 0.2708333333333333 0.23055555555555557 0.004166666666666667 0.007407407407407408
4 0.29270833333333335 0.2388888888888889 0.005208333333333333 0.007407407407407408
4 0.3463541666666667 0.3314814814814815 0.010416666666666666 0.018518518518518517
4 0.3372395833333333 0.31712962962962965 0.011979166666666667 0.017592592592592594
4 0.3296875 0.30787037037037035 0.009375 0.01574074074074074
4 0.32473958333333336 0.29907407407407405 0.009895833333333333 0.016666666666666666
4 0.3140625 0.28564814814814815 0.008333333333333333 0.013888888888888888
4 0.31927083333333334 0.2935185185185185 0.00625 0.012962962962962963
4 0.66875 0.4027777777777778 0.03229166666666667 0.027777777777777776
