0 0.084375 0.4726851851851852 0.06875 0.05648148148148148
0 0.15078125 0.49722222222222223 0.0765625 0.05925925925925926
0 0.24296875 0.5101851851851852 0.08802083333333334 0.06111111111111111
0 0.41953125 0.4689814814814815 0.0640625 0.06944444444444445
0 0.5010416666666667 0.44027777777777777 0.06041666666666667 0.05277777777777778
0 0.63125 0.3800925925925926 0.04375 0.03611111111111111
0 0.6572916666666667 0.39305555555555555 0.03958333333333333 0.032407407407407406
0 0.5046875 0.6162037037037037 0.09166666666666666 0.09907407407407408
0 0.17395833333333333 0.8550925925925926 0.165625 0.17685185185185184
0 0.253125 0.711574074074074 0.12708333333333333 0.11203703703703703
