4 0.7177083333333333 1.349074074074074 0.06875 0.07962962962962963
4 0.7067708333333333 1.2101851851851853 0.09791666666666667 0.1574074074074074
4 0.8166666666666667 0.7300925925925926 0.040625 0.062037037037037036
4 0.74140625 0.6527777777777778 0.030729166666666665 0.044444444444444446
4 0.7213541666666666 0.5967592592592592 0.04375 0.03796296296296296
4 0.978125 0.8398148148148148 0.04375 0.06666666666666667
4 1.0174479166666666 0.9476851851851852 0.0484375 0.11203703703703703
4 0.35442708333333334 1.0314814814814814 0.1109375 0.08888888888888889
4 0.3692708333333333 0.9657407407407408 0.10729166666666666 0.07962962962962963
4 0.390625 0.9046296296296297 0.09479166666666666 0.07962962962962963
4 0.37447916666666664 0.8740740740740741 0.09166666666666666 0.07407407407407407
4 0.43723958333333335 0.8069444444444445 0.07552083333333333 0.0787037037037037
4 0.38307291666666665 0.7685185185185185 0.0734375 0.06666666666666667
4 0.4375 0.7513888888888889 0.07083333333333333 0.06018518518518518
4 0.3924479166666667 0.7060185185185185 0.07135416666666666 0.049074074074074076
4 0.5622395833333333 0.6412037037037037 0.0453125 0.03981481481481482
4 0.41171875 0.5476851851851852 0.0421875 0.03611111111111111
4 0.42239583333333336 0.5398148148148149 0.041666666666666664 0.03148148148148148
4 0.40677083333333336 0.5027777777777778 0.035416666666666666 0.037037037037037035
4 0.4674479166666667 0.4046296296296296 0.0109375 0.022222222222222223
4 0.48671875 0.3675925925925926 0.0109375 0.014814814814814815
4 0.47239583333333335 0.29814814814814816 0.010416666666666666 0.009259259259259259
