4 0.5013020833333334 0.9305555555555556 0.03177083333333333 0.03518518518518519
4 0.4934895833333333 0.9527777777777777 0.04114583333333333 0.03888888888888889
4 0.4828125 0.9851851851851852 0.03958333333333333 0.040740740740740744
4 0.47369791666666666 1.012037037037037 0.0453125 0.04259259259259259
4 0.7328125 1.3430555555555554 0.026041666666666668 0.09166666666666666
4 0.73515625 1.038888888888889 0.018229166666666668 0.05185185185185185
4 0.7369791666666666 0.9819444444444444 0.017708333333333333 0.05462962962962963
4 0.7309895833333333 0.6625 0.0140625 0.026851851851851852
4 0.7322916666666667 0.6888888888888889 0.014583333333333334 0.03148148148148148
4 0.7916666666666666 0.8685185185185185 0.017708333333333333 0.046296296296296294
4 0.7903645833333334 0.749537037037037 0.015104166666666667 0.03981481481481482
4 0.7778645833333333 0.5717592592592593 0.011979166666666667 0.026851851851851852
4 0.79453125 0.6212962962962963 0.013020833333333334 0.02962962962962963
4 0.784375 0.27175925925925926 0.00625 0.006481481481481481
4 0.7958333333333333 0.2740740740740741 0.005208333333333333 0.009259259259259259
4 0.8109375 0.2708333333333333 0.004166666666666667 0.010185185185185186
4 0.8140625 0.28194444444444444 0.005208333333333333 0.013888888888888888
4 0.81796875 0.29398148148148145 0.005729166666666666 0.008333333333333333
4 0.8192708333333333 0.30092592592592593 0.00625 0.003703703703703704
4 0.8221354166666667 0.31296296296296294 0.008854166666666666 0.018518518518518517
4 0.7869791666666667 0.28888888888888886 0.004166666666666667 0.009259259259259259
4 0.7942708333333334 0.2912037037037037 0.00625 0.008333333333333333
4 0.7802083333333333 0.3212962962962963 0.008333333333333333 0.014814814814814815
4 0.7872395833333333 0.29814814814814816 0.005729166666666666 0.009259259259259259
4 0.7903645833333334 0.3148148148148148 0.0067708333333333336 0.009259259259259259
4 0.7963541666666667 0.30277777777777776 0.005208333333333333 0.009259259259259259
4 0.7950520833333333 0.3101851851851852 0.005729166666666666 0.009259259259259259
4 0.8044270833333333 0.30972222222222223 0.005729166666666666 0.008333333333333333
4 0.7997395833333333 0.3199074074074074 0.005729166666666666 0.008333333333333333
4 0.784375 0.3300925925925926 0.007291666666666667 0.008333333333333333
4 0.7942708333333334 0.3435185185185185 0.00625 0.011111111111111112
4 0.80234375 0.33564814814814814 0.005729166666666666 0.010185185185185186
4 0.8041666666666667 0.3472222222222222 0.00625 0.009259259259259259
4 0.79609375 0.35833333333333334 0.0078125 0.012962962962962963
4 0.8205729166666667 0.3449074074074074 0.009895833333333333 0.010185185185185186
4 0.81484375 0.48935185185185187 0.0109375 0.01574074074074074
4 0.8442708333333333 0.49398148148148147 0.011458333333333333 0.023148148148148147
4 0.82265625 0.45787037037037037 0.008854166666666666 0.017592592592592594
4 0.8083333333333333 0.4412037037037037 0.008333333333333333 0.01574074074074074
4 0.8028645833333333 0.4074074074074074 0.0078125 0.014814814814814815
4 0.7986979166666667 0.3800925925925926 0.0067708333333333336 0.013888888888888888
4 0.8052083333333333 0.362962962962963 0.00625 0.011111111111111112
4 0.81015625 0.38055555555555554 0.0078125 0.012962962962962963
4 0.8106770833333333 0.3962962962962963 0.0067708333333333336 0.014814814814814815
4 0.82265625 0.3962962962962963 0.0078125 0.012962962962962963
4 0.8127604166666667 0.41388888888888886 0.009895833333333333 0.012962962962962963
4 0.8252604166666667 0.412962962962963 0.008854166666666666 0.012962962962962963
4 0.8184895833333333 0.4287037037037037 0.008854166666666666 0.012962962962962963
4 0.8315104166666667 0.4375 0.0078125 0.013888888888888888
4 0.8356770833333333 0.46574074074074073 0.008854166666666666 0.014814814814814815
4 0.8510416666666667 0.42453703703703705 0.009375 0.012037037037037037
4 0.8520833333333333 0.4375 0.008333333333333333 0.013888888888888888
4 0.8572916666666667 0.45 0.010416666666666666 0.012962962962962963
4 0.8640625 0.46296296296296297 0.011458333333333333 0.016666666666666666
4 0.8283854166666667 0.49583333333333335 0.0109375 0.017592592592592594
4 0.7424479166666667 0.5328703703703703 0.0109375 0.021296296296296296
4 0.7434895833333334 0.5120370370370371 0.0109375 0.016666666666666666
4 0.7434895833333334 0.4861111111111111 0.008854166666666666 0.03148148148148148
4 0.8359375 0.3675925925925926 0.007291666666666667 0.011111111111111112
4 0.8395833333333333 0.38425925925925924 0.008333333333333333 0.022222222222222223
4 0.8375 0.549537037037037 0.0125 0.019444444444444445
4 0.8510416666666667 0.5444444444444444 0.011458333333333333 0.018518518518518517
4 0.83203125 0.5925925925925926 0.011979166666666667 0.020370370370370372
4 0.8505208333333333 0.5902777777777778 0.013541666666666667 0.021296296296296296
4 0.8565104166666667 0.6509259259259259 0.015104166666666667 0.022222222222222223
4 0.8497395833333333 0.687037037037037 0.0140625 0.022222222222222223
4 0.8770833333333333 0.6555555555555556 0.013541666666666667 0.025925925925925925
4 0.8432291666666667 0.4013888888888889 0.005208333333333333 0.010185185185185186
4 0.8674479166666667 0.3347222222222222 0.013020833333333334 0.012037037037037037
4 0.8890625 0.5300925925925926 0.013541666666666667 0.017592592592592594
4 0.8994791666666667 0.5675925925925925 0.0125 0.016666666666666666
4 0.9052083333333333 0.5842592592592593 0.013541666666666667 0.018518518518518517
4 0.9127604166666666 0.6194444444444445 0.0140625 0.024074074074074074
4 0.9169270833333333 0.6421296296296296 0.013020833333333334 0.025
4 0.9192708333333334 0.6842592592592592 0.016666666666666666 0.025925925925925925
4 0.8494791666666667 1.1523148148148148 0.023958333333333335 0.07314814814814814
4 0.8825520833333333 1.2666666666666666 0.027604166666666666 0.07592592592592592
4 0.8197916666666667 0.9763888888888889 0.019791666666666666 0.05462962962962963
4 0.8268229166666666 0.7550925925925925 0.015104166666666667 0.03611111111111111
4 0.9057291666666667 0.8152777777777778 0.01875 0.03425925925925926
4 0.9453125 0.7782407407407408 0.019791666666666666 0.030555555555555555
4 0.9583333333333334 0.8189814814814815 0.023958333333333335 0.032407407407407406
4 0.9682291666666667 0.8583333333333333 0.025 0.03888888888888889
4 0.9799479166666667 0.8972222222222223 0.024479166666666666 0.04259259259259259
4 0.9903645833333333 0.9398148148148148 0.0265625 0.04259259259259259
4 0.9471354166666667 1.1254629629629629 0.028645833333333332 0.062037037037037036
4 1.00546875 0.9962962962962963 0.027604166666666666 0.05185185185185185
4 1.0197916666666667 1.049537037037037 0.029166666666666667 0.05277777777777778
4 1.0296875 1.1101851851851852 0.023958333333333335 0.06296296296296296
4 0.8856770833333333 0.9185185185185185 0.0203125 0.04259259259259259
4 0.9033854166666667 0.8814814814814815 0.021354166666666667 0.04259259259259259
