4 0.259375 0.5555555555555556 0.09270833333333334 0.08518518518518518
4 0.4354166666666667 0.6180555555555556 0.10729166666666666 0.09166666666666666
4 0.5768229166666666 0.5819444444444445 0.10364583333333334 0.08425925925925926
4 0.47369791666666666 0.5101851851851852 0.0859375 0.07777777777777778
4 0.43697916666666664 0.8513888888888889 0.15729166666666666 0.16018518518518518
4 0.23697916666666666 0.8268518518518518 0.140625 0.1259259259259259
4 0.15130208333333334 0.6486111111111111 0.12552083333333333 0.09722222222222222
4 0.47265625 0.4152777777777778 0.07864583333333333 0.06759259259259259
4 0.5950520833333334 0.4166666666666667 0.0796875 0.07592592592592592
4 0.6856770833333333 0.4203703703703704 0.06614583333333333 0.07407407407407407
4 0.6763020833333333 0.7347222222222223 0.1046875 0.11203703703703703
4 0.07604166666666666 0.9203703703703704 0.15208333333333332 0.10185185185185185
4 0.059375 0.7828703703703703 0.11875 0.1175925925925926
4 0.03046875 0.28194444444444444 0.050520833333333334 0.06574074074074074
4 0.06666666666666667 0.2851851851851852 0.051041666666666666 0.06851851851851852
4 0.0359375 0.38333333333333336 0.071875 0.07592592592592592
4 0.18802083333333333 0.399537037037037 0.065625 0.08981481481481482
4 0.22421875 0.4050925925925926 0.06614583333333333 0.10092592592592593
4 0.2791666666666667 0.4064814814814815 0.06041666666666667 0.09074074074074075
4 0.32760416666666664 0.41388888888888886 0.057291666666666664 0.08703703703703704
4 0.37109375 0.4125 0.0578125 0.09166666666666666
4 0.41380208333333335 0.31296296296296294 0.027604166666666666 0.07222222222222222
4 0.4549479166666667 0.30972222222222223 0.0265625 0.06944444444444445
4 0.48776041666666664 0.3194444444444444 0.030729166666666665 0.07592592592592592
4 0.525 0.31342592592592594 0.03125 0.075
4 0.5591145833333333 0.3194444444444444 0.0328125 0.07222222222222222
4 0.5919270833333333 0.32916666666666666 0.03697916666666667 0.0712962962962963
4 0.6307291666666667 0.32685185185185184 0.04479166666666667 0.08148148148148149
4 0.6666666666666666 0.3296296296296296 0.03854166666666667 0.08333333333333333
4 0.2859375 0.9407407407407408 0.17916666666666667 0.06296296296296296
4 0.023958333333333335 0.5560185185185185 0.04791666666666667 0.08055555555555556
