0 0.26588541666666665 0.29953703703703705 0.024479166666666666 0.023148148148148147
0 0.3377604166666667 0.4148148148148148 0.015104166666666667 0.037037037037037035
0 0.32526041666666666 0.3435185185185185 0.011979166666666667 0.03518518518518519
0 0.32760416666666664 0.16157407407407406 0.008333333333333333 0.017592592592592594
0 0.30963541666666666 0.075 0.005729166666666666 0.014814814814814815
0 0.3567708333333333 0.3888888888888889 0.013541666666666667 0.03333333333333333
0 0.44947916666666665 0.3680555555555556 0.016666666666666666 0.026851851851851852
0 0.23958333333333334 0.14305555555555555 0.016666666666666666 0.017592592592592594
0 0.3296875 0.2388888888888889 0.010416666666666666 0.024074074074074074
0 0.33359375 0.2625 0.009895833333333333 0.025
0 0.3580729166666667 0.21944444444444444 0.016145833333333335 0.020370370370370372
