0 0.48671875 0.07083333333333333 0.0265625 0.021296296296296296
0 0.4783854166666667 0.056018518518518516 0.025520833333333333 0.01574074074074074
0 0.49244791666666665 0.07685185185185185 0.0265625 0.022222222222222223
0 0.21770833333333334 0.5976851851851852 0.15104166666666666 0.21944444444444444
0 0.1109375 0.399537037037037 0.08645833333333333 0.11388888888888889
0 0.13203125 0.2773148148148148 0.07760416666666667 0.0787037037037037
0 0.03697916666666667 0.31527777777777777 0.07395833333333333 0.09907407407407408
0 0.04375 0.25925925925925924 0.07708333333333334 0.06666666666666667
0 0.20286458333333332 0.29768518518518516 0.06614583333333333 0.10833333333333334
0 0.06848958333333334 0.20787037037037037 0.043229166666666666 0.04722222222222222
0 0.11536458333333334 0.19722222222222222 0.0359375 0.044444444444444446
0 0.13932291666666666 0.17592592592592593 0.043229166666666666 0.044444444444444446
0 0.0953125 0.16574074074074074 0.05625 0.04259259259259259
0 0.26015625 0.16203703703703703 0.05364583333333333 0.044444444444444446
0 0.29348958333333336 0.15833333333333333 0.0296875 0.04259259259259259
0 0.284375 0.13240740740740742 0.026041666666666668 0.03518518518518519
0 0.34817708333333336 0.0699074074074074 0.016145833333333335 0.021296296296296296
0 0.3640625 0.05324074074074074 0.010416666666666666 0.01574074074074074
0 0.3848958333333333 0.05 0.009375 0.014814814814814815
0 0.38515625 0.06481481481481481 0.018229166666666668 0.016666666666666666
0 0.2721354166666667 0.10046296296296296 0.0234375 0.03611111111111111
0 0.25 0.10601851851851851 0.022916666666666665 0.026851851851851852
0 0.22395833333333334 0.1037037037037037 0.023958333333333335 0.025925925925925925
0 0.24427083333333333 0.09398148148148149 0.020833333333333332 0.025
0 0.265625 0.09259259259259259 0.01875 0.025925925925925925
0 0.28984375 0.09259259259259259 0.019270833333333334 0.022222222222222223
0 0.30182291666666666 0.08333333333333333 0.015104166666666667 0.020370370370370372
0 0.3140625 0.07592592592592592 0.017708333333333333 0.016666666666666666
0 0.28177083333333336 0.06759259259259259 0.014583333333333334 0.020370370370370372
0 0.29140625 0.075 0.0140625 0.018518518518518517
0 0.3104166666666667 0.06527777777777778 0.010416666666666666 0.017592592592592594
0 0.31796875 0.06157407407407407 0.011979166666666667 0.017592592592592594
0 0.325 0.055092592592592596 0.011458333333333333 0.017592592592592594
0 0.3143229166666667 0.07314814814814814 0.0140625 0.016666666666666666
0 0.365625 0.04027777777777778 0.010416666666666666 0.013888888888888888
0 0.353125 0.03796296296296296 0.007291666666666667 0.012962962962962963
0 0.35885416666666664 0.03148148148148148 0.007291666666666667 0.012962962962962963
0 0.36822916666666666 0.032407407407407406 0.00625 0.012962962962962963
0 0.3736979166666667 0.03148148148148148 0.0067708333333333336 0.012962962962962963
0 0.38671875 0.03888888888888889 0.0109375 0.014814814814814815
0 0.4044270833333333 0.07407407407407407 0.021354166666666667 0.022222222222222223
0 0.4354166666666667 0.028703703703703703 0.00625 0.012962962962962963
0 0.446875 0.025 0.007291666666666667 0.007407407407407408
0 0.44947916666666665 0.016203703703703703 0.005208333333333333 0.010185185185185186
0 0.4234375 0.02638888888888889 0.00625 0.010185185185185186
0 0.41458333333333336 0.02361111111111111 0.00625 0.012037037037037037
0 0.4049479166666667 0.023148148148148147 0.0067708333333333336 0.011111111111111112
0 0.4109375 0.016666666666666666 0.00625 0.011111111111111112
0 0.4466145833333333 0.023148148148148147 0.005729166666666666 0.011111111111111112
