0 0.9190104166666667 1.2277777777777779 0.2453125 0.32222222222222224
0 0.9364583333333333 0.4166666666666667 0.03125 0.046296296296296294
0 0.9869791666666666 0.3699074074074074 0.027083333333333334 0.041666666666666664
0 1.0174479166666666 0.3509259259259259 0.030729166666666665 0.03888888888888889
0 0.9653645833333333 0.3087962962962963 0.04739583333333333 0.028703703703703703
0 0.9502604166666667 0.27546296296296297 0.03697916666666667 0.023148148148148147
0 0.8158854166666667 0.37824074074074077 0.050520833333333334 0.03796296296296296
0 0.86484375 0.3578703703703704 0.04739583333333333 0.03611111111111111
0 0.9205729166666666 0.2796296296296296 0.04010416666666667 0.024074074074074074
0 0.89296875 0.2662037037037037 0.0359375 0.021296296296296296
0 0.8205729166666667 0.29305555555555557 0.0390625 0.028703703703703703
0 0.7989583333333333 0.2490740740740741 0.029166666666666667 0.020370370370370372
0 0.7567708333333333 0.1912037037037037 0.01875 0.013888888888888888
0 0.73515625 0.18888888888888888 0.018229166666666668 0.012962962962962963
0 0.04921875 0.6069444444444444 0.0984375 0.08981481481481482
0 0.04140625 0.5837962962962963 0.0828125 0.07685185185185185
0 0.035416666666666666 0.5472222222222223 0.07083333333333333 0.05925925925925926
0 0.090625 0.5120370370370371 0.0875 0.05740740740740741
0 0.29270833333333335 0.2824074074074074 0.03229166666666667 0.020370370370370372
0 0.28177083333333336 0.27314814814814814 0.027083333333333334 0.024074074074074074
0 0.26640625 0.2222222222222222 0.022395833333333334 0.014814814814814815
0 0.2518229166666667 0.21712962962962962 0.021354166666666667 0.013888888888888888
0 0.21510416666666668 0.24212962962962964 0.029166666666666667 0.017592592592592594
0 0.21067708333333332 0.2388888888888889 0.0234375 0.014814814814814815
0 0.17630208333333333 0.24444444444444444 0.0296875 0.016666666666666666
0 0.234375 0.20972222222222223 0.017708333333333333 0.012037037037037037
0 0.23125 0.20787037037037037 0.016666666666666666 0.012037037037037037
0 0.22604166666666667 0.20694444444444443 0.015625 0.012037037037037037
0 0.22161458333333334 0.20694444444444443 0.013020833333333334 0.012037037037037037
0 0.18125 0.19953703703703704 0.009375 0.010185185185185186
0 0.18098958333333334 0.18981481481481483 0.024479166666666666 0.022222222222222223
0 0.17317708333333334 0.1865740740740741 0.03177083333333333 0.025
0 0.18307291666666667 0.21944444444444444 0.033854166666666664 0.03148148148148148
