0 0.06692708333333333 0.47962962962962963 0.021354166666666667 0.02962962962962963
0 0.022135416666666668 0.4726851851851852 0.021354166666666667 0.030555555555555555
0 0.0049479166666666664 0.5305555555555556 0.009895833333333333 0.03518518518518519
0 0.01953125 0.5569444444444445 0.0203125 0.03981481481481482
0 0.03177083333333333 0.562962962962963 0.014583333333333334 0.03333333333333333
0 0.05755208333333333 0.6097222222222223 0.016145833333333335 0.03611111111111111
0 0.0671875 0.625 0.016666666666666666 0.03333333333333333
0 0.11875 0.5268518518518519 0.021875 0.027777777777777776
0 0.1734375 0.5736111111111111 0.023958333333333335 0.030555555555555555
0 0.2109375 0.6162037037037037 0.022916666666666665 0.028703703703703703
0 0.1390625 0.5638888888888889 0.020833333333333332 0.02962962962962963
0 0.5591145833333333 0.3277777777777778 0.024479166666666666 0.020370370370370372
0 0.51875 0.32037037037037036 0.023958333333333335 0.020370370370370372
0 0.390625 0.28564814814814815 0.025 0.023148148148148147
