4 0.2421875 0.5912037037037037 0.014583333333333334 0.04537037037037037
4 0.22057291666666667 0.8944444444444445 0.025520833333333333 0.1037037037037037
4 0.4432291666666667 0.4986111111111111 0.023958333333333335 0.021296296296296296
4 0.34010416666666665 0.4708333333333333 0.028125 0.021296296296296296
4 0.221875 0.43472222222222223 0.011458333333333333 0.023148148148148147
4 0.25390625 0.42916666666666664 0.011979166666666667 0.019444444444444445
4 0.2513020833333333 0.3680555555555556 0.0078125 0.013888888888888888
4 0.41041666666666665 0.5513888888888889 0.027083333333333334 0.032407407407407406
4 0.2390625 0.3458333333333333 0.009375 0.017592592592592594
4 0.22161458333333334 0.3 0.0078125 0.012962962962962963
4 0.20859375 0.23981481481481481 0.005729166666666666 0.009259259259259259
4 0.19192708333333333 0.2263888888888889 0.0046875 0.006481481481481481
4 0.18854166666666666 0.21203703703703702 0.004166666666666667 0.007407407407407408
4 0.184375 0.20601851851851852 0.004166666666666667 0.006481481481481481
4 0.159375 0.44537037037037036 0.019791666666666666 0.03148148148148148
4 0.39609375 0.4398148148148148 0.0203125 0.020370370370370372
4 0.4109375 0.43287037037037035 0.014583333333333334 0.025
4 0.43255208333333334 0.42824074074074076 0.021354166666666667 0.01574074074074074
4 0.4283854166666667 0.4217592592592593 0.0203125 0.013888888888888888
4 0.42291666666666666 0.41435185185185186 0.019791666666666666 0.017592592592592594
4 0.4744791666666667 0.4097222222222222 0.020833333333333332 0.017592592592592594
4 0.4791666666666667 0.4166666666666667 0.021875 0.018518518518518517
4 0.4856770833333333 0.42777777777777776 0.022395833333333334 0.020370370370370372
4 0.43020833333333336 0.47453703703703703 0.026041666666666668 0.019444444444444445
4 0.43333333333333335 0.48842592592592593 0.025 0.021296296296296296
4 0.46067708333333335 0.45601851851851855 0.025520833333333333 0.017592592592592594
4 0.5 0.4601851851851852 0.025 0.020370370370370372
4 0.5669270833333333 0.47314814814814815 0.0265625 0.020370370370370372
4 0.6046875 0.4898148148148148 0.029166666666666667 0.020370370370370372
4 0.4921875 0.48564814814814816 0.026041666666666668 0.019444444444444445
