4 0.22890625 0.7736111111111111 0.09010416666666667 0.13240740740740742
4 0.28098958333333335 0.5949074074074074 0.027604166666666666 0.03425925925925926
4 0.3190104166666667 0.6157407407407407 0.034895833333333334 0.05740740740740741
4 0.3260416666666667 0.586574074074074 0.025 0.03425925925925926
4 0.35572916666666665 0.562037037037037 0.014583333333333334 0.022222222222222223
4 0.35598958333333336 0.537962962962963 0.008854166666666666 0.012962962962962963
4 0.3614583333333333 0.5296296296296297 0.008333333333333333 0.011111111111111112
4 0.36276041666666664 0.512962962962963 0.008854166666666666 0.007407407407407408
4 0.37604166666666666 0.5296296296296297 0.007291666666666667 0.011111111111111112
4 0.40572916666666664 0.5314814814814814 0.008333333333333333 0.011111111111111112
4 0.3921875 0.5226851851851851 0.00625 0.010185185185185186
4 0.3854166666666667 0.5175925925925926 0.005208333333333333 0.007407407407407408
4 0.375 0.524537037037037 0.007291666666666667 0.008333333333333333
4 0.371875 0.5189814814814815 0.005208333333333333 0.006481481481481481
4 0.36770833333333336 0.5120370370370371 0.008333333333333333 0.005555555555555556
4 0.37864583333333335 0.5143518518518518 0.005208333333333333 0.006481481481481481
4 0.37916666666666665 0.5097222222222222 0.003125 0.004629629629629629
4 0.38776041666666666 0.5087962962962963 0.0036458333333333334 0.004629629629629629
4 0.39453125 0.5078703703703704 0.0036458333333333334 0.004629629629629629
4 0.3971354166666667 0.5041666666666667 0.0026041666666666665 0.004629629629629629
4 0.4015625 0.512962962962963 0.004166666666666667 0.005555555555555556
4 0.40260416666666665 0.5097222222222222 0.003125 0.004629629629629629
4 0.40260416666666665 0.5074074074074074 0.003125 0.005555555555555556
4 0.40182291666666664 0.5027777777777778 0.0026041666666666665 0.003703703703703704
4 0.68203125 0.7217592592592592 0.09427083333333333 0.07314814814814814
4 0.65625 0.6893518518518519 0.09375 0.05462962962962963
4 0.7075520833333333 0.6175925925925926 0.043229166666666666 0.04814814814814815
4 0.68984375 0.6046296296296296 0.0640625 0.040740740740740744
4 0.6549479166666666 0.5953703703703703 0.05364583333333333 0.03888888888888889
4 0.6377604166666667 0.587037037037037 0.0515625 0.03333333333333333
4 0.6174479166666667 0.5768518518518518 0.0421875 0.027777777777777776
4 0.5994791666666667 0.5712962962962963 0.035416666666666666 0.025925925925925925
4 0.59140625 0.5675925925925925 0.0359375 0.025925925925925925
4 0.5838541666666667 0.562037037037037 0.035416666666666666 0.025925925925925925
4 0.5731770833333333 0.5583333333333333 0.0359375 0.025925925925925925
4 0.5690104166666666 0.5546296296296296 0.0359375 0.025925925925925925
4 0.6294270833333333 0.6620370370370371 0.08802083333333334 0.053703703703703705
4 0.6013020833333333 0.6476851851851851 0.08072916666666667 0.05277777777777778
4 0.5854166666666667 0.6277777777777778 0.065625 0.04814814814814815
4 0.5736979166666667 0.6148148148148148 0.05364583333333333 0.046296296296296294
4 0.5330729166666667 0.5902777777777778 0.04635416666666667 0.032407407407407406
4 0.46927083333333336 0.5787037037037037 0.03958333333333333 0.025925925925925925
4 0.4622395833333333 0.5717592592592593 0.0359375 0.019444444444444445
4 0.46041666666666664 0.5699074074074074 0.03229166666666667 0.021296296296296296
4 0.46015625 0.5652777777777778 0.034895833333333334 0.021296296296296296
4 0.4421875 0.5592592592592592 0.028125 0.018518518518518517
4 0.43515625 0.5430555555555555 0.0234375 0.013888888888888888
4 0.43671875 0.5398148148148149 0.024479166666666666 0.012962962962962963
4 0.4817708333333333 0.5564814814814815 0.028125 0.022222222222222223
4 0.47890625 0.55 0.028645833333333332 0.014814814814814815
4 0.4752604166666667 0.5472222222222223 0.028645833333333332 0.014814814814814815
4 0.47369791666666666 0.5444444444444444 0.028645833333333332 0.014814814814814815
4 0.46848958333333335 0.5425925925925926 0.025520833333333333 0.014814814814814815
4 0.46510416666666665 0.5402777777777777 0.023958333333333335 0.01574074074074074
4 0.46197916666666666 0.5388888888888889 0.022916666666666665 0.016666666666666666
4 0.5294270833333333 0.5425925925925926 0.025520833333333333 0.014814814814814815
4 0.5236979166666667 0.5388888888888889 0.021354166666666667 0.014814814814814815
4 0.5190104166666667 0.537962962962963 0.022395833333333334 0.011111111111111112
4 0.5174479166666667 0.5370370370370371 0.0171875 0.014814814814814815
4 0.42239583333333336 0.525 0.015625 0.009259259259259259
4 0.4390625 0.5236111111111111 0.014583333333333334 0.010185185185185186
4 0.4830729166666667 0.524537037037037 0.016145833333333335 0.006481481481481481
4 0.4786458333333333 0.5236111111111111 0.014583333333333334 0.008333333333333333
4 0.47708333333333336 0.5199074074074074 0.014583333333333334 0.008333333333333333
4 0.4739583333333333 0.5208333333333334 0.014583333333333334 0.008333333333333333
4 0.46927083333333336 0.5189814814814815 0.014583333333333334 0.008333333333333333
4 0.4713541666666667 0.5180555555555556 0.014583333333333334 0.008333333333333333
4 0.46197916666666666 0.5171296296296296 0.014583333333333334 0.008333333333333333
4 0.46458333333333335 0.5162037037037037 0.014583333333333334 0.008333333333333333
4 0.4578125 0.5143518518518518 0.014583333333333334 0.008333333333333333
4 0.4588541666666667 0.5143518518518518 0.014583333333333334 0.008333333333333333
4 0.45625 0.513425925925926 0.014583333333333334 0.008333333333333333
4 0.45 0.5115740740740741 0.014583333333333334 0.008333333333333333
4 0.4505208333333333 0.5115740740740741 0.014583333333333334 0.008333333333333333
4 0.4375 0.5199074074074074 0.014583333333333334 0.008333333333333333
4 0.4359375 0.5180555555555556 0.014583333333333334 0.008333333333333333
4 0.43385416666666665 0.5152777777777777 0.014583333333333334 0.008333333333333333
4 0.4322916666666667 0.5143518518518518 0.014583333333333334 0.008333333333333333
4 0.42135416666666664 0.5208333333333334 0.014583333333333334 0.008333333333333333
4 0.4192708333333333 0.5189814814814815 0.014583333333333334 0.008333333333333333
4 0.41875 0.5171296296296296 0.014583333333333334 0.008333333333333333
4 0.4166666666666667 0.5143518518518518 0.014583333333333334 0.008333333333333333
4 0.4244791666666667 0.5050925925925925 0.003125 0.004629629629629629
4 0.43072916666666666 0.5064814814814815 0.003125 0.005555555555555556
