0 0.07890625 0.6708333333333333 0.022395833333333334 0.03981481481481482
0 0.18046875 0.5726851851851852 0.015104166666666667 0.03796296296296296
0 0.34401041666666665 0.5203703703703704 0.009895833333333333 0.02962962962962963
0 0.37526041666666665 0.5976851851851852 0.0109375 0.03425925925925926
0 0.41354166666666664 0.42824074074074076 0.015625 0.019444444444444445
0 0.42526041666666664 0.49212962962962964 0.018229166666666668 0.023148148148148147
0 0.4083333333333333 0.4097222222222222 0.016666666666666666 0.01574074074074074
0 0.3690104166666667 0.27824074074074073 0.0036458333333333334 0.008333333333333333
0 0.42239583333333336 0.3226851851851852 0.0125 0.010185185185185186
0 0.41510416666666666 0.2962962962962963 0.0125 0.009259259259259259
0 0.41796875 0.30416666666666664 0.013020833333333334 0.008333333333333333
0 0.4200520833333333 0.3087962962962963 0.009895833333333333 0.006481481481481481
0 0.41901041666666666 0.3125 0.011979166666666667 0.006481481481481481
0 0.42135416666666664 0.3189814814814815 0.014583333333333334 0.006481481481481481
0 0.40625 0.2638888888888889 0.010416666666666666 0.007407407407407408
0 0.3684895833333333 0.31574074074074077 0.005729166666666666 0.014814814814814815
0 0.3653645833333333 0.22453703703703703 0.0026041666666666665 0.006481481481481481
0 0.3578125 0.21435185185185185 0.003125 0.006481481481481481
0 0.37604166666666666 0.20185185185185187 0.004166666666666667 0.007407407407407408
0 0.3411458333333333 0.175 0.0020833333333333333 0.005555555555555556
0 0.38385416666666666 0.18703703703703703 0.003125 0.005555555555555556
0 0.36640625 0.1699074074074074 0.0026041666666666665 0.004629629629629629
0 0.346875 0.16018518518518518 0.0020833333333333333 0.003703703703703704
0 0.36354166666666665 0.18055555555555555 0.003125 0.007407407407407408
0 0.34609375 0.2023148148148148 0.0036458333333333334 0.006481481481481481
0 0.3489583333333333 0.24074074074074073 0.003125 0.007407407407407408
0 0.34348958333333335 0.2375 0.0036458333333333334 0.008333333333333333
0 0.38567708333333334 0.787962962962963 0.0140625 0.05185185185185185
0 0.48411458333333335 0.7754629629629629 0.030729166666666665 0.028703703703703703
0 0.49114583333333334 0.8 0.030208333333333334 0.027777777777777776
0 0.00703125 0.7685185185185185 0.0140625 0.046296296296296294
0 0.23046875 0.31157407407407406 0.0067708333333333336 0.010185185185185186
0 0.22838541666666667 0.2875 0.0036458333333333334 0.006481481481481481
0 0.18489583333333334 0.36666666666666664 0.015625 0.011111111111111112
0 0.19348958333333333 0.35 0.013020833333333334 0.009259259259259259
0 0.19947916666666668 0.3398148148148148 0.014583333333333334 0.011111111111111112
0 0.15078125 0.3013888888888889 0.008854166666666666 0.010185185185185186
0 0.14583333333333334 0.43333333333333335 0.010416666666666666 0.022222222222222223
