4 0.8802083333333334 0.9064814814814814 0.020833333333333332 0.020370370370370372
4 0.87578125 0.8333333333333334 0.018229166666666668 0.014814814814814815
4 0.6927083333333334 1.2402777777777778 0.041666666666666664 0.09166666666666666
4 0.5731770833333333 1.160648148148148 0.0296875 0.0712962962962963
4 0.5770833333333333 1.1125 0.03333333333333333 0.06018518518518518
4 0.6895833333333333 1.0925925925925926 0.023958333333333335 0.04259259259259259
4 0.65546875 1.0898148148148148 0.0265625 0.046296296296296294
4 0.5747395833333333 1.0685185185185184 0.024479166666666666 0.046296296296296294
4 0.5760416666666667 1.0296296296296297 0.019791666666666666 0.04259259259259259
4 0.5770833333333333 1.000925925925926 0.017708333333333333 0.037037037037037035
4 0.6502604166666667 1.05 0.022395833333333334 0.037037037037037035
4 0.6380208333333334 0.986574074074074 0.017708333333333333 0.03425925925925926
4 0.5828125 0.9268518518518518 0.013541666666666667 0.024074074074074074
4 0.584375 0.8865740740740741 0.011458333333333333 0.021296296296296296
4 0.6361979166666667 0.9648148148148148 0.016145833333333335 0.024074074074074074
4 0.6333333333333333 0.9472222222222222 0.014583333333333334 0.027777777777777776
4 0.6294270833333333 0.9324074074074075 0.0140625 0.025925925925925925
4 0.62578125 0.9078703703703703 0.013020833333333334 0.019444444444444445
4 0.61796875 0.8648148148148148 0.009895833333333333 0.016666666666666666
4 0.6177083333333333 0.8569444444444444 0.009375 0.01574074074074074
4 0.5859375 0.8449074074074074 0.009375 0.012037037037037037
4 0.6140625 0.8347222222222223 0.008333333333333333 0.010185185185185186
4 0.6119791666666666 0.8305555555555556 0.007291666666666667 0.011111111111111112
4 0.6122395833333333 0.825 0.0067708333333333336 0.011111111111111112
4 0.61171875 0.8199074074074074 0.0067708333333333336 0.010185185185185186
4 0.6005208333333333 0.8166666666666667 0.00625 0.011111111111111112
4 0.60078125 0.8240740740740741 0.0067708333333333336 0.011111111111111112
4 0.58359375 0.8143518518518519 0.015104166666666667 0.010185185185185186
4 0.6151041666666667 0.8092592592592592 0.013541666666666667 0.009259259259259259
4 0.5796875 0.8037037037037037 0.00625 0.009259259259259259
4 0.5875 0.8004629629629629 0.00625 0.008333333333333333
4 0.23177083333333334 0.8675925925925926 0.027083333333333334 0.018518518518518517
4 0.19244791666666666 0.8708333333333333 0.0203125 0.013888888888888888
4 0.025 0.8962962962962963 0.013541666666666667 0.016666666666666666
4 0.11640625 0.9069444444444444 0.0265625 0.017592592592592594
4 0.32369791666666664 0.8356481481481481 0.008854166666666666 0.013888888888888888
4 0.30572916666666666 0.8361111111111111 0.011458333333333333 0.018518518518518517
4 0.3190104166666667 0.8240740740740741 0.0109375 0.011111111111111112
4 0.3453125 0.8296296296296296 0.016666666666666666 0.011111111111111112
4 0.3580729166666667 0.812037037037037 0.0109375 0.007407407407407408
4 0.3497395833333333 0.8125 0.0109375 0.008333333333333333
4 0.34427083333333336 0.8231481481481482 0.017708333333333333 0.011111111111111112
4 0.3375 0.8240740740740741 0.014583333333333334 0.009259259259259259
4 0.31927083333333334 0.8148148148148148 0.014583333333333334 0.011111111111111112
4 0.32317708333333334 0.8171296296296297 0.013020833333333334 0.008333333333333333
