0 0.03177083333333333 0.7111111111111111 0.03333333333333333 0.025925925925925925
0 0.2747395833333333 0.5083333333333333 0.016145833333333335 0.016666666666666666
0 0.265625 0.49583333333333335 0.014583333333333334 0.013888888888888888
0 0.26119791666666664 0.49074074074074076 0.0171875 0.012962962962962963
0 0.2578125 0.4842592592592593 0.016666666666666666 0.018518518518518517
0 0.25338541666666664 0.4810185185185185 0.016145833333333335 0.013888888888888888
0 0.25078125 0.475 0.015104166666666667 0.014814814814814815
0 0.24661458333333333 0.4675925925925926 0.015104166666666667 0.014814814814814815
0 0.24427083333333333 0.4625 0.014583333333333334 0.012037037037037037
0 0.24166666666666667 0.45694444444444443 0.0125 0.012037037037037037
0 0.24427083333333333 0.45 0.015625 0.014814814814814815
0 0.24192708333333332 0.44027777777777777 0.0140625 0.01574074074074074
0 0.23776041666666667 0.4337962962962963 0.013020833333333334 0.012037037037037037
0 0.2359375 0.42916666666666664 0.009375 0.010185185185185186
0 0.234375 0.425 0.014583333333333334 0.012962962962962963
0 0.23359375 0.42083333333333334 0.0140625 0.010185185185185186
0 0.23203125 0.4166666666666667 0.015104166666666667 0.009259259259259259
0 0.35130208333333335 0.3962962962962963 0.0078125 0.009259259259259259
0 0.35546875 0.39861111111111114 0.0109375 0.012037037037037037
0 0.36354166666666665 0.40370370370370373 0.010416666666666666 0.012962962962962963
0 0.36822916666666666 0.4074074074074074 0.010416666666666666 0.012962962962962963
0 0.3854166666666667 0.4212962962962963 0.008333333333333333 0.016666666666666666
0 0.38958333333333334 0.4273148148148148 0.011458333333333333 0.019444444444444445
0 0.39479166666666665 0.4300925925925926 0.010416666666666666 0.021296296296296296
0 0.39921875 0.4324074074074074 0.008854166666666666 0.022222222222222223
0 0.4044270833333333 0.4361111111111111 0.008854166666666666 0.022222222222222223
0 0.26484375 0.399537037037037 0.008854166666666666 0.012037037037037037
0 0.2703125 0.3990740740740741 0.009375 0.011111111111111112
0 0.30442708333333335 0.3907407407407407 0.0109375 0.011111111111111112
0 0.28072916666666664 0.45787037037037037 0.0125 0.013888888888888888
0 0.27890625 0.45046296296296295 0.015104166666666667 0.01574074074074074
0 0.2875 0.46111111111111114 0.014583333333333334 0.018518518518518517
0 0.07682291666666667 0.425462962962963 0.018229166666666668 0.013888888888888888
0 0.039322916666666666 0.42777777777777776 0.022395833333333334 0.016666666666666666
