4 0.24739583333333334 0.7888888888888889 0.040625 0.15
4 0.14453125 0.6537037037037037 0.0390625 0.10925925925925926
4 0.09375 0.7097222222222223 0.04479166666666667 0.12129629629629629
4 0.3807291666666667 0.5152777777777777 0.040625 0.06388888888888888
4 0.41458333333333336 0.5148148148148148 0.03958333333333333 0.06851851851851852
4 0.46197916666666666 0.5203703703703704 0.042708333333333334 0.07777777777777778
4 0.3815104166666667 0.45 0.0359375 0.05925925925925926
4 0.33359375 0.4444444444444444 0.0453125 0.05
4 0.32265625 0.3972222222222222 0.03177083333333333 0.04814814814814815
4 0.5611979166666666 0.7888888888888889 0.07135416666666666 0.12407407407407407
4 0.5856770833333333 0.7342592592592593 0.06822916666666666 0.11666666666666667
4 0.12213541666666666 0.49722222222222223 0.028645833333333332 0.07037037037037037
4 0.16692708333333334 0.2111111111111111 0.018229166666666668 0.03518518518518519
4 0.14791666666666667 0.07037037037037037 0.0125 0.016666666666666666
4 0.10364583333333334 0.07407407407407407 0.010416666666666666 0.018518518518518517
4 0.09479166666666666 0.02638888888888889 0.009375 0.01574074074074074
4 0.18671875 0.11527777777777778 0.013020833333333334 0.019444444444444445
4 0.2296875 0.22407407407407406 0.019791666666666666 0.02962962962962963
4 0.5169270833333334 0.4976851851851852 0.030729166666666665 0.06944444444444445
4 0.5684895833333333 0.5407407407407407 0.043229166666666666 0.07037037037037037
4 0.6494791666666667 0.5615740740740741 0.051041666666666666 0.06388888888888888
4 0.11979166666666667 0.43472222222222223 0.022916666666666665 0.06018518518518518
4 0.11770833333333333 0.38472222222222224 0.026041666666666668 0.05277777777777778
4 0.11041666666666666 0.3472222222222222 0.022916666666666665 0.05185185185185185
4 0.10390625 0.21574074074074073 0.016145833333333335 0.03148148148148148
4 0.09661458333333334 0.1962962962962963 0.0140625 0.027777777777777776
4 0.054947916666666666 0.004629629629629629 0.0078125 0.009259259259259259
4 0.053385416666666664 0.009722222222222222 0.0067708333333333336 0.012037037037037037
4 0.05260416666666667 0.013425925925925926 0.007291666666666667 0.013888888888888888
4 0.051041666666666666 0.01990740740740741 0.007291666666666667 0.012037037037037037
4 0.0515625 0.02638888888888889 0.008333333333333333 0.012037037037037037
4 0.05026041666666667 0.03287037037037037 0.0078125 0.012037037037037037
4 0.05026041666666667 0.03796296296296296 0.008854166666666666 0.014814814814814815
4 0.049479166666666664 0.04675925925925926 0.008333333333333333 0.012037037037037037
4 0.04739583333333333 0.05185185185185185 0.009375 0.012962962962962963
4 0.048177083333333336 0.06111111111111111 0.008854166666666666 0.012962962962962963
4 0.048177083333333336 0.06898148148148148 0.008854166666666666 0.013888888888888888
4 0.04505208333333333 0.07916666666666666 0.009895833333333333 0.017592592592592594
4 0.04453125 0.08657407407407407 0.009895833333333333 0.01574074074074074
4 0.04296875 0.0962962962962963 0.0109375 0.018518518518518517
4 0.043229166666666666 0.1050925925925926 0.0125 0.017592592592592594
4 0.04114583333333333 0.1175925925925926 0.0125 0.020370370370370372
4 0.040364583333333336 0.13425925925925927 0.013020833333333334 0.022222222222222223
4 0.0390625 0.14675925925925926 0.0125 0.026851851851851852
4 0.03697916666666667 0.16666666666666666 0.013541666666666667 0.022222222222222223
4 0.03567708333333333 0.1787037037037037 0.016145833333333335 0.027777777777777776
4 0.03046875 0.2152777777777778 0.0171875 0.028703703703703703
4 0.025520833333333333 0.2777777777777778 0.01875 0.02962962962962963
4 0.017708333333333333 0.3453703703703704 0.023958333333333335 0.037037037037037035
4 0.0125 0.44212962962962965 0.025 0.04722222222222222
4 0.009375 0.4949074074074074 0.01875 0.06574074074074074
4 0.00859375 0.5685185185185185 0.0171875 0.07777777777777778
4 0.08567708333333333 0.6152777777777778 0.0609375 0.09537037037037037
4 0.0796875 0.5569444444444445 0.053125 0.08055555555555556
4 0.07265625 0.5 0.0296875 0.06111111111111111
4 0.07526041666666666 0.40370370370370373 0.027604166666666666 0.05555555555555555
4 0.07395833333333333 0.3527777777777778 0.025 0.05185185185185185
4 0.06979166666666667 0.29583333333333334 0.026041666666666668 0.06018518518518518
4 0.0765625 0.15462962962962962 0.022916666666666665 0.03148148148148148
4 0.07447916666666667 0.13472222222222222 0.021875 0.019444444444444445
4 0.09973958333333334 0.17407407407407408 0.0140625 0.024074074074074074
4 0.09817708333333333 0.1587962962962963 0.013020833333333334 0.021296296296296296
4 0.09505208333333333 0.14537037037037037 0.0140625 0.024074074074074074
4 0.09453125 0.1310185185185185 0.0109375 0.021296296296296296
4 0.09479166666666666 0.11851851851851852 0.0125 0.020370370370370372
4 0.09114583333333333 0.09537037037037037 0.009375 0.018518518518518517
4 0.09114583333333333 0.08518518518518518 0.010416666666666666 0.016666666666666666
4 0.08958333333333333 0.07592592592592592 0.009375 0.016666666666666666
4 0.08932291666666667 0.06898148148148148 0.008854166666666666 0.017592592592592594
4 0.08671875 0.059722222222222225 0.008854166666666666 0.01574074074074074
4 0.08828125 0.05277777777777778 0.008854166666666666 0.014814814814814815
4 0.08671875 0.04675925925925926 0.008854166666666666 0.012037037037037037
4 0.08515625 0.04027777777777778 0.0078125 0.013888888888888888
4 0.08463541666666667 0.03518518518518519 0.0078125 0.014814814814814815
4 0.08333333333333333 0.029166666666666667 0.008333333333333333 0.013888888888888888
4 0.08359375 0.024537037037037038 0.0067708333333333336 0.013888888888888888
4 0.0828125 0.016203703703703703 0.007291666666666667 0.013888888888888888
4 0.08359375 0.009722222222222222 0.0067708333333333336 0.012037037037037037
4 0.08385416666666666 0.0060185185185185185 0.007291666666666667 0.012037037037037037
4 0.19869791666666667 0.10231481481481482 0.0109375 0.01574074074074074
4 0.19375 0.0912037037037037 0.009375 0.01574074074074074
4 0.18880208333333334 0.08287037037037037 0.008854166666666666 0.01574074074074074
4 0.1859375 0.07407407407407407 0.008333333333333333 0.012962962962962963
4 0.18203125 0.06620370370370371 0.008854166666666666 0.013888888888888888
4 0.19583333333333333 0.06481481481481481 0.010416666666666666 0.016666666666666666
4 0.18828125 0.053703703703703705 0.009895833333333333 0.014814814814814815
4 0.17708333333333334 0.05787037037037037 0.009375 0.01574074074074074
4 0.1734375 0.050462962962962966 0.007291666666666667 0.012037037037037037
4 0.1703125 0.04583333333333333 0.007291666666666667 0.013888888888888888
4 0.16614583333333333 0.040740740740740744 0.007291666666666667 0.012962962962962963
4 0.16302083333333334 0.03287037037037037 0.007291666666666667 0.012037037037037037
4 0.1609375 0.028703703703703703 0.007291666666666667 0.012962962962962963
4 0.15755208333333334 0.023148148148148147 0.0067708333333333336 0.012962962962962963
4 0.15364583333333334 0.014351851851851852 0.00625 0.013888888888888888
4 0.15625 0.020370370370370372 0.007291666666666667 0.012962962962962963
4 0.15208333333333332 0.008796296296296297 0.007291666666666667 0.010185185185185186
4 0.15104166666666666 0.006481481481481481 0.00625 0.012962962962962963
4 0.22265625 0.06851851851851852 0.0109375 0.016666666666666666
4 0.21796875 0.060648148148148145 0.0078125 0.01574074074074074
4 0.17578125 0.03333333333333333 0.009895833333333333 0.012962962962962963
4 0.17317708333333334 0.029166666666666667 0.009895833333333333 0.012037037037037037
4 0.171875 0.024537037037037038 0.009375 0.013888888888888888
4 0.16822916666666668 0.01990740740740741 0.009375 0.012037037037037037
4 0.16796875 0.016203703703703703 0.009895833333333333 0.013888888888888888
4 0.16510416666666666 0.012962962962962963 0.009375 0.012962962962962963
4 0.16432291666666668 0.009722222222222222 0.0078125 0.012037037037037037
4 0.20807291666666666 0.1824074074074074 0.0140625 0.024074074074074074
4 0.20651041666666667 0.1675925925925926 0.0140625 0.020370370370370372
4 0.19921875 0.1537037037037037 0.0140625 0.024074074074074074
4 0.4856770833333333 0.5023148148148148 0.0390625 0.0787037037037037
4 0.1296875 0.575462962962963 0.030208333333333334 0.06018518518518518
4 0.6817708333333333 0.5962962962962963 0.057291666666666664 0.07407407407407407
4 0.6283854166666667 0.725462962962963 0.0734375 0.1175925925925926
4 0.7078125 0.6439814814814815 0.042708333333333334 0.0824074074074074
4 0.68828125 0.8629629629629629 0.08177083333333333 0.11666666666666667
4 0.6385416666666667 0.9282407407407407 0.09166666666666666 0.08796296296296297
