4 0.3260416666666667 0.7185185185185186 0.009375 0.020370370370370372
4 0.33697916666666666 0.6814814814814815 0.010416666666666666 0.040740740740740744
4 0.3359375 0.611574074074074 0.008333333333333333 0.03611111111111111
4 0.32265625 0.5773148148148148 0.008854166666666666 0.030555555555555555
4 0.33515625 0.5615740740740741 0.008854166666666666 0.03611111111111111
4 0.37942708333333336 0.5388888888888889 0.009895833333333333 0.03518518518518519
4 0.3216145833333333 0.45092592592592595 0.008854166666666666 0.03333333333333333
4 0.32057291666666665 0.4074074074074074 0.009895833333333333 0.03333333333333333
4 0.33151041666666664 0.3976851851851852 0.008854166666666666 0.030555555555555555
4 0.3203125 0.3662037037037037 0.008333333333333333 0.028703703703703703
4 0.33098958333333334 0.33611111111111114 0.008854166666666666 0.02962962962962963
4 0.31953125 0.32314814814814813 0.008854166666666666 0.02962962962962963
4 0.3182291666666667 0.28055555555555556 0.008333333333333333 0.02962962962962963
4 0.3411458333333333 0.3 0.009375 0.03148148148148148
4 0.38697916666666665 0.42453703703703705 0.009375 0.03425925925925926
4 0.3846354166666667 0.3523148148148148 0.008854166666666666 0.03425925925925926
4 0.41744791666666664 0.19444444444444445 0.0171875 0.014814814814814815
4 0.4388020833333333 0.19166666666666668 0.0171875 0.014814814814814815
4 0.07161458333333333 0.21898148148148147 0.019270833333333334 0.01574074074074074
4 0.018489583333333334 0.2175925925925926 0.0171875 0.016666666666666666
4 0.6677083333333333 0.09305555555555556 0.015625 0.013888888888888888
