4 0.2526041666666667 0.5388888888888889 0.0375 0.07037037037037037
4 0.19088541666666667 0.43703703703703706 0.0359375 0.05185185185185185
4 0.26223958333333336 0.3486111111111111 0.028645833333333332 0.05092592592592592
4 0.07578125 0.44722222222222224 0.03802083333333333 0.05740740740740741
4 0.35520833333333335 0.8050925925925926 0.040625 0.11388888888888889
4 0.33567708333333335 0.9074074074074074 0.049479166666666664 0.11481481481481481
4 0.39557291666666666 0.7819444444444444 0.05260416666666667 0.15833333333333333
4 0.38125 0.6675925925925926 0.03333333333333333 0.09259259259259259
4 0.40130208333333334 0.5736111111111111 0.03802083333333333 0.10833333333333334
4 0.37786458333333334 0.39444444444444443 0.0359375 0.02962962962962963
4 0.38307291666666665 0.37222222222222223 0.034895833333333334 0.03333333333333333
4 0.38697916666666665 0.3476851851851852 0.029166666666666667 0.026851851851851852
4 0.3885416666666667 0.337037037037037 0.023958333333333335 0.024074074074074074
4 0.39348958333333334 0.3296296296296296 0.028645833333333332 0.024074074074074074
4 0.39505208333333336 0.31712962962962965 0.0328125 0.023148148148148147
4 0.39947916666666666 0.3023148148148148 0.034375 0.025
4 0.41640625 0.25925925925925924 0.03177083333333333 0.02962962962962963
4 0.40911458333333334 0.2726851851851852 0.028645833333333332 0.030555555555555555
4 0.4388020833333333 0.3597222222222222 0.018229166666666668 0.03981481481481482
4 0.275 0.2865740740740741 0.023958333333333335 0.03611111111111111
4 0.29296875 0.14907407407407408 0.015104166666666667 0.024074074074074074
4 0.36041666666666666 0.1837962962962963 0.013541666666666667 0.023148148148148147
4 0.3578125 0.1574074074074074 0.0125 0.018518518518518517
4 0.36666666666666664 0.11481481481481481 0.013541666666666667 0.018518518518518517
4 0.3848958333333333 0.10694444444444444 0.013541666666666667 0.019444444444444445
4 0.39401041666666664 0.11527777777777778 0.011979166666666667 0.01574074074074074
4 0.41041666666666665 0.0587962962962963 0.010416666666666666 0.012037037037037037
4 0.41171875 0.08009259259259259 0.009895833333333333 0.017592592592592594
4 0.27005208333333336 0.18101851851851852 0.015104166666666667 0.025
4 0.4015625 0.1675925925925926 0.010416666666666666 0.025925925925925925
4 0.4388020833333333 0.02638888888888889 0.008854166666666666 0.012037037037037037
4 0.45390625 0.28935185185185186 0.0140625 0.026851851851851852
4 0.46067708333333335 0.25416666666666665 0.016145833333333335 0.030555555555555555
4 0.46536458333333336 0.2222222222222222 0.013020833333333334 0.027777777777777776
4 0.47265625 0.1837962962962963 0.0109375 0.026851851851851852
4 0.4505208333333333 0.03518518518518519 0.00625 0.011111111111111112
4 0.4984375 0.01898148148148148 0.008333333333333333 0.013888888888888888
4 0.49973958333333335 0.04675925925925926 0.0078125 0.012037037037037037
