4 0.22395833333333334 0.9324074074074075 0.028125 0.05555555555555555
4 0.17213541666666668 0.9398148148148148 0.0359375 0.06481481481481481
4 0.22057291666666667 0.8444444444444444 0.027604166666666666 0.04259259259259259
4 0.2643229166666667 0.862037037037037 0.022395833333333334 0.040740740740740744
4 0.25494791666666666 0.7851851851851852 0.021354166666666667 0.02962962962962963
4 0.2953125 0.763425925925926 0.015625 0.026851851851851852
4 0.27239583333333334 0.7555555555555555 0.01875 0.027777777777777776
4 0.32395833333333335 0.7375 0.0125 0.023148148148148147
4 0.28828125 0.7277777777777777 0.0140625 0.024074074074074074
4 0.5635416666666667 0.6333333333333333 0.011458333333333333 0.007407407407407408
4 0.5143229166666666 0.6305555555555555 0.008854166666666666 0.011111111111111112
4 0.5106770833333333 0.6402777777777777 0.016145833333333335 0.010185185185185186
4 0.5057291666666667 0.6310185185185185 0.009375 0.010185185185185186
4 0.5231770833333333 0.6314814814814815 0.008854166666666666 0.009259259259259259
4 0.5341145833333333 0.6324074074074074 0.009895833333333333 0.011111111111111112
4 0.5408854166666667 0.6328703703703704 0.009895833333333333 0.012037037037037037
4 0.49192708333333335 0.6412037037037037 0.013020833333333334 0.010185185185185186
4 0.48880208333333336 0.6305555555555555 0.009895833333333333 0.012962962962962963
4 0.4747395833333333 0.6393518518518518 0.016145833333333335 0.010185185185185186
4 0.47708333333333336 0.6291666666666667 0.007291666666666667 0.010185185185185186
4 0.46901041666666665 0.6296296296296297 0.0078125 0.009259259259259259
4 0.46145833333333336 0.6291666666666667 0.007291666666666667 0.010185185185185186
4 0.45364583333333336 0.6388888888888888 0.013541666666666667 0.011111111111111112
4 0.44140625 0.6273148148148148 0.0078125 0.012037037037037037
4 0.4166666666666667 0.6324074074074074 0.015625 0.011111111111111112
4 0.40625 0.6365740740740741 0.015625 0.010185185185185186
4 0.41640625 0.6282407407407408 0.0067708333333333336 0.012037037037037037
4 0.4075520833333333 0.625462962962963 0.0067708333333333336 0.008333333333333333
4 0.31015625 0.687037037037037 0.011979166666666667 0.018518518518518517
4 0.34453125 0.6523148148148148 0.0078125 0.012037037037037037
4 0.340625 0.6347222222222222 0.007291666666666667 0.012037037037037037
4 0.35494791666666664 0.6356481481481482 0.0078125 0.012037037037037037
4 0.3619791666666667 0.624537037037037 0.00625 0.010185185185185186
4 0.36796875 0.6106481481481482 0.005729166666666666 0.008333333333333333
4 0.34869791666666666 0.6263888888888889 0.008854166666666666 0.010185185185185186
4 0.3502604166666667 0.6171296296296296 0.005729166666666666 0.008333333333333333
4 0.3424479166666667 0.6143518518518518 0.005729166666666666 0.008333333333333333
4 0.3541666666666667 0.612037037037037 0.005208333333333333 0.009259259259259259
4 0.35208333333333336 0.6074074074074074 0.005208333333333333 0.009259259259259259
4 0.35963541666666665 0.6074074074074074 0.0067708333333333336 0.011111111111111112
4 0.35520833333333335 0.600462962962963 0.005208333333333333 0.008333333333333333
4 0.3611979166666667 0.6013888888888889 0.005729166666666666 0.010185185185185186
4 0.36380208333333336 0.5972222222222222 0.0046875 0.007407407407407408
4 0.36744791666666665 0.5916666666666667 0.0046875 0.007407407407407408
4 0.3703125 0.5884259259259259 0.005208333333333333 0.006481481481481481
4 0.37213541666666666 0.5842592592592593 0.005729166666666666 0.007407407407407408
4 0.37526041666666665 0.5986111111111111 0.005729166666666666 0.010185185185185186
4 0.33880208333333334 0.6 0.008854166666666666 0.007407407407407408
4 0.33671875 0.6037037037037037 0.008854166666666666 0.007407407407407408
4 0.36171875 0.5875 0.005729166666666666 0.006481481481481481
4 0.35859375 0.587037037037037 0.0078125 0.007407407407407408
4 0.35520833333333335 0.5773148148148148 0.009375 0.006481481481481481
4 0.32526041666666666 0.625462962962963 0.015104166666666667 0.010185185185185186
4 0.3221354166666667 0.6194444444444445 0.011979166666666667 0.007407407407407408
4 0.31015625 0.6305555555555555 0.015104166666666667 0.011111111111111112
4 0.3065104166666667 0.6189814814814815 0.009895833333333333 0.008333333333333333
4 0.2984375 0.6208333333333333 0.008333333333333333 0.010185185185185186
4 0.2903645833333333 0.6185185185185185 0.008854166666666666 0.011111111111111112
4 0.2796875 0.6199074074074075 0.008333333333333333 0.008333333333333333
4 0.27421875 0.6314814814814815 0.016145833333333335 0.011111111111111112
4 0.25703125 0.6300925925925925 0.015104166666666667 0.010185185185185186
4 0.23541666666666666 0.6305555555555555 0.015625 0.009259259259259259
4 0.21276041666666667 0.6287037037037037 0.011979166666666667 0.009259259259259259
4 0.16875 0.6175925925925926 0.009375 0.009259259259259259
4 0.15520833333333334 0.6259259259259259 0.011458333333333333 0.009259259259259259
4 0.10729166666666666 0.6236111111111111 0.014583333333333334 0.010185185185185186
4 0.13984375 0.6129629629629629 0.0078125 0.009259259259259259
4 0.10234375 0.6092592592592593 0.0109375 0.009259259259259259
