0 0.5002604166666667 0.9199074074074074 0.033854166666666664 0.0712962962962963
0 0.45807291666666666 0.7083333333333334 0.025520833333333333 0.05185185185185185
0 0.40182291666666664 0.5842592592592593 0.018229166666666668 0.03888888888888889
0 0.39453125 0.4986111111111111 0.016145833333333335 0.026851851851851852
0 0.3536458333333333 0.475462962962963 0.013541666666666667 0.025
0 0.35703125 0.4310185185185185 0.013020833333333334 0.025
0 0.24088541666666666 0.07361111111111111 0.0026041666666666665 0.006481481481481481
0 0.25 0.10694444444444444 0.003125 0.004629629629629629
0 0.259375 0.13194444444444445 0.004166666666666667 0.006481481481481481
0 0.24713541666666666 0.12638888888888888 0.0046875 0.006481481481481481
0 0.24140625 0.1300925925925926 0.0036458333333333334 0.004629629629629629
0 0.23932291666666666 0.1037037037037037 0.0036458333333333334 0.007407407407407408
0 0.24427083333333333 0.10972222222222222 0.004166666666666667 0.004629629629629629
0 0.23671875 0.07962962962962963 0.0036458333333333334 0.007407407407407408
0 0.23072916666666668 0.055092592592592596 0.004166666666666667 0.004629629629629629
0 0.23333333333333334 0.06388888888888888 0.004166666666666667 0.005555555555555556
0 0.234375 0.07083333333333333 0.003125 0.004629629629629629
0 0.23723958333333334 0.08796296296296297 0.0036458333333333334 0.005555555555555556
0 0.23958333333333334 0.11064814814814815 0.003125 0.004629629629629629
0 0.2453125 0.1175925925925926 0.003125 0.005555555555555556
0 0.26328125 0.19953703703703704 0.0046875 0.008333333333333333
0 0.26536458333333335 0.20925925925925926 0.0046875 0.007407407407407408
0 0.19244791666666666 0.25277777777777777 0.0109375 0.016666666666666666
0 0.23463541666666668 0.31527777777777777 0.0078125 0.017592592592592594
0 0.23125 0.38842592592592595 0.011458333333333333 0.021296296296296296
0 0.19973958333333333 0.29768518518518516 0.008854166666666666 0.017592592592592594
0 0.22057291666666667 0.01990740740740741 0.0026041666666666665 0.004629629629629629
0 0.22057291666666667 0.025 0.0026041666666666665 0.003703703703703704
0 0.26901041666666664 0.10925925925925926 0.0036458333333333334 0.005555555555555556
0 0.2674479166666667 0.10555555555555556 0.0026041666666666665 0.005555555555555556
0 0.26796875 0.18796296296296297 0.005729166666666666 0.009259259259259259
0 0.2734375 0.2064814814814815 0.007291666666666667 0.009259259259259259
0 0.28489583333333335 0.41064814814814815 0.011458333333333333 0.026851851851851852
0 0.33619791666666665 0.9009259259259259 0.027604166666666666 0.08888888888888889
0 0.29661458333333335 0.38657407407407407 0.013020833333333334 0.026851851851851852
0 0.3346354166666667 0.36527777777777776 0.0109375 0.01574074074074074
0 0.31015625 0.32685185185185184 0.008854166666666666 0.014814814814814815
0 0.32421875 0.3314814814814815 0.009895833333333333 0.014814814814814815
0 0.334375 0.3263888888888889 0.009375 0.013888888888888888
0 0.33098958333333334 0.3490740740740741 0.009895833333333333 0.016666666666666666
0 0.30572916666666666 0.31342592592592594 0.008333333333333333 0.012037037037037037
0 0.3184895833333333 0.3138888888888889 0.009895833333333333 0.014814814814814815
0 0.32890625 0.31342592592592594 0.008854166666666666 0.012037037037037037
0 0.31979166666666664 0.28379629629629627 0.007291666666666667 0.013888888888888888
0 0.3106770833333333 0.2884259259259259 0.008854166666666666 0.013888888888888888
0 0.29791666666666666 0.2851851851851852 0.009375 0.014814814814814815
0 0.30182291666666666 0.3 0.008854166666666666 0.012962962962962963
0 0.3143229166666667 0.30092592592592593 0.009895833333333333 0.011111111111111112
0 0.32421875 0.29814814814814816 0.008854166666666666 0.012962962962962963
0 0.35989583333333336 0.22592592592592592 0.0125 0.011111111111111112
0 0.36276041666666664 0.22962962962962963 0.013020833333333334 0.011111111111111112
0 0.35546875 0.36898148148148147 0.009895833333333333 0.01574074074074074
0 0.4432291666666667 0.38981481481481484 0.015625 0.022222222222222223
0 0.5786458333333333 0.8481481481481481 0.0375 0.06481481481481481
0 0.6205729166666667 0.9351851851851852 0.04739583333333333 0.07407407407407407
