0 0.28098958333333335 0.9328703703703703 0.0859375 0.0787037037037037
0 0.38567708333333334 0.5666666666666667 0.024479166666666666 0.04814814814814815
0 0.45989583333333334 0.6643518518518519 0.025 0.07314814814814814
0 0.3841145833333333 0.4199074074074074 0.0203125 0.05092592592592592
0 0.3776041666666667 0.3162037037037037 0.016666666666666666 0.030555555555555555
0 0.4588541666666667 0.24814814814814815 0.0125 0.022222222222222223
0 0.3854166666666667 0.22268518518518518 0.011458333333333333 0.021296296296296296
0 0.41171875 0.17685185185185184 0.008854166666666666 0.016666666666666666
0 0.4231770833333333 0.1625 0.008854166666666666 0.01574074074074074
0 0.4627604166666667 0.19907407407407407 0.009895833333333333 0.014814814814814815
0 0.39791666666666664 0.12916666666666668 0.008333333333333333 0.013888888888888888
0 0.42109375 0.14537037037037037 0.0078125 0.014814814814814815
0 0.421875 0.12962962962962962 0.008333333333333333 0.012962962962962963
0 0.41953125 0.12361111111111112 0.0078125 0.012037037037037037
0 0.42083333333333334 0.11342592592592593 0.007291666666666667 0.012037037037037037
0 0.41901041666666666 0.10462962962962963 0.005729166666666666 0.011111111111111112
0 0.41484375 0.07824074074074074 0.0067708333333333336 0.010185185185185186
0 0.4200520833333333 0.07407407407407407 0.005729166666666666 0.009259259259259259
