4 0.18229166666666666 0.41388888888888886 0.040625 0.04259259259259259
4 0.20416666666666666 0.6421296296296296 0.051041666666666666 0.03981481481481482
4 0.41302083333333334 0.4111111111111111 0.017708333333333333 0.06851851851851852
4 0.38619791666666664 0.38657407407407407 0.021354166666666667 0.06759259259259259
4 0.36015625 0.3875 0.018229166666666668 0.06388888888888888
4 0.32083333333333336 0.3814814814814815 0.01875 0.06481481481481481
4 0.24348958333333334 0.38472222222222224 0.022395833333333334 0.06388888888888888
4 0.50546875 0.38564814814814813 0.019270833333333334 0.06018518518518518
4 0.6234375 0.38935185185185184 0.020833333333333332 0.06574074074074074
4 0.64921875 0.38796296296296295 0.0296875 0.06851851851851852
4 0.68046875 0.38796296296296295 0.025520833333333333 0.06851851851851852
4 0.7104166666666667 0.7152777777777778 0.026041666666666668 0.026851851851851852
4 0.675 0.7152777777777778 0.026041666666666668 0.026851851851851852
4 0.6408854166666667 0.7194444444444444 0.027604166666666666 0.018518518518518517
4 0.6033854166666667 0.7162037037037037 0.022395833333333334 0.025
4 0.57578125 0.7194444444444444 0.0234375 0.018518518518518517
4 0.15572916666666667 0.7162037037037037 0.021875 0.021296296296296296
4 0.12630208333333334 0.7180555555555556 0.022395833333333334 0.021296296296296296
4 0.09791666666666667 0.7180555555555556 0.021875 0.021296296296296296
4 0.0703125 0.7166666666666667 0.023958333333333335 0.024074074074074074
4 0.017447916666666667 0.3731481481481482 0.034895833333333334 0.03333333333333333
