4 0.2747395833333333 0.4740740740740741 0.0171875 0.046296296296296294
4 0.30182291666666666 0.1837962962962963 0.008854166666666666 0.025
4 0.3658854166666667 0.08055555555555556 0.0067708333333333336 0.022222222222222223
4 0.27708333333333335 0.08842592592592592 0.009375 0.019444444444444445
4 0.30130208333333336 0.07407407407407407 0.008854166666666666 0.018518518518518517
4 0.43697916666666664 0.4532407407407407 0.026041666666666668 0.03796296296296296
4 0.4315104166666667 0.3763888888888889 0.024479166666666666 0.030555555555555555
4 0.4359375 0.4310185185185185 0.030208333333333334 0.03981481481481482
4 0.5986979166666667 0.6875 0.03697916666666667 0.023148148148148147
4 0.6856770833333333 0.6907407407407408 0.0359375 0.027777777777777776
4 0.5171875 0.5305555555555556 0.03958333333333333 0.025925925925925925
4 0.25546875 0.700925925925926 0.022395833333333334 0.05555555555555555
