4 0.05416666666666667 0.9032407407407408 0.05625 0.08796296296296297
4 0.015364583333333333 0.6773148148148148 0.030729166666666665 0.07685185185185185
4 0.5286458333333334 1.0476851851851852 0.040625 0.14722222222222223
4 0.53125 0.7916666666666666 0.042708333333333334 0.09444444444444444
4 0.6450520833333333 0.763425925925926 0.03802083333333333 0.10092592592592593
4 0.528125 0.6777777777777778 0.029166666666666667 0.08333333333333333
4 0.82734375 0.9777777777777777 0.08802083333333334 0.07407407407407407
4 0.72109375 0.6611111111111111 0.044270833333333336 0.07037037037037037
4 0.5247395833333334 0.5652777777777778 0.022395833333333334 0.05462962962962963
4 0.5268229166666667 0.49027777777777776 0.0203125 0.06018518518518518
4 0.6630208333333333 0.4601851851851852 0.03229166666666667 0.053703703703703705
4 0.6447916666666667 0.39444444444444443 0.021875 0.040740740740740744
4 0.40963541666666664 0.5625 0.0578125 0.04537037037037037
4 0.421875 0.5208333333333334 0.053125 0.03981481481481482
4 0.42265625 0.4935185185185185 0.05677083333333333 0.040740740740740744
4 0.4322916666666667 0.42268518518518516 0.04479166666666667 0.03611111111111111
4 0.453125 0.25324074074074077 0.040625 0.030555555555555555
4 0.45703125 0.20833333333333334 0.03697916666666667 0.02962962962962963
4 0.46067708333333335 0.1912037037037037 0.03177083333333333 0.021296296296296296
4 0.46432291666666664 0.17453703703703705 0.033854166666666664 0.021296296296296296
4 0.465625 0.16064814814814815 0.03333333333333333 0.021296296296296296
4 0.4265625 0.14166666666666666 0.0125 0.024074074074074074
4 0.26640625 0.3101851851851852 0.0296875 0.037037037037037035
4 0.42916666666666664 0.11435185185185186 0.016666666666666666 0.019444444444444445
4 0.44583333333333336 0.10925925925925926 0.010416666666666666 0.020370370370370372
4 0.6466145833333333 0.31157407407407406 0.0234375 0.041666666666666664
4 0.5255208333333333 0.2796296296296296 0.017708333333333333 0.040740740740740744
4 0.5213541666666667 0.24027777777777778 0.015625 0.03611111111111111
4 0.5229166666666667 0.21574074074074073 0.016666666666666666 0.02962962962962963
4 0.6296875 0.25416666666666665 0.028125 0.028703703703703703
4 0.62265625 0.23472222222222222 0.028645833333333332 0.025
4 0.6078125 0.2263888888888889 0.029166666666666667 0.025
4 0.6247395833333333 0.20972222222222223 0.03177083333333333 0.026851851851851852
4 0.6182291666666667 0.19675925925925927 0.036458333333333336 0.023148148148148147
4 0.6177083333333333 0.18472222222222223 0.030208333333333334 0.025
4 0.6111979166666667 0.17222222222222222 0.030729166666666665 0.025925925925925925
4 0.6078125 0.16203703703703703 0.03125 0.020370370370370372
4 0.60625 0.14212962962962963 0.029166666666666667 0.023148148148148147
4 0.5979166666666667 0.12175925925925926 0.021875 0.021296296296296296
4 0.5984375 0.10925925925925926 0.025 0.016666666666666666
4 0.5208333333333334 0.13796296296296295 0.0125 0.027777777777777776
