4 0.3171875 0.016203703703703703 0.021875 0.017592592592592594
4 0.3151041666666667 0.006481481481481481 0.019791666666666666 0.012962962962962963
4 0.39088541666666665 0.09259259259259259 0.0109375 0.024074074074074074
4 0.30807291666666664 0.11898148148148148 0.0265625 0.021296296296296296
4 0.31015625 0.08796296296296297 0.024479166666666666 0.018518518518518517
4 0.2825520833333333 0.3712962962962963 0.04114583333333333 0.03148148148148148
4 0.21875 0.4388888888888889 0.020833333333333332 0.05925925925925926
4 0.06666666666666667 0.4486111111111111 0.016666666666666666 0.03425925925925926
4 0.03802083333333333 0.44907407407407407 0.015625 0.03148148148148148
4 0.5072916666666667 0.36342592592592593 0.016666666666666666 0.04537037037037037
4 0.5322916666666667 0.3638888888888889 0.01875 0.046296296296296294
4 0.46588541666666666 0.65 0.043229166666666666 0.06666666666666667
4 0.5143229166666666 0.7296296296296296 0.04635416666666667 0.07407407407407407
4 0.39427083333333335 0.9092592592592592 0.053125 0.09074074074074075
4 0.48125 0.9814814814814815 0.0375 0.03148148148148148
4 0.6354166666666666 0.3476851851851852 0.020833333333333332 0.03981481481481482
4 0.7565104166666666 0.34444444444444444 0.03802083333333333 0.02962962962962963
4 0.82421875 0.2865740740740741 0.0328125 0.025
4 0.8643229166666667 0.29583333333333334 0.034895833333333334 0.030555555555555555
4 0.8455729166666667 0.325 0.034895833333333334 0.02962962962962963
4 0.9489583333333333 0.3060185185185185 0.030208333333333334 0.041666666666666664
