4 0.44375 0.5717592592592593 0.01875 0.08796296296296297
4 0.40677083333333336 0.5657407407407408 0.01875 0.08333333333333333
4 0.290625 0.5574074074074075 0.021875 0.09444444444444444
4 0.26015625 0.5648148148148148 0.0203125 0.07962962962962963
4 0.18854166666666666 0.5550925925925926 0.022916666666666665 0.08055555555555556
4 0.13828125 0.5476851851851852 0.049479166666666664 0.03611111111111111
4 0.19270833333333334 0.36157407407407405 0.020833333333333332 0.08981481481481482
4 0.21510416666666668 0.36944444444444446 0.017708333333333333 0.07407407407407407
4 0.23958333333333334 0.36203703703703705 0.01875 0.07962962962962963
4 0.26197916666666665 0.36666666666666664 0.016666666666666666 0.07962962962962963
4 0.28932291666666665 0.36666666666666664 0.018229166666666668 0.07962962962962963
4 0.31354166666666666 0.36203703703703705 0.020833333333333332 0.08148148148148149
4 0.3380208333333333 0.3578703703703704 0.020833333333333332 0.08611111111111111
4 0.359375 0.36435185185185187 0.014583333333333334 0.07314814814814814
4 0.38333333333333336 0.36574074074074076 0.01875 0.07777777777777778
4 0.4088541666666667 0.35833333333333334 0.019791666666666666 0.07962962962962963
4 0.434375 0.362962962962963 0.020833333333333332 0.08703703703703704
4 0.45651041666666664 0.3680555555555556 0.018229166666666668 0.0824074074074074
4 0.48541666666666666 0.36064814814814816 0.020833333333333332 0.08611111111111111
4 0.5098958333333333 0.3699074074074074 0.021875 0.08796296296296297
4 0.5401041666666667 0.37175925925925923 0.021875 0.08796296296296297
4 0.36171875 0.15555555555555556 0.0171875 0.06481481481481481
4 0.3346354166666667 0.15601851851851853 0.0203125 0.08425925925925926
4 0.30963541666666666 0.1587962962962963 0.019270833333333334 0.075
4 0.28671875 0.15833333333333333 0.0171875 0.07962962962962963
4 0.26458333333333334 0.1587962962962963 0.019791666666666666 0.0824074074074074
4 0.24088541666666666 0.16064814814814815 0.019270833333333334 0.08796296296296297
4 0.21666666666666667 0.15416666666666667 0.019791666666666666 0.08796296296296297
4 0.16770833333333332 0.15601851851851853 0.019791666666666666 0.08425925925925926
4 0.14166666666666666 0.1550925925925926 0.019791666666666666 0.08425925925925926
4 0.11953125 0.1476851851851852 0.019270833333333334 0.08425925925925926
4 0.12890625 0.22453703703703703 0.04739583333333333 0.03425925925925926
4 0.09869791666666666 0.2740740740740741 0.0390625 0.06111111111111111
4 0.6901041666666666 0.20833333333333334 0.025 0.07592592592592592
4 0.6299479166666667 0.20787037037037037 0.025520833333333333 0.0824074074074074
4 0.7171875 0.20972222222222223 0.023958333333333335 0.08796296296296297
4 0.7140625 0.3837962962962963 0.030208333333333334 0.03425925925925926
4 0.5890625 0.575462962962963 0.025 0.0824074074074074
4 0.61796875 0.5800925925925926 0.0203125 0.06944444444444445
4 0.6455729166666667 0.5796296296296296 0.024479166666666666 0.07962962962962963
4 0.68046875 0.575 0.0265625 0.08888888888888889
