0 0.8994791666666667 1.2976851851851852 0.08645833333333333 0.175
0 0.8125 0.8763888888888889 0.06041666666666667 0.14722222222222223
0 0.6143229166666667 0.812037037037037 0.043229166666666666 0.12222222222222222
0 0.48359375 0.8074074074074075 0.04114583333333333 0.15185185185185185
0 0.6630208333333333 0.6907407407407408 0.042708333333333334 0.1111111111111111
0 0.7825520833333334 0.7337962962962963 0.049479166666666664 0.12314814814814815
0 0.7158854166666667 0.3939814814814815 0.03177083333333333 0.0712962962962963
0 0.5833333333333334 0.4083333333333333 0.030208333333333334 0.07962962962962963
0 0.15208333333333332 1.3106481481481482 0.06770833333333333 0.15648148148148147
0 0.2 1.0912037037037037 0.065625 0.18981481481481483
0 0.23828125 0.8851851851851852 0.05572916666666667 0.15925925925925927
0 0.25677083333333334 0.712037037037037 0.04479166666666667 0.11666666666666667
0 0.28802083333333334 0.4861111111111111 0.03333333333333333 0.09259259259259259
0 0.34427083333333336 0.3314814814814815 0.029166666666666667 0.07407407407407407
0 0.43072916666666666 0.30324074074074076 0.029166666666666667 0.08055555555555556
0 0.32890625 0.22453703703703703 0.024479166666666666 0.05277777777777778
0 0.3416666666666667 0.15092592592592594 0.030208333333333334 0.053703703703703705
0 0.70078125 0.3287037037037037 0.030729166666666665 0.05925925925925926
0 0.6856770833333333 0.24861111111111112 0.028645833333333332 0.06388888888888888
0 0.675 0.19074074074074074 0.026041666666666668 0.05185185185185185
0 0.6578125 0.1125 0.020833333333333332 0.03981481481481482
0 0.3684895833333333 0.03287037037037037 0.019270833333333334 0.041666666666666664
0 0.43072916666666666 0.09861111111111111 0.01875 0.04351851851851852
0 0.6528645833333333 0.016666666666666666 0.0203125 0.03333333333333333
0 0.5588541666666667 0.018055555555555554 0.01875 0.03611111111111111
