0 0.30416666666666664 0.3990740740740741 0.007291666666666667 0.012962962962962963
0 0.46901041666666665 0.6398148148148148 0.034895833333333334 0.044444444444444446
0 0.36953125 0.5689814814814815 0.018229166666666668 0.026851851851851852
0 0.43515625 0.5393518518518519 0.0265625 0.032407407407407406
0 0.45859375 0.5361111111111111 0.0234375 0.02962962962962963
0 0.44583333333333336 0.5087962962962963 0.023958333333333335 0.026851851851851852
0 0.3484375 0.4925925925925926 0.016666666666666666 0.022222222222222223
0 0.34296875 0.4601851851851852 0.013020833333333334 0.020370370370370372
0 0.33229166666666665 0.4078703703703704 0.008333333333333333 0.012037037037037037
0 0.3729166666666667 0.3888888888888889 0.008333333333333333 0.011111111111111112
0 0.33645833333333336 0.42407407407407405 0.009375 0.012962962962962963
0 0.3375 0.4351851851851852 0.011458333333333333 0.018518518518518517
0 0.34270833333333334 0.4444444444444444 0.013541666666666667 0.018518518518518517
0 0.41822916666666665 0.44722222222222224 0.016666666666666666 0.016666666666666666
0 0.4359375 0.4486111111111111 0.013541666666666667 0.01574074074074074
0 0.40625 0.44351851851851853 0.016666666666666666 0.016666666666666666
0 0.39895833333333336 0.4337962962962963 0.015625 0.012037037037037037
0 0.45234375 0.4828703703703704 0.0265625 0.021296296296296296
0 0.48020833333333335 0.475 0.03229166666666667 0.020370370370370372
0 0.45234375 0.44675925925925924 0.016145833333333335 0.019444444444444445
0 0.4705729166666667 0.4486111111111111 0.0140625 0.017592592592592594
0 0.4875 0.44583333333333336 0.014583333333333334 0.019444444444444445
0 0.5138020833333333 0.4689814814814815 0.0296875 0.019444444444444445
0 0.6739583333333333 0.5592592592592592 0.03125 0.037037037037037035
0 0.7013020833333333 0.562037037037037 0.0203125 0.03888888888888889
