4 0.2755208333333333 0.02361111111111111 0.028125 0.04722222222222222
4 0.28151041666666665 0.1699074074074074 0.0328125 0.0824074074074074
4 0.28020833333333334 0.30324074074074076 0.028125 0.09907407407407408
4 0.2838541666666667 0.4310185185185185 0.040625 0.11944444444444445
4 0.19895833333333332 0.47638888888888886 0.040625 0.14351851851851852
4 0.21848958333333332 0.8175925925925925 0.0609375 0.2111111111111111
4 0.44895833333333335 0.6143518518518518 0.04583333333333333 0.15092592592592594
4 0.5190104166666667 0.5875 0.0515625 0.14907407407407408
4 0.5765625 0.5763888888888888 0.058333333333333334 0.14537037037037037
4 0.628125 0.5685185185185185 0.065625 0.15555555555555556
4 0.6721354166666667 0.5458333333333333 0.0578125 0.1361111111111111
4 0.61015625 0.36064814814814816 0.07760416666666667 0.06944444444444445
4 0.40182291666666664 0.2351851851851852 0.0734375 0.06111111111111111
4 0.5765625 0.2518518518518518 0.06770833333333333 0.06851851851851852
4 0.5346354166666667 0.09814814814814815 0.0640625 0.05740740740740741
4 0.51640625 0.030555555555555555 0.0578125 0.05925925925925926
4 0.38515625 0.15185185185185185 0.06614583333333333 0.05925925925925926
4 0.36328125 0.015277777777777777 0.06197916666666667 0.030555555555555555
4 0.36692708333333335 0.037037037037037035 0.0609375 0.03518518518518519
4 0.37161458333333336 0.0699074074074074 0.0609375 0.04537037037037037
4 0.3802083333333333 0.10787037037037037 0.06354166666666666 0.049074074074074076
