4 0.40546875 0.611574074074074 0.0265625 0.058333333333333334
4 0.42161458333333335 0.6342592592592593 0.030729166666666665 0.06481481481481481
4 0.45598958333333334 0.6833333333333333 0.033854166666666664 0.06666666666666667
4 0.47760416666666666 0.6967592592592593 0.030208333333333334 0.06388888888888888
4 0.49557291666666664 0.712037037037037 0.0234375 0.03333333333333333
4 0.55 0.7157407407407408 0.020833333333333332 0.025925925925925925
4 0.54140625 0.5671296296296297 0.018229166666666668 0.08055555555555556
4 0.47734375 0.47129629629629627 0.0421875 0.037037037037037035
4 0.47265625 0.4356481481481482 0.033854166666666664 0.028703703703703703
4 0.4703125 0.4009259259259259 0.03854166666666667 0.03148148148148148
4 0.52421875 0.25555555555555554 0.0203125 0.06851851851851852
4 0.49505208333333334 0.1824074074074074 0.03697916666666667 0.06481481481481481
4 0.5169270833333334 0.0625 0.0171875 0.06574074074074074
4 0.49609375 0.06851851851851852 0.018229166666666668 0.06851851851851852
4 0.47734375 0.06527777777777778 0.016145833333333335 0.06388888888888888
4 0.4583333333333333 0.06666666666666667 0.01875 0.06481481481481481
4 0.43697916666666664 0.06805555555555555 0.017708333333333333 0.06759259259259259
4 0.41770833333333335 0.06759259259259259 0.016666666666666666 0.06296296296296296
4 0.39765625 0.0699074074074074 0.0171875 0.07314814814814814
4 0.3770833333333333 0.05138888888888889 0.019791666666666666 0.08055555555555556
4 0.359375 0.07361111111111111 0.016666666666666666 0.06018518518518518
4 0.3528645833333333 0.4925925925925926 0.03802083333333333 0.04259259259259259
4 0.35833333333333334 0.5296296296296297 0.036458333333333336 0.044444444444444446
4 0.17604166666666668 0.23842592592592593 0.025 0.075
4 0.20911458333333333 0.07777777777777778 0.0265625 0.07407407407407407
