0 0.5856770833333333 0.7152777777777778 0.016145833333333335 0.026851851851851852
0 0.6302083333333334 0.6439814814814815 0.019791666666666666 0.04351851851851852
0 0.5388020833333333 0.612037037037037 0.0171875 0.03148148148148148
0 0.3125 0.600925925925926 0.010416666666666666 0.03518518518518519
0 0.37421875 0.38842592592592595 0.018229166666666668 0.019444444444444445
0 0.4544270833333333 0.3287037037037037 0.015104166666666667 0.018518518518518517
0 0.5013020833333334 0.3439814814814815 0.0171875 0.019444444444444445
0 0.5559895833333334 0.2796296296296296 0.016145833333333335 0.018518518518518517
0 0.46770833333333334 0.2564814814814815 0.016666666666666666 0.018518518518518517
0 0.45703125 0.24722222222222223 0.0171875 0.016666666666666666
0 0.2596354166666667 0.42592592592592593 0.019270833333333334 0.022222222222222223
0 0.225 0.425462962962963 0.017708333333333333 0.019444444444444445
0 0.196875 0.4074074074074074 0.016666666666666666 0.018518518518518517
0 0.3059895833333333 0.02175925925925926 0.0078125 0.021296296296296296
