4 0.11015625 0.36898148148148147 0.05677083333333333 0.08055555555555556
4 0.45625 0.5402777777777777 0.15625 0.16944444444444445
4 0.3875 0.38472222222222224 0.08229166666666667 0.08055555555555556
4 0.30026041666666664 0.3337962962962963 0.06302083333333333 0.062037037037037036
4 0.165625 0.2550925925925926 0.03333333333333333 0.04351851851851852
4 0.12473958333333333 0.225 0.0265625 0.03518518518518519
4 0.10703125 0.20833333333333334 0.021354166666666667 0.027777777777777776
4 0.0796875 0.1925925925925926 0.015625 0.025925925925925925
4 0.09348958333333333 0.2013888888888889 0.0171875 0.025
4 0.06848958333333334 0.18333333333333332 0.013020833333333334 0.027777777777777776
4 0.026822916666666665 0.1337962962962963 0.0109375 0.01574074074074074
4 0.05234375 0.14444444444444443 0.013020833333333334 0.011111111111111112
4 0.29375 0.23055555555555557 0.034375 0.03333333333333333
4 0.37213541666666666 0.29583333333333334 0.05260416666666667 0.04722222222222222
4 0.41484375 0.3527777777777778 0.0796875 0.05925925925925926
