4 0.48151041666666666 0.5592592592592592 0.07239583333333334 0.05555555555555555
4 0.4947916666666667 0.5189814814814815 0.06875 0.05462962962962963
4 0.48723958333333334 0.49537037037037035 0.06927083333333334 0.046296296296296294
4 0.48489583333333336 0.4685185185185185 0.058333333333333334 0.046296296296296294
4 0.4861979166666667 0.4462962962962963 0.0609375 0.03888888888888889
4 0.4942708333333333 0.4287037037037037 0.04583333333333333 0.03888888888888889
4 0.5026041666666666 0.37824074074074077 0.04375 0.03611111111111111
4 0.503125 0.36203703703703705 0.051041666666666666 0.03333333333333333
4 0.55859375 0.25787037037037036 0.016145833333333335 0.026851851851851852
4 0.5609375 0.24166666666666667 0.014583333333333334 0.027777777777777776
4 0.55859375 0.22592592592592592 0.015104166666666667 0.025925925925925925
4 0.5588541666666667 0.19814814814814816 0.013541666666666667 0.020370370370370372
4 0.5588541666666667 0.16712962962962963 0.011458333333333333 0.017592592592592594
4 0.56953125 0.15555555555555556 0.011979166666666667 0.020370370370370372
4 0.55390625 0.14675925925925926 0.009895833333333333 0.019444444444444445
4 0.5661458333333333 0.11574074074074074 0.008333333333333333 0.011111111111111112
4 0.6841145833333333 0.4842592592592593 0.0640625 0.05925925925925926
4 0.6809895833333334 0.513425925925926 0.0640625 0.062037037037037036
4 0.6986979166666667 0.5615740740740741 0.07552083333333333 0.058333333333333334
4 0.7010416666666667 0.6032407407407407 0.08020833333333334 0.0712962962962963
