4 0.5229166666666667 0.475 0.035416666666666666 0.03518518518518519
4 0.3921875 0.5328703703703703 0.04375 0.04537037037037037
4 0.3104166666666667 0.6226851851851852 0.04583333333333333 0.062037037037037036
4 0.23255208333333333 0.6087962962962963 0.0546875 0.058333333333333334
4 0.14947916666666666 0.7157407407407408 0.071875 0.07222222222222222
4 0.21901041666666668 0.4537037037037037 0.022395833333333334 0.037037037037037035
4 0.18984375 0.4564814814814815 0.021354166666666667 0.03888888888888889
4 0.20442708333333334 0.41805555555555557 0.019270833333333334 0.032407407407407406
4 0.24739583333333334 0.34444444444444444 0.015625 0.018518518518518517
4 0.03854166666666667 0.5287037037037037 0.027083333333333334 0.037037037037037035
4 0.022916666666666665 0.36666666666666664 0.013541666666666667 0.024074074074074074
4 0.03802083333333333 0.31574074074074077 0.011458333333333333 0.018518518518518517
4 0.05026041666666667 0.3111111111111111 0.009895833333333333 0.016666666666666666
4 0.03046875 0.29953703703703705 0.008854166666666666 0.013888888888888888
4 0.13776041666666666 0.29444444444444445 0.008854166666666666 0.016666666666666666
4 0.40546875 0.3787037037037037 0.0234375 0.027777777777777776
4 0.40572916666666664 0.49907407407407406 0.03958333333333333 0.037037037037037035
4 0.19713541666666667 0.4013888888888889 0.0171875 0.026851851851851852
4 0.18489583333333334 0.38425925925925924 0.015625 0.024074074074074074
4 0.17864583333333334 0.36712962962962964 0.013541666666666667 0.021296296296296296
4 0.17161458333333332 0.425462962962963 0.0203125 0.030555555555555555
4 0.16302083333333334 0.399537037037037 0.01875 0.026851851851851852
4 0.15625 0.37962962962962965 0.014583333333333334 0.024074074074074074
4 0.11875 0.37222222222222223 0.016666666666666666 0.025925925925925925
4 0.1 0.28379629629629627 0.009375 0.017592592592592594
4 0.0890625 0.2564814814814815 0.008333333333333333 0.014814814814814815
4 0.09296875 0.27314814814814814 0.0078125 0.012962962962962963
4 0.10182291666666667 0.29768518518518516 0.009895833333333333 0.013888888888888888
4 0.11328125 0.35833333333333334 0.0109375 0.018518518518518517
4 0.14661458333333333 0.3074074074074074 0.0109375 0.020370370370370372
4 0.16953125 0.3509259259259259 0.013020833333333334 0.022222222222222223
4 0.084375 0.5226851851851851 0.051041666666666666 0.03425925925925926
4 0.07994791666666666 0.48333333333333334 0.04114583333333333 0.03888888888888889
4 0.08463541666666667 0.4601851851851852 0.0453125 0.037037037037037035
4 0.07421875 0.45555555555555555 0.043229166666666666 0.03333333333333333
4 0.07395833333333333 0.4361111111111111 0.03854166666666667 0.027777777777777776
4 0.08072916666666667 0.4162037037037037 0.035416666666666666 0.023148148148148147
4 0.08072916666666667 0.4064814814814815 0.0375 0.020370370370370372
4 0.07552083333333333 0.39444444444444443 0.03333333333333333 0.025925925925925925
4 0.07109375 0.3824074074074074 0.0359375 0.022222222222222223
4 0.03828125 0.2902777777777778 0.008854166666666666 0.013888888888888888
4 0.03802083333333333 0.2847222222222222 0.008333333333333333 0.01574074074074074
4 0.03984375 0.274537037037037 0.0078125 0.012037037037037037
4 0.14609375 0.22083333333333333 0.0046875 0.008333333333333333
4 0.70703125 0.9328703703703703 0.044270833333333336 0.07685185185185185
4 0.44166666666666665 0.3990740740740741 0.021875 0.025925925925925925
4 0.5794270833333334 0.3648148148148148 0.025520833333333333 0.024074074074074074
4 0.59609375 0.3578703703703704 0.03177083333333333 0.025
4 0.6119791666666666 0.35 0.027083333333333334 0.025925925925925925
