0 0.22604166666666667 1.3356481481481481 0.051041666666666666 0.10462962962962963
0 0.34036458333333336 1.350462962962963 0.04114583333333333 0.07685185185185185
0 0.38359375 1.2513888888888889 0.0421875 0.1287037037037037
0 0.253125 1.1689814814814814 0.05416666666666667 0.09537037037037037
0 0.27890625 1.2222222222222223 0.050520833333333334 0.10925925925925926
0 0.42864583333333334 1.1356481481481482 0.04895833333333333 0.10648148148148148
0 0.390625 0.9208333333333333 0.052083333333333336 0.11388888888888889
0 0.5015625 0.687037037037037 0.05 0.10555555555555556
0 0.5638020833333334 0.8069444444444445 0.050520833333333334 0.10833333333333334
0 0.5484375 0.5615740740740741 0.05 0.11018518518518519
0 0.6138020833333333 0.6902777777777778 0.049479166666666664 0.10277777777777777
0 0.5997395833333333 0.44212962962962965 0.05572916666666667 0.11388888888888889
0 0.5010416666666667 0.22037037037037038 0.06145833333333333 0.10185185185185185
0 0.66484375 0.5657407407407408 0.0484375 0.1037037037037037
0 0.70703125 0.45092592592592595 0.0515625 0.10925925925925926
0 0.7096354166666666 0.29074074074074074 0.049479166666666664 0.1037037037037037
0 0.76015625 0.32731481481481484 0.05364583333333333 0.11388888888888889
0 0.80546875 0.2273148148148148 0.04635416666666667 0.09907407407407408
0 0.73671875 0.10555555555555556 0.05572916666666667 0.11666666666666667
0 0.7794270833333333 0.021296296296296296 0.034895833333333334 0.04259259259259259
0 0.8901041666666667 0.03611111111111111 0.041666666666666664 0.07222222222222222
