0 0.0546875 0.8453703703703703 0.109375 0.2537037037037037
0 0.0359375 0.3597222222222222 0.071875 0.1287037037037037
0 0.33255208333333336 0.0125 0.0296875 0.025
0 0.026302083333333334 0.23842592592592593 0.05260416666666667 0.0787037037037037
0 0.08671875 0.1259259259259259 0.049479166666666664 0.06111111111111111
0 0.12369791666666667 0.1259259259259259 0.04114583333333333 0.05740740740740741
0 0.159375 0.13055555555555556 0.041666666666666664 0.06296296296296296
0 0.20677083333333332 0.1648148148148148 0.06875 0.05925925925925926
0 0.06744791666666666 0.23935185185185184 0.0671875 0.07314814814814814
0 0.12161458333333333 0.24166666666666667 0.06927083333333334 0.08148148148148149
0 0.21822916666666667 0.27361111111111114 0.052083333333333336 0.10092592592592593
0 0.56640625 0.6560185185185186 0.1078125 0.21944444444444444
0 0.3953125 0.5273148148148148 0.0625 0.1712962962962963
0 0.5252604166666667 0.449537037037037 0.07552083333333333 0.1398148148148148
0 0.5046875 0.31712962962962965 0.05416666666666667 0.09907407407407408
0 0.4859375 0.22916666666666666 0.04583333333333333 0.075
0 0.46432291666666664 0.14907407407407408 0.03177083333333333 0.05555555555555555
0 0.4197916666666667 0.03796296296296296 0.034375 0.04259259259259259
0 0.37552083333333336 0.0837962962962963 0.036458333333333336 0.04537037037037037
0 0.3494791666666667 0.10555555555555556 0.023958333333333335 0.044444444444444446
0 0.35 0.1486111111111111 0.029166666666666667 0.06018518518518518
0 0.38958333333333334 0.13935185185185187 0.030208333333333334 0.05462962962962963
0 0.36223958333333334 0.2013888888888889 0.03697916666666667 0.075
0 0.2877604166666667 0.06620370370370371 0.0234375 0.04722222222222222
0 0.3768229166666667 0.009259259259259259 0.028645833333333332 0.018518518518518517
