0 0.6640625 0.6907407407407408 0.023958333333333335 0.03333333333333333
0 0.4505208333333333 0.7546296296296297 0.022916666666666665 0.05555555555555555
0 0.35963541666666665 0.7032407407407407 0.028645833333333332 0.03611111111111111
0 0.38984375 0.5712962962962963 0.0109375 0.009259259259259259
0 0.41171875 0.5740740740740741 0.015104166666666667 0.011111111111111112
0 0.4401041666666667 0.5703703703703704 0.011458333333333333 0.009259259259259259
0 0.43359375 0.562037037037037 0.0067708333333333336 0.007407407407407408
0 0.46067708333333335 0.5689814814814815 0.0078125 0.008333333333333333
0 0.46588541666666666 0.5657407407407408 0.0078125 0.009259259259259259
0 0.4752604166666667 0.5625 0.0067708333333333336 0.008333333333333333
0 0.46875 0.562037037037037 0.00625 0.009259259259259259
0 0.46979166666666666 0.5550925925925926 0.010416666666666666 0.006481481481481481
0 0.47213541666666664 0.5527777777777778 0.0078125 0.007407407407407408
0 0.48541666666666666 0.5555555555555556 0.005208333333333333 0.007407407407407408
0 0.49322916666666666 0.549074074074074 0.005208333333333333 0.007407407407407408
0 0.5065104166666666 0.5518518518518518 0.0046875 0.005555555555555556
0 0.4713541666666667 0.6824074074074075 0.020833333333333332 0.02962962962962963
0 0.4861979166666667 0.6523148148148148 0.016145833333333335 0.025
0 0.49375 0.6347222222222222 0.014583333333333334 0.021296296296296296
0 0.528125 0.5407407407407407 0.004166666666666667 0.005555555555555556
0 0.51875 0.5402777777777777 0.003125 0.004629629629629629
0 0.5317708333333333 0.5282407407407408 0.0020833333333333333 0.002777777777777778
0 0.5338541666666666 0.5268518518518519 0.0020833333333333333 0.001851851851851852
0 0.675 0.937962962962963 0.05416666666666667 0.06851851851851852
0 0.5690104166666666 0.600925925925926 0.008854166666666666 0.012962962962962963
0 0.5674479166666667 0.5935185185185186 0.008854166666666666 0.011111111111111112
0 0.55 0.5875 0.008333333333333333 0.012037037037037037
0 0.5598958333333334 0.5680555555555555 0.00625 0.008333333333333333
0 0.5721354166666667 0.5611111111111111 0.0046875 0.007407407407407408
0 0.5916666666666667 0.5638888888888889 0.005208333333333333 0.007407407407407408
0 0.5690104166666666 0.5560185185185185 0.0046875 0.006481481481481481
0 0.5677083333333334 0.5518518518518518 0.004166666666666667 0.005555555555555556
0 0.5666666666666667 0.5509259259259259 0.004166666666666667 0.007407407407407408
0 0.5638020833333334 0.5462962962962963 0.0036458333333333334 0.005555555555555556
0 0.55703125 0.5555555555555556 0.0036458333333333334 0.005555555555555556
0 0.5578125 0.55 0.004166666666666667 0.005555555555555556
0 0.5552083333333333 0.5462962962962963 0.003125 0.005555555555555556
0 0.55546875 0.5421296296296296 0.0036458333333333334 0.004629629629629629
0 0.5619791666666667 0.5435185185185185 0.003125 0.003703703703703704
0 0.5619791666666667 0.5412037037037037 0.003125 0.002777777777777778
0 0.5611979166666666 0.5393518518518519 0.0026041666666666665 0.002777777777777778
0 0.5606770833333333 0.537962962962963 0.0026041666666666665 0.003703703703703704
0 0.5596354166666667 0.5361111111111111 0.0026041666666666665 0.003703703703703704
0 0.55390625 0.5347222222222222 0.0026041666666666665 0.002777777777777778
0 0.56640625 0.537962962962963 0.0026041666666666665 0.003703703703703704
0 0.5583333333333333 0.5324074074074074 0.0020833333333333333 0.003703703703703704
0 0.5528645833333333 0.5328703703703703 0.0026041666666666665 0.002777777777777778
0 0.5541666666666667 0.5310185185185186 0.0020833333333333333 0.002777777777777778
0 0.5497395833333333 0.5296296296296297 0.0015625 0.001851851851851852
0 0.54921875 0.5282407407407408 0.0015625 0.002777777777777778
0 0.5567708333333333 0.5296296296296297 0.0020833333333333333 0.001851851851851852
0 0.57890625 0.5402777777777777 0.005729166666666666 0.004629629629629629
0 0.5755208333333334 0.5393518518518519 0.00625 0.004629629629629629
