4 0.08958333333333333 0.8944444444444445 0.04375 0.040740740740740744
4 0.39739583333333334 0.7384259259259259 0.035416666666666666 0.06388888888888888
4 0.34921875 0.6421296296296296 0.021354166666666667 0.06944444444444445
4 0.471875 0.7819444444444444 0.041666666666666664 0.03981481481481482
4 0.61484375 0.788425925925926 0.04114583333333333 0.041666666666666664
4 0.52265625 0.6504629629629629 0.0390625 0.03611111111111111
4 0.6661458333333333 0.6162037037037037 0.041666666666666664 0.03796296296296296
4 0.35651041666666666 0.4703703703703704 0.016145833333333335 0.05555555555555555
4 0.31666666666666665 0.18333333333333332 0.015625 0.05
4 0.33671875 0.17916666666666667 0.0140625 0.05092592592592592
