4 0.13125 0.7180555555555556 0.041666666666666664 0.04351851851851852
4 0.31979166666666664 0.7981481481481482 0.0375 0.040740740740740744
4 0.1609375 0.5615740740740741 0.036458333333333336 0.03796296296296296
4 0.2265625 0.5796296296296296 0.023958333333333335 0.06296296296296296
4 0.309375 0.6125 0.020833333333333332 0.06388888888888888
4 0.43463541666666666 0.850925925925926 0.0421875 0.04259259259259259
4 0.7190104166666667 0.7768518518518519 0.019270833333333334 0.06851851851851852
4 0.6854166666666667 0.7763888888888889 0.040625 0.041666666666666664
4 0.6169270833333333 0.7481481481481481 0.03697916666666667 0.037037037037037035
4 0.57578125 0.7319444444444444 0.04010416666666667 0.03981481481481482
4 0.52734375 0.7175925925925926 0.0390625 0.03888888888888889
4 0.48151041666666666 0.7018518518518518 0.03697916666666667 0.03148148148148148
4 0.44140625 0.6796296296296296 0.03697916666666667 0.03518518518518519
4 0.4921875 0.5300925925925926 0.034375 0.03425925925925926
4 0.55078125 0.5958333333333333 0.018229166666666668 0.06018518518518518
4 0.6325520833333333 0.6138888888888889 0.018229166666666668 0.06851851851851852
4 0.6127604166666667 0.6129629629629629 0.018229166666666668 0.06111111111111111
4 0.59375 0.6037037037037037 0.019791666666666666 0.06296296296296296
4 0.5690104166666666 0.5472222222222223 0.033854166666666664 0.03333333333333333
4 0.6096354166666667 0.4634259259259259 0.019270833333333334 0.06388888888888888
4 0.56796875 0.46296296296296297 0.016145833333333335 0.05555555555555555
4 0.55078125 0.46064814814814814 0.0171875 0.058333333333333334
4 0.5026041666666666 0.45555555555555555 0.017708333333333333 0.06111111111111111
4 0.48541666666666666 0.4513888888888889 0.017708333333333333 0.06018518518518518
4 0.3536458333333333 0.5078703703703704 0.022916666666666665 0.06018518518518518
4 0.3140625 0.48657407407407405 0.025 0.058333333333333334
4 0.240625 0.4652777777777778 0.020833333333333332 0.06018518518518518
4 0.20130208333333333 0.4449074074074074 0.0234375 0.06018518518518518
4 0.146875 0.4273148148148148 0.023958333333333335 0.062037037037037036
4 0.12447916666666667 0.42083333333333334 0.025 0.06018518518518518
4 0.10598958333333333 0.40925925925925927 0.024479166666666666 0.05740740740740741
4 0.08984375 0.4074074074074074 0.0234375 0.053703703703703705
4 0.08203125 0.3212962962962963 0.034895833333333334 0.044444444444444446
