4 0.7588541666666667 0.7439814814814815 0.08229166666666667 0.13425925925925927
4 0.69609375 0.5347222222222222 0.04739583333333333 0.08981481481481482
4 0.40598958333333335 0.6370370370370371 0.10364583333333334 0.11296296296296296
4 0.6052083333333333 0.2967592592592593 0.025 0.04537037037037037
4 0.48489583333333336 0.30925925925925923 0.04791666666666667 0.037037037037037035
4 0.4356770833333333 0.28703703703703703 0.050520833333333334 0.03148148148148148
4 0.45 0.27175925925925926 0.04479166666666667 0.032407407407407406
4 0.45364583333333336 0.25 0.034375 0.03333333333333333
4 0.49270833333333336 0.2064814814814815 0.01875 0.022222222222222223
4 0.5049479166666667 0.1912037037037037 0.024479166666666666 0.01574074074074074
4 0.4861979166666667 0.18611111111111112 0.0234375 0.016666666666666666
4 0.5197916666666667 0.16527777777777777 0.019791666666666666 0.013888888888888888
4 0.51640625 0.16111111111111112 0.016145833333333335 0.014814814814814815
4 0.5690104166666666 0.1412037037037037 0.0067708333333333336 0.008333333333333333
