0 0.63125 0.9115740740740741 0.041666666666666664 0.12129629629629629
0 0.19479166666666667 0.7643518518518518 0.059375 0.08796296296296297
0 0.12630208333333334 0.46435185185185185 0.059895833333333336 0.0787037037037037
0 0.19140625 0.3541666666666667 0.05677083333333333 0.07685185185185185
0 0.28151041666666665 0.5476851851851852 0.05677083333333333 0.07314814814814814
0 0.3263020833333333 0.4212962962962963 0.0578125 0.07407407407407407
0 0.43515625 0.38796296296296295 0.05572916666666667 0.07407407407407407
0 0.45625 0.3037037037037037 0.04895833333333333 0.06851851851851852
0 0.3770833333333333 0.3013888888888889 0.05416666666666667 0.06018518518518518
0 0.4005208333333333 0.22777777777777777 0.051041666666666666 0.06111111111111111
0 0.4119791666666667 0.19305555555555556 0.046875 0.058333333333333334
0 0.33984375 0.02361111111111111 0.0359375 0.04722222222222222
0 0.3567708333333333 0.014351851851851852 0.040625 0.028703703703703703
0 0.48984375 0.014814814814814815 0.043229166666666666 0.02962962962962963
0 0.44635416666666666 0.11018518518518519 0.041666666666666664 0.05
