4 0.2518229166666667 1.3685185185185185 0.0796875 0.040740740740740744
4 0.33671875 1.1055555555555556 0.06927083333333334 0.06481481481481481
4 0.3776041666666667 0.9421296296296297 0.06041666666666667 0.062037037037037036
4 0.41354166666666664 0.8143518518518519 0.05416666666666667 0.049074074074074076
4 0.48333333333333334 0.5736111111111111 0.04479166666666667 0.04351851851851852
4 0.5809895833333333 0.6050925925925926 0.043229166666666666 0.03981481481481482
4 0.58984375 0.5370370370370371 0.03802083333333333 0.03333333333333333
4 0.50390625 0.49074074074074076 0.0359375 0.02962962962962963
4 0.6036458333333333 0.4597222222222222 0.03958333333333333 0.028703703703703703
4 0.52421875 0.4305555555555556 0.0328125 0.025925925925925925
4 0.5270833333333333 0.41064814814814815 0.03333333333333333 0.023148148148148147
4 0.6052083333333333 0.4097222222222222 0.030208333333333334 0.025
4 0.6106770833333334 0.3800925925925926 0.03177083333333333 0.023148148148148147
4 0.62265625 0.3333333333333333 0.0296875 0.027777777777777776
4 0.6239583333333333 0.3162037037037037 0.025 0.023148148148148147
4 0.6283854166666667 0.2865740740740741 0.027604166666666666 0.021296296296296296
4 0.6315104166666666 0.26666666666666666 0.024479166666666666 0.024074074074074074
4 0.5669270833333333 0.27870370370370373 0.0265625 0.020370370370370372
4 0.5723958333333333 0.25324074074074077 0.022916666666666665 0.023148148148148147
4 0.5669270833333333 0.17407407407407408 0.0203125 0.018518518518518517
4 0.5481770833333334 0.22824074074074074 0.0234375 0.026851851851851852
4 0.8236979166666667 1.0824074074074075 0.030729166666666665 0.11481481481481481
4 0.8552083333333333 0.40925925925925927 0.01875 0.03148148148148148
4 0.8322916666666667 0.287962962962963 0.013541666666666667 0.027777777777777776
4 0.825 0.24166666666666667 0.0125 0.03888888888888889
4 0.6984375 0.2 0.020833333333333332 0.022222222222222223
4 0.68203125 0.2388888888888889 0.024479166666666666 0.018518518518518517
