0 0.21822916666666667 0.638425925925926 0.05 0.04722222222222222
0 0.09036458333333333 0.5939814814814814 0.049479166666666664 0.05092592592592592
0 0.66875 0.6648148148148149 0.052083333333333336 0.08148148148148149
0 0.5578125 0.47129629629629627 0.015625 0.037037037037037035
0 0.5611979166666666 0.3861111111111111 0.0140625 0.03333333333333333
0 0.03463541666666667 0.5726851851851852 0.049479166666666664 0.04351851851851852
0 0.15390625 0.6129629629629629 0.0484375 0.046296296296296294
0 0.5424479166666667 0.14212962962962963 0.0036458333333333334 0.006481481481481481
0 0.5473958333333333 0.13425925925925927 0.004166666666666667 0.007407407407407408
0 0.5869791666666667 0.18703703703703703 0.005208333333333333 0.009259259259259259
0 0.5765625 0.17546296296296296 0.005208333333333333 0.010185185185185186
0 0.5864583333333333 0.23194444444444445 0.008333333333333333 0.01574074074074074
0 0.5916666666666667 0.19953703703703704 0.00625 0.010185185185185186
0 0.5885416666666666 0.14722222222222223 0.005208333333333333 0.007407407407407408
0 0.575 0.14629629629629629 0.005208333333333333 0.007407407407407408
0 0.58125 0.14583333333333334 0.003125 0.006481481481481481
0 0.5822916666666667 0.1375 0.004166666666666667 0.004629629629629629
0 0.5856770833333333 0.12916666666666668 0.0036458333333333334 0.004629629629629629
0 0.5864583333333333 0.12129629629629629 0.004166666666666667 0.007407407407407408
0 0.5856770833333333 0.10046296296296296 0.0036458333333333334 0.004629629629629629
0 0.5841145833333333 0.11064814814814815 0.0036458333333333334 0.006481481481481481
0 0.5794270833333334 0.10740740740740741 0.0026041666666666665 0.003703703703703704
0 0.57890625 0.10185185185185185 0.0026041666666666665 0.003703703703703704
0 0.5783854166666667 0.09537037037037037 0.0036458333333333334 0.003703703703703704
0 0.5802083333333333 0.08611111111111111 0.003125 0.005555555555555556
0 0.6065104166666667 0.20879629629629629 0.0067708333333333336 0.010185185185185186
0 0.64296875 0.2199074074074074 0.0046875 0.008333333333333333
0 0.6244791666666667 0.1699074074074074 0.005208333333333333 0.006481481481481481
0 0.6161458333333333 0.14814814814814814 0.005208333333333333 0.007407407407407408
0 0.6109375 0.13564814814814816 0.003125 0.006481481481481481
0 0.60625 0.12222222222222222 0.003125 0.007407407407407408
