0 0.478125 0.41435185185185186 0.041666666666666664 0.125
0 0.51328125 0.2388888888888889 0.04739583333333333 0.1425925925925926
0 0.28489583333333335 0.5574074074074075 0.06666666666666667 0.05
0 0.25859375 0.6532407407407408 0.0671875 0.06018518518518518
0 0.24401041666666667 0.7268518518518519 0.0703125 0.04814814814814815
0 0.21145833333333333 0.8226851851851852 0.06145833333333333 0.0787037037037037
0 0.18932291666666667 0.888425925925926 0.06302083333333333 0.0712962962962963
0 0.6333333333333333 0.638425925925926 0.06666666666666667 0.06944444444444445
0 0.6234375 0.6995370370370371 0.06979166666666667 0.0712962962962963
0 0.6111979166666667 0.7587962962962963 0.06927083333333334 0.07314814814814814
0 0.6018229166666667 0.8236111111111111 0.06510416666666667 0.07685185185185185
0 0.578125 0.9296296296296296 0.06145833333333333 0.07407407407407407
0 0.5893229166666667 0.8763888888888889 0.0734375 0.0787037037037037
0 0.7143229166666667 0.8018518518518518 0.0296875 0.1259259259259259
0 0.65 0.5703703703703704 0.07083333333333333 0.07407407407407407
0 0.6861979166666666 0.37407407407407406 0.07239583333333334 0.05740740740740741
0 0.7005208333333334 0.2675925925925926 0.057291666666666664 0.07777777777777778
0 0.7072916666666667 0.20046296296296295 0.04375 0.07685185185185185
0 0.5473958333333333 0.023148148148148147 0.03229166666666667 0.046296296296296294
