0 0.06796875 0.21574074074074073 0.0234375 0.022222222222222223
0 0.047135416666666666 0.21805555555555556 0.022395833333333334 0.025
0 0.008072916666666667 0.19305555555555556 0.016145833333333335 0.023148148148148147
0 0.20885416666666667 0.13287037037037036 0.015625 0.019444444444444445
0 0.19583333333333333 0.13148148148148148 0.011458333333333333 0.018518518518518517
0 0.2591145833333333 0.1337962962962963 0.008854166666666666 0.019444444444444445
0 0.38385416666666666 0.2657407407407407 0.020833333333333332 0.03148148148148148
0 0.3734375 0.2361111111111111 0.021875 0.03518518518518519
0 0.45416666666666666 0.45185185185185184 0.0375 0.06296296296296296
0 0.34348958333333335 0.15462962962962962 0.011979166666666667 0.022222222222222223
0 0.33359375 0.1287037037037037 0.0109375 0.018518518518518517
0 0.3390625 0.13935185185185187 0.010416666666666666 0.019444444444444445
0 0.31145833333333334 0.16342592592592592 0.0125 0.021296296296296296
0 0.32838541666666665 0.1162037037037037 0.0109375 0.01574074074074074
0 0.359375 0.36574074074074076 0.020833333333333332 0.044444444444444446
0 0.346875 0.6421296296296296 0.008333333333333333 0.026851851851851852
0 0.35833333333333334 0.6439814814814815 0.007291666666666667 0.023148148148148147
0 0.4080729166666667 0.3337962962962963 0.025520833333333333 0.041666666666666664
0 0.4041666666666667 0.13796296296296295 0.015625 0.018518518518518517
0 0.32447916666666665 0.07777777777777778 0.015625 0.012962962962962963
