0 0.39375 0.662962962962963 0.021875 0.05740740740740741
0 0.30703125 0.3726851851851852 0.021354166666666667 0.03425925925925926
0 0.3265625 0.30694444444444446 0.017708333333333333 0.025
0 0.35911458333333335 0.24305555555555555 0.013020833333333334 0.019444444444444445
0 0.47682291666666665 0.3675925925925926 0.0140625 0.025925925925925925
0 0.4473958333333333 0.2101851851851852 0.007291666666666667 0.014814814814814815
0 0.42552083333333335 0.24814814814814815 0.009375 0.022222222222222223
0 0.428125 0.20972222222222223 0.008333333333333333 0.012037037037037037
0 0.3953125 0.17592592592592593 0.009375 0.014814814814814815
0 0.42239583333333336 0.14537037037037037 0.007291666666666667 0.012962962962962963
0 0.41015625 0.14351851851851852 0.0078125 0.016666666666666666
0 0.42578125 0.10694444444444444 0.0078125 0.013888888888888888
0 0.44921875 0.3 0.008854166666666666 0.020370370370370372
0 0.4166666666666667 0.09305555555555556 0.00625 0.008333333333333333
0 0.4309895833333333 0.0875 0.0046875 0.010185185185185186
0 0.4127604166666667 0.07824074074074074 0.005729166666666666 0.010185185185185186
0 0.4348958333333333 0.07407407407407407 0.005208333333333333 0.009259259259259259
0 0.41640625 0.06759259259259259 0.0046875 0.007407407407407408
0 0.4361979166666667 0.06157407407407407 0.005729166666666666 0.013888888888888888
0 0.42604166666666665 0.04027777777777778 0.005208333333333333 0.008333333333333333
0 0.4432291666666667 0.03518518518518519 0.004166666666666667 0.007407407407407408
0 0.4322916666666667 0.04027777777777778 0.004166666666666667 0.008333333333333333
0 0.43671875 0.026851851851851852 0.0046875 0.007407407407407408
0 0.45390625 0.020370370370370372 0.0036458333333333334 0.005555555555555556
0 0.4661458333333333 0.024537037037037038 0.004166666666666667 0.006481481481481481
0 0.47942708333333334 0.01898148148148148 0.0046875 0.004629629629629629
0 0.4708333333333333 0.019444444444444445 0.005208333333333333 0.007407407407407408
0 0.5044270833333333 0.0125 0.005729166666666666 0.006481481481481481
0 0.49973958333333335 0.011111111111111112 0.005729166666666666 0.007407407407407408
0 0.5135416666666667 0.2023148148148148 0.009375 0.012037037037037037
0 0.4401041666666667 0.1449074074074074 0.00625 0.012037037037037037
0 0.13802083333333334 0.20324074074074075 0.016666666666666666 0.013888888888888888
0 0.10963541666666667 0.20277777777777778 0.013020833333333334 0.011111111111111112
0 0.015625 0.1837962962962963 0.010416666666666666 0.008333333333333333
0 0.023697916666666666 0.18009259259259258 0.0078125 0.008333333333333333
0 0.027864583333333335 0.17731481481481481 0.013020833333333334 0.008333333333333333
0 0.03333333333333333 0.1736111111111111 0.0125 0.008333333333333333
0 0.06796875 0.15925925925925927 0.009895833333333333 0.009259259259259259
0 0.07291666666666667 0.15787037037037038 0.009375 0.008333333333333333
0 0.07708333333333334 0.15555555555555556 0.010416666666666666 0.009259259259259259
0 0.0828125 0.15138888888888888 0.010416666666666666 0.008333333333333333
0 0.08723958333333333 0.15046296296296297 0.008854166666666666 0.008333333333333333
0 0.08958333333333333 0.14722222222222223 0.008333333333333333 0.009259259259259259
0 0.09505208333333333 0.14537037037037037 0.0078125 0.009259259259259259
0 0.09739583333333333 0.1425925925925926 0.007291666666666667 0.009259259259259259
