0 0.07135416666666666 1.0782407407407408 0.128125 0.1675925925925926
0 0.31640625 1.137962962962963 0.11197916666666667 0.17037037037037037
0 0.27395833333333336 1.2416666666666667 0.11041666666666666 0.1648148148148148
0 0.17838541666666666 1.3050925925925927 0.12864583333333332 0.1675925925925926
0 0.5479166666666667 0.5041666666666667 0.06354166666666666 0.05092592592592592
0 0.62578125 0.33564814814814814 0.05260416666666667 0.04537037037037037
0 0.7315104166666667 0.46296296296296297 0.06302083333333333 0.05740740740740741
0 0.6875 0.5259259259259259 0.07604166666666666 0.06666666666666667
0 0.5950520833333334 0.6856481481481481 0.08177083333333333 0.0787037037037037
0 0.609375 0.6333333333333333 0.07604166666666666 0.06481481481481481
0 0.6372395833333333 0.5949074074074074 0.06822916666666666 0.075
0 0.7778645833333333 0.3902777777777778 0.058854166666666666 0.05462962962962963
0 0.7893229166666667 0.3773148148148148 0.059895833333333336 0.05092592592592592
0 0.8356770833333333 0.3050925925925926 0.0515625 0.03981481481481482
0 0.8518229166666667 0.2773148148148148 0.04739583333333333 0.03611111111111111
0 0.8606770833333334 0.2662037037037037 0.04739583333333333 0.03611111111111111
0 0.8700520833333333 0.25324074074074077 0.04739583333333333 0.03611111111111111
0 0.8729166666666667 0.23564814814814813 0.04791666666666667 0.03611111111111111
0 0.8877604166666667 0.2300925925925926 0.04739583333333333 0.03611111111111111
0 0.88984375 0.21712962962962962 0.04739583333333333 0.03611111111111111
0 0.9216145833333333 0.17083333333333334 0.03802083333333333 0.030555555555555555
0 0.925 0.1550925925925926 0.034375 0.026851851851851852
0 0.88046875 0.0962962962962963 0.0265625 0.027777777777777776
0 0.95703125 0.11342592592592593 0.033854166666666664 0.023148148148148147
0 0.9109375 0.08472222222222223 0.026041666666666668 0.021296296296296296
0 0.9411458333333333 0.0412037037037037 0.017708333333333333 0.021296296296296296
0 0.9455729166666667 0.025 0.0203125 0.016666666666666666
0 0.9580729166666667 0.022222222222222223 0.0203125 0.016666666666666666
0 0.9643229166666667 0.020370370370370372 0.0203125 0.016666666666666666
