0 0.38984375 0.9296296296296296 0.05677083333333333 0.07407407407407407
0 0.3924479166666667 0.8736111111111111 0.049479166666666664 0.06759259259259259
0 0.38671875 0.8356481481481481 0.05364583333333333 0.05277777777777778
0 0.7059895833333333 0.7972222222222223 0.050520833333333334 0.046296296296296294
0 0.66171875 0.6875 0.0453125 0.03425925925925926
0 0.68671875 0.7569444444444444 0.043229166666666666 0.049074074074074076
0 0.6432291666666666 0.6513888888888889 0.040625 0.03796296296296296
0 0.08203125 0.9111111111111111 0.04010416666666667 0.08703703703703704
0 0.11901041666666666 0.7689814814814815 0.0265625 0.062037037037037036
0 0.15885416666666666 0.6425925925925926 0.025 0.04814814814814815
0 0.8315104166666667 0.1398148148148148 0.009895833333333333 0.009259259259259259
0 0.84609375 0.13935185185185187 0.013020833333333334 0.008333333333333333
0 0.9002604166666667 0.1824074074074074 0.011979166666666667 0.011111111111111112
0 0.90625 0.17685185185185184 0.013541666666666667 0.009259259259259259
0 0.8854166666666666 0.16805555555555557 0.014583333333333334 0.010185185185185186
0 0.8752604166666667 0.16574074074074074 0.0140625 0.009259259259259259
