4 0.5848958333333333 1.1388888888888888 0.058333333333333334 0.20185185185185187
4 0.5674479166666667 0.95 0.06927083333333334 0.15555555555555556
4 0.5494791666666666 0.8106481481481481 0.042708333333333334 0.10833333333333334
4 0.5380208333333333 0.7037037037037037 0.034375 0.08703703703703704
4 0.5315104166666667 0.6296296296296297 0.027604166666666666 0.06481481481481481
4 0.5286458333333334 0.5481481481481482 0.026041666666666668 0.04259259259259259
4 0.5197916666666667 0.4615740740740741 0.01875 0.03796296296296296
4 0.5122395833333333 0.3800925925925926 0.016145833333333335 0.030555555555555555
4 0.5052083333333334 0.30694444444444446 0.011458333333333333 0.017592592592592594
4 0.5 0.26157407407407407 0.007291666666666667 0.01574074074074074
4 0.49557291666666664 0.25416666666666665 0.019270833333333334 0.01574074074074074
4 0.4895833333333333 0.24953703703703703 0.007291666666666667 0.012037037037037037
4 0.5 0.24768518518518517 0.00625 0.008333333333333333
4 0.4890625 0.23703703703703705 0.007291666666666667 0.011111111111111112
4 0.4984375 0.2324074074074074 0.007291666666666667 0.011111111111111112
4 0.3182291666666667 0.2125 0.010416666666666666 0.010185185185185186
4 0.42942708333333335 0.20185185185185187 0.008854166666666666 0.011111111111111112
4 0.42578125 0.19166666666666668 0.0067708333333333336 0.009259259259259259
4 0.43203125 0.1912037037037037 0.0046875 0.008333333333333333
4 0.4786458333333333 0.19907407407407407 0.008333333333333333 0.009259259259259259
4 0.4596354166666667 0.20972222222222223 0.015104166666666667 0.010185185185185186
4 0.4973958333333333 0.2263888888888889 0.007291666666666667 0.010185185185185186
4 0.4973958333333333 0.2212962962962963 0.00625 0.009259259259259259
4 0.496875 0.21574074074074073 0.00625 0.011111111111111112
4 0.14192708333333334 0.31342592592592594 0.013020833333333334 0.021296296296296296
4 0.14114583333333333 0.2935185185185185 0.014583333333333334 0.016666666666666666
4 0.19713541666666667 0.26666666666666666 0.021354166666666667 0.012962962962962963
4 0.184375 0.2675925925925926 0.019791666666666666 0.014814814814814815
4 0.11380208333333333 0.29444444444444445 0.013020833333333334 0.022222222222222223
4 0.17447916666666666 0.29953703703703705 0.025 0.01574074074074074
4 0.6895833333333333 0.8495370370370371 0.05625 0.10648148148148148
4 0.6622395833333333 0.7375 0.044270833333333336 0.07685185185185185
4 0.7486979166666666 0.8560185185185185 0.050520833333333334 0.10648148148148148
4 0.84296875 1.3101851851851851 0.0953125 0.1537037037037037
4 0.6171875 0.5837962962962963 0.03125 0.06018518518518518
4 0.6072916666666667 0.5375 0.027083333333333334 0.04722222222222222
4 0.59765625 0.5 0.022395833333333334 0.046296296296296294
4 0.5877604166666667 0.4703703703703704 0.0234375 0.04259259259259259
4 0.5731770833333333 0.41759259259259257 0.0203125 0.027777777777777776
4 0.5515625 0.33935185185185185 0.0125 0.025
4 0.54921875 0.32407407407407407 0.013020833333333334 0.020370370370370372
4 0.5341145833333333 0.2439814814814815 0.018229166666666668 0.013888888888888888
4 0.5388020833333333 0.2884259259259259 0.0109375 0.017592592592592594
4 0.5356770833333333 0.27870370370370373 0.0109375 0.016666666666666666
4 0.5348958333333333 0.26944444444444443 0.009375 0.012962962962962963
4 0.53203125 0.2625 0.008854166666666666 0.013888888888888888
4 0.5221354166666666 0.22361111111111112 0.0067708333333333336 0.012037037037037037
4 0.9005208333333333 0.39444444444444443 0.03333333333333333 0.027777777777777776
4 0.8520833333333333 0.26805555555555555 0.029166666666666667 0.025
