0 0.0765625 0.48009259259259257 0.052083333333333336 0.10092592592592593
0 0.12005208333333334 0.475462962962963 0.044270833333333336 0.09907407407407408
0 0.10364583333333334 0.23194444444444445 0.034375 0.05277777777777778
0 0.11302083333333333 0.1361111111111111 0.028125 0.03333333333333333
0 0.15364583333333334 0.06712962962962964 0.017708333333333333 0.025
0 0.18125 0.04861111111111111 0.019791666666666666 0.026851851851851852
0 0.2078125 0.08425925925925926 0.020833333333333332 0.04259259259259259
0 0.58046875 0.5347222222222222 0.05677083333333333 0.04351851851851852
0 0.6208333333333333 0.5837962962962963 0.065625 0.05462962962962963
0 0.36822916666666666 0.0625 0.009375 0.017592592592592594
0 0.3729166666666667 0.04583333333333333 0.011458333333333333 0.023148148148148147
0 0.3770833333333333 0.03194444444444444 0.009375 0.017592592592592594
0 0.42682291666666666 0.01898148148148148 0.009895833333333333 0.028703703703703703
