0 0.057291666666666664 0.22777777777777777 0.028125 0.05
0 0.06953125 0.27824074074074073 0.030729166666666665 0.08796296296296297
0 0.14635416666666667 0.01574074074074074 0.01875 0.024074074074074074
0 0.14973958333333334 0.04675925925925926 0.018229166666666668 0.025
0 0.16822916666666668 0.047685185185185185 0.016666666666666666 0.026851851851851852
0 0.16302083333333334 0.0625 0.019791666666666666 0.03425925925925926
0 0.18255208333333334 0.0625 0.022395833333333334 0.03425925925925926
0 0.20208333333333334 0.0837962962962963 0.022916666666666665 0.03796296296296296
0 0.22369791666666666 0.07083333333333333 0.024479166666666666 0.03796296296296296
0 0.24609375 0.06944444444444445 0.024479166666666666 0.02962962962962963
0 0.2625 0.06481481481481481 0.019791666666666666 0.03518518518518519
0 0.21302083333333333 0.1300925925925926 0.021875 0.03611111111111111
0 0.23229166666666667 0.12361111111111112 0.022916666666666665 0.03425925925925926
0 0.246875 0.11435185185185186 0.020833333333333332 0.032407407407407406
0 0.28020833333333334 0.2111111111111111 0.036458333333333336 0.046296296296296294
0 0.29140625 0.18981481481481483 0.034895833333333334 0.040740740740740744
0 0.3658854166666667 0.2791666666666667 0.043229166666666666 0.06574074074074074
0 0.409375 0.34074074074074073 0.04791666666666667 0.06481481481481481
0 0.24609375 0.3560185185185185 0.049479166666666664 0.05277777777777778
0 0.26640625 0.4125 0.07447916666666667 0.0787037037037037
0 0.28203125 0.45046296296296295 0.08177083333333333 0.08611111111111111
0 0.40208333333333335 0.5509259259259259 0.06770833333333333 0.10925925925925926
0 0.4703125 0.4625 0.06875 0.0824074074074074
0 0.46875 0.4060185185185185 0.06145833333333333 0.08055555555555556
0 0.5364583333333334 0.48148148148148145 0.07395833333333333 0.10925925925925926
0 0.515625 0.7185185185185186 0.08958333333333333 0.15555555555555556
0 0.6296875 0.9032407407407408 0.11666666666666667 0.13796296296296295
0 0.3020833333333333 0.16620370370370371 0.030208333333333334 0.03981481481481482
0 0.33046875 0.1597222222222222 0.033854166666666664 0.03611111111111111
0 0.5419270833333333 0.013888888888888888 0.0234375 0.020370370370370372
0 0.53828125 0.03564814814814815 0.022395833333333334 0.023148148148148147
0 0.5604166666666667 0.032407407407407406 0.010416666666666666 0.020370370370370372
