0 0.025520833333333333 1.3527777777777779 0.051041666666666666 0.05740740740740741
0 0.04973958333333333 1.3060185185185185 0.06197916666666667 0.058333333333333334
0 0.07083333333333333 1.2550925925925926 0.057291666666666664 0.049074074074074076
0 0.06145833333333333 1.2148148148148148 0.065625 0.07407407407407407
0 0.016666666666666666 1.2101851851851853 0.03333333333333333 0.06851851851851852
0 0.0171875 1.2675925925925926 0.034375 0.05740740740740741
0 0.07838541666666667 1.1078703703703703 0.04010416666666667 0.07314814814814814
0 0.10260416666666666 1.0578703703703705 0.023958333333333335 0.05092592592592592
0 0.11770833333333333 1.0166666666666666 0.04791666666666667 0.03518518518518519
0 0.12864583333333332 0.9819444444444444 0.053125 0.032407407407407406
0 0.13619791666666667 0.9481481481481482 0.050520833333333334 0.025925925925925925
0 0.13489583333333333 1.1333333333333333 0.05625 0.03888888888888889
0 0.20494791666666667 1.1092592592592592 0.044270833333333336 0.07037037037037037
0 0.23802083333333332 1.0462962962962963 0.041666666666666664 0.06296296296296296
0 0.15885416666666666 1.101388888888889 0.04895833333333333 0.041666666666666664
0 0.17526041666666667 1.0689814814814815 0.0484375 0.03796296296296296
0 0.19270833333333334 1.0439814814814814 0.04791666666666667 0.041666666666666664
0 0.209375 1.0175925925925926 0.04791666666666667 0.03888888888888889
0 0.2203125 0.9930555555555556 0.04479166666666667 0.03981481481481482
0 0.2296875 0.9703703703703703 0.04479166666666667 0.03888888888888889
0 0.2453125 0.9430555555555555 0.042708333333333334 0.032407407407407406
0 0.2546875 0.924537037037037 0.03958333333333333 0.032407407407407406
0 0.21822916666666667 0.9296296296296296 0.0375 0.05185185185185185
0 0.30833333333333335 0.9018518518518519 0.03125 0.05555555555555555
0 0.35546875 0.8810185185185185 0.027604166666666666 0.04537037037037037
0 0.25442708333333336 0.8930555555555556 0.0296875 0.03611111111111111
0 0.2734375 0.8597222222222223 0.029166666666666667 0.03796296296296296
0 0.20625 0.8837962962962963 0.021875 0.03981481481481482
0 0.23567708333333334 0.8476851851851852 0.03177083333333333 0.04722222222222222
0 0.265625 0.8111111111111111 0.025 0.04259259259259259
0 0.29140625 0.8277777777777777 0.024479166666666666 0.03148148148148148
0 0.30807291666666664 0.799074074074074 0.024479166666666666 0.03148148148148148
0 0.2796875 0.7782407407407408 0.03333333333333333 0.030555555555555555
0 0.27786458333333336 0.7671296296296296 0.030729166666666665 0.023148148148148147
0 0.3263020833333333 0.7699074074074074 0.025520833333333333 0.03425925925925926
0 0.3497395833333333 0.8324074074074074 0.028645833333333332 0.03888888888888889
0 0.36770833333333336 0.7953703703703704 0.025 0.03518518518518519
0 0.278125 0.7351851851851852 0.03229166666666667 0.025925925925925925
0 0.30052083333333335 0.711574074074074 0.026041666666666668 0.025
0 0.31354166666666666 0.7166666666666667 0.027083333333333334 0.03148148148148148
0 0.35442708333333334 0.7 0.0203125 0.03888888888888889
0 0.3263020833333333 0.6925925925925925 0.027604166666666666 0.027777777777777776
0 0.3453125 0.6736111111111112 0.017708333333333333 0.028703703703703703
0 0.39166666666666666 0.6032407407407407 0.023958333333333335 0.023148148148148147
0 0.37161458333333336 0.6032407407407407 0.008854166666666666 0.021296296296296296
0 0.4200520833333333 0.7814814814814814 0.022395833333333334 0.04814814814814815
0 0.4080729166666667 0.9435185185185185 0.0265625 0.05185185185185185
0 0.4125 1.0162037037037037 0.029166666666666667 0.06759259259259259
0 0.45598958333333334 1.0712962962962962 0.027604166666666666 0.06851851851851852
0 0.54140625 1.0055555555555555 0.021354166666666667 0.05
0 0.5958333333333333 1.0569444444444445 0.022916666666666665 0.05462962962962963
0 0.55859375 1.087037037037037 0.022395833333333334 0.06296296296296296
0 0.5135416666666667 1.1587962962962963 0.026041666666666668 0.06388888888888888
0 0.5848958333333333 0.9078703703703703 0.019791666666666666 0.041666666666666664
0 0.6109375 0.899537037037037 0.017708333333333333 0.041666666666666664
0 0.5598958333333334 0.8861111111111111 0.019791666666666666 0.03888888888888889
0 0.49973958333333335 0.9018518518518519 0.021354166666666667 0.05
0 0.5716145833333334 0.8208333333333333 0.0171875 0.03425925925925926
0 0.5942708333333333 0.8342592592592593 0.016666666666666666 0.040740740740740744
0 0.6252604166666667 0.8305555555555556 0.015104166666666667 0.03333333333333333
0 0.303125 1.3476851851851852 0.040625 0.0824074074074074
0 0.39609375 1.2819444444444446 0.03802083333333333 0.09537037037037037
0 0.37838541666666664 1.2328703703703703 0.03697916666666667 0.0824074074074074
0 0.87421875 1.0092592592592593 0.0484375 0.03333333333333333
0 0.5 0.8111111111111111 0.020833333333333332 0.040740740740740744
0 0.4856770833333333 0.7861111111111111 0.018229166666666668 0.03888888888888889
0 0.47760416666666666 0.7486111111111111 0.017708333333333333 0.030555555555555555
0 0.5338541666666666 0.7611111111111111 0.017708333333333333 0.03148148148148148
0 0.5203125 0.7018518518518518 0.015625 0.03148148148148148
0 0.52109375 0.6662037037037037 0.0140625 0.030555555555555555
0 0.534375 0.6407407407407407 0.0125 0.024074074074074074
0 0.5583333333333333 0.6134259259259259 0.0125 0.023148148148148147
0 0.55234375 0.5847222222222223 0.013020833333333334 0.023148148148148147
0 0.53515625 0.5814814814814815 0.013020833333333334 0.024074074074074074
0 0.58046875 0.5837962962962963 0.011979166666666667 0.023148148148148147
0 0.61484375 0.5944444444444444 0.0109375 0.020370370370370372
0 0.6450520833333333 0.6111111111111112 0.0109375 0.018518518518518517
0 0.6252604166666667 0.6333333333333333 0.0109375 0.020370370370370372
0 0.6390625 0.6574074074074074 0.010416666666666666 0.020370370370370372
0 0.6171875 0.6847222222222222 0.0125 0.025
0 0.6057291666666667 0.6402777777777777 0.0125 0.025
0 0.5947916666666667 0.6949074074074074 0.0125 0.023148148148148147
0 0.5833333333333334 0.7587962962962963 0.013541666666666667 0.030555555555555555
0 0.6075520833333333 0.7467592592592592 0.0140625 0.030555555555555555
0 0.6328125 0.7328703703703704 0.013541666666666667 0.028703703703703703
0 0.6325520833333333 0.5777777777777777 0.0109375 0.020370370370370372
0 0.6057291666666667 0.5685185185185185 0.010416666666666666 0.020370370370370372
0 0.5794270833333334 0.5467592592592593 0.0109375 0.019444444444444445
0 0.5653645833333333 0.5564814814814815 0.008854166666666666 0.018518518518518517
0 0.5638020833333334 0.5106481481481482 0.008854166666666666 0.019444444444444445
0 0.5736979166666667 0.5217592592592593 0.009895833333333333 0.01574074074074074
0 0.5872395833333334 0.5282407407407408 0.009895833333333333 0.01574074074074074
0 0.5971354166666667 0.5347222222222222 0.009895833333333333 0.01574074074074074
0 0.6096354166666667 0.5523148148148148 0.009895833333333333 0.01574074074074074
0 0.6263020833333334 0.5467592592592593 0.009895833333333333 0.01574074074074074
0 0.63828125 0.5523148148148148 0.009895833333333333 0.01574074074074074
0 0.6580729166666667 0.5458333333333333 0.009895833333333333 0.01574074074074074
0 0.6591145833333333 0.5046296296296297 0.008854166666666666 0.014814814814814815
0 0.65234375 0.47824074074074074 0.0067708333333333336 0.013888888888888888
0 0.6330729166666667 0.5009259259259259 0.008854166666666666 0.014814814814814815
0 0.6044270833333333 0.5069444444444444 0.008854166666666666 0.01574074074074074
0 0.5950520833333334 0.49953703703703706 0.008854166666666666 0.01574074074074074
0 0.5893229166666667 0.4837962962962963 0.009895833333333333 0.019444444444444445
0 0.6190104166666667 0.46296296296296297 0.008854166666666666 0.014814814814814815
0 0.6080729166666666 0.4625 0.008854166666666666 0.01574074074074074
0 0.5872395833333334 0.4583333333333333 0.008854166666666666 0.014814814814814815
0 0.5934895833333333 0.44722222222222224 0.0078125 0.012962962962962963
0 0.6059895833333333 0.4444444444444444 0.0067708333333333336 0.012962962962962963
0 0.6158854166666666 0.4462962962962963 0.0067708333333333336 0.012962962962962963
0 0.64140625 0.4685185185185185 0.0078125 0.012962962962962963
0 0.64765625 0.49583333333333335 0.008854166666666666 0.01574074074074074
0 0.65078125 0.4398148148148148 0.0067708333333333336 0.011111111111111112
0 0.63203125 0.42824074074074076 0.0067708333333333336 0.010185185185185186
0 0.6247395833333333 0.4236111111111111 0.0067708333333333336 0.010185185185185186
0 0.6122395833333333 0.4273148148148148 0.0067708333333333336 0.010185185185185186
0 0.6231770833333333 0.4064814814814815 0.0067708333333333336 0.011111111111111112
0 0.6184895833333334 0.39444444444444443 0.0067708333333333336 0.011111111111111112
0 0.62734375 0.3976851851851852 0.0067708333333333336 0.010185185185185186
0 0.6315104166666666 0.4050925925925926 0.0067708333333333336 0.010185185185185186
0 0.63828125 0.41435185185185186 0.0067708333333333336 0.010185185185185186
0 0.64296875 0.40324074074074073 0.0067708333333333336 0.010185185185185186
0 0.6377604166666667 0.3939814814814815 0.0067708333333333336 0.010185185185185186
0 0.6341145833333334 0.38287037037037036 0.0067708333333333336 0.010185185185185186
0 0.6611979166666667 0.4273148148148148 0.005729166666666666 0.010185185185185186
0 0.67421875 0.425 0.0067708333333333336 0.011111111111111112
0 0.66875 0.4115740740740741 0.00625 0.010185185185185186
0 0.6744791666666666 0.40879629629629627 0.00625 0.010185185185185186
0 0.6809895833333334 0.40879629629629627 0.005729166666666666 0.010185185185185186
0 0.67421875 0.3912037037037037 0.005729166666666666 0.010185185185185186
0 0.6802083333333333 0.3763888888888889 0.00625 0.010185185185185186
0 0.6778645833333333 0.36527777777777776 0.005729166666666666 0.010185185185185186
0 0.6606770833333333 0.38564814814814813 0.005729166666666666 0.010185185185185186
0 0.65859375 0.3958333333333333 0.005729166666666666 0.010185185185185186
0 0.64765625 0.39305555555555555 0.005729166666666666 0.010185185185185186
0 0.6434895833333333 0.38472222222222224 0.005729166666666666 0.010185185185185186
0 0.64453125 0.37546296296296294 0.005729166666666666 0.010185185185185186
0 0.6526041666666667 0.3763888888888889 0.00625 0.010185185185185186
0 0.6486979166666667 0.3680555555555556 0.005729166666666666 0.010185185185185186
0 0.6359375 0.36018518518518516 0.005208333333333333 0.007407407407407408
0 0.6442708333333333 0.3597222222222222 0.00625 0.010185185185185186
0 0.66171875 0.36064814814814816 0.005729166666666666 0.010185185185185186
0 0.6520833333333333 0.3625 0.00625 0.010185185185185186
0 0.65703125 0.34953703703703703 0.005729166666666666 0.010185185185185186
0 0.6510416666666666 0.34675925925925927 0.00625 0.010185185185185186
0 0.6567708333333333 0.3337962962962963 0.00625 0.010185185185185186
0 0.6578125 0.3226851851851852 0.00625 0.010185185185185186
0 0.66875 0.3199074074074074 0.00625 0.010185185185185186
0 0.6716145833333333 0.33101851851851855 0.005729166666666666 0.010185185185185186
0 0.68125 0.32731481481481484 0.00625 0.010185185185185186
0 0.6890625 0.33101851851851855 0.00625 0.010185185185185186
0 0.6994791666666667 0.32685185185185184 0.00625 0.022222222222222223
0 0.7 0.324537037037037 0.004166666666666667 0.004629629629629629
0 0.6791666666666667 0.3162037037037037 0.00625 0.010185185185185186
0 0.6809895833333334 0.3087962962962963 0.005729166666666666 0.010185185185185186
0 0.67578125 0.29953703703703705 0.0046875 0.008333333333333333
0 0.68203125 0.29444444444444445 0.0036458333333333334 0.007407407407407408
0 0.6921875 0.2847222222222222 0.005208333333333333 0.010185185185185186
0 0.7010416666666667 0.29305555555555557 0.004166666666666667 0.006481481481481481
0 0.6864583333333333 0.2916666666666667 0.004166666666666667 0.005555555555555556
0 0.68515625 0.28703703703703703 0.0036458333333333334 0.005555555555555556
0 0.6786458333333333 0.28703703703703703 0.003125 0.005555555555555556
0 0.6838541666666667 0.2800925925925926 0.003125 0.006481481481481481
0 0.68828125 0.2810185185185185 0.0026041666666666665 0.008333333333333333
0 0.6880208333333333 0.2689814814814815 0.004166666666666667 0.012037037037037037
0 0.69296875 0.2722222222222222 0.0036458333333333334 0.005555555555555556
0 0.6916666666666667 0.25972222222222224 0.005208333333333333 0.013888888888888888
0 0.6984375 0.2689814814814815 0.003125 0.006481481481481481
0 0.7005208333333334 0.2611111111111111 0.003125 0.005555555555555556
0 0.70859375 0.30416666666666664 0.0026041666666666665 0.006481481481481481
0 0.6692708333333334 0.3111111111111111 0.005208333333333333 0.005555555555555556
0 0.52734375 0.49398148148148147 0.013020833333333334 0.012037037037037037
