0 0.3372395833333333 0.5504629629629629 0.0609375 0.06574074074074074
0 0.29453125 0.7245370370370371 0.08385416666666666 0.0824074074074074
0 0.13541666666666666 0.43148148148148147 0.052083333333333336 0.05
0 0.07395833333333333 0.3592592592592593 0.04791666666666667 0.04259259259259259
0 0.19869791666666667 0.4546296296296296 0.0515625 0.05
0 0.3880208333333333 0.44305555555555554 0.053125 0.041666666666666664
0 0.39739583333333334 0.4787037037037037 0.05625 0.046296296296296294
0 0.3763020833333333 0.5268518518518519 0.06614583333333333 0.05925925925925926
0 0.2752604166666667 0.47638888888888886 0.059895833333333336 0.05462962962962963
0 0.1375 0.3990740740740741 0.051041666666666666 0.04259259259259259
0 0.09244791666666667 0.3398148148148148 0.03802083333333333 0.03518518518518519
0 0.06510416666666667 0.4074074074074074 0.058333333333333334 0.04814814814814815
0 0.02265625 0.3819444444444444 0.0453125 0.04537037037037037
0 0.036458333333333336 0.4305555555555556 0.058333333333333334 0.053703703703703705
0 0.23619791666666667 0.39814814814814814 0.04114583333333333 0.03888888888888889
0 0.026302083333333334 0.8597222222222223 0.05260416666666667 0.09907407407407408
0 0.58828125 0.4449074074074074 0.0234375 0.05648148148148148
0 0.67734375 0.5361111111111111 0.0328125 0.07407407407407407
0 0.640625 0.3402777777777778 0.020833333333333332 0.04537037037037037
0 0.6098958333333333 0.32222222222222224 0.017708333333333333 0.04259259259259259
0 0.6328125 0.2212962962962963 0.016666666666666666 0.03148148148148148
0 0.6708333333333333 0.17962962962962964 0.011458333333333333 0.020370370370370372
0 0.6231770833333333 0.1125 0.0067708333333333336 0.013888888888888888
0 0.53671875 0.31296296296296294 0.0203125 0.03518518518518519
0 0.53515625 0.29398148148148145 0.016145833333333335 0.030555555555555555
0 0.54140625 0.2611111111111111 0.0171875 0.027777777777777776
0 0.5544270833333333 0.15185185185185185 0.0109375 0.014814814814814815
0 0.5565104166666667 0.14166666666666666 0.0078125 0.012962962962962963
0 0.5575520833333333 0.13657407407407407 0.0078125 0.013888888888888888
0 0.5544270833333333 0.13055555555555556 0.0078125 0.012962962962962963
0 0.5572916666666666 0.12361111111111112 0.007291666666666667 0.013888888888888888
0 0.5583333333333333 0.11574074074074074 0.007291666666666667 0.012962962962962963
0 0.5703125 0.1175925925925926 0.007291666666666667 0.012962962962962963
0 0.5432291666666667 0.11157407407407408 0.007291666666666667 0.01574074074074074
0 0.6697916666666667 0.11574074074074074 0.011458333333333333 0.020370370370370372
0 0.7216145833333333 0.18287037037037038 0.015104166666666667 0.017592592592592594
0 0.03463541666666667 0.6689814814814815 0.06927083333333334 0.09722222222222222
0 0.2864583333333333 0.7875 0.08645833333333333 0.10462962962962963
