0 0.421875 0.7824074074074074 0.023958333333333335 0.053703703703703705
0 0.38567708333333334 0.7925925925925926 0.0296875 0.05740740740740741
0 0.36354166666666665 0.7467592592592592 0.028125 0.049074074074074076
0 0.4002604166666667 0.7393518518518518 0.022395833333333334 0.04537037037037037
0 0.4265625 0.7412037037037037 0.019791666666666666 0.03425925925925926
0 0.43515625 0.7087962962962963 0.019270833333333334 0.03981481481481482
0 0.40963541666666664 0.7078703703703704 0.019270833333333334 0.03425925925925926
0 0.4171875 0.6791666666666667 0.016666666666666666 0.032407407407407406
0 0.4401041666666667 0.6814814814814815 0.015625 0.022222222222222223
0 0.44244791666666666 0.662962962962963 0.013020833333333334 0.025925925925925925
0 0.42421875 0.6611111111111111 0.013020833333333334 0.024074074074074074
0 0.42682291666666666 0.6425925925925926 0.013020833333333334 0.018518518518518517
0 0.4466145833333333 0.6472222222222223 0.011979166666666667 0.018518518518518517
0 0.44765625 0.6314814814814815 0.011979166666666667 0.018518518518518517
0 0.43072916666666666 0.6300925925925925 0.013541666666666667 0.021296296296296296
0 0.4359375 0.6185185185185185 0.010416666666666666 0.018518518518518517
0 0.44192708333333336 0.6101851851851852 0.011979166666666667 0.016666666666666666
0 0.43072916666666666 0.5893518518518519 0.009375 0.01574074074074074
0 0.4427083333333333 0.5986111111111111 0.008333333333333333 0.010185185185185186
0 0.4453125 0.5902777777777778 0.008333333333333333 0.012037037037037037
0 0.446875 0.5805555555555556 0.007291666666666667 0.009259259259259259
0 0.44036458333333334 0.5694444444444444 0.0067708333333333336 0.011111111111111112
0 0.4510416666666667 0.5708333333333333 0.007291666666666667 0.010185185185185186
0 0.46119791666666665 0.5740740740740741 0.0067708333333333336 0.011111111111111112
0 0.44947916666666665 0.5625 0.00625 0.008333333333333333
0 0.45416666666666666 0.5569444444444445 0.005208333333333333 0.008333333333333333
0 0.4630208333333333 0.5560185185185185 0.00625 0.008333333333333333
0 0.45989583333333334 0.55 0.004166666666666667 0.009259259259259259
0 0.4544270833333333 0.5467592592592593 0.0046875 0.008333333333333333
0 0.45755208333333336 0.5398148148148149 0.0046875 0.007407407407407408
0 0.4505208333333333 0.5324074074074074 0.005208333333333333 0.005555555555555556
0 0.22395833333333334 0.6060185185185185 0.015625 0.017592592592592594
0 0.2109375 0.6055555555555555 0.01875 0.014814814814814815
0 0.19895833333333332 0.6037037037037037 0.016666666666666666 0.016666666666666666
0 0.18541666666666667 0.6027777777777777 0.017708333333333333 0.016666666666666666
0 0.17526041666666667 0.600925925925926 0.015104166666666667 0.014814814814814815
0 0.16432291666666668 0.6 0.016145833333333335 0.016666666666666666
0 0.15182291666666667 0.5990740740740741 0.016145833333333335 0.012962962962962963
0 0.140625 0.5972222222222222 0.015625 0.012962962962962963
