0 0.5075520833333333 0.8828703703703704 0.1140625 0.30277777777777776
0 0.6765625 0.5 0.06145833333333333 0.11296296296296296
0 0.5651041666666666 0.3050925925925926 0.03854166666666667 0.06759259259259259
0 0.5138020833333333 0.3365740740740741 0.0453125 0.0712962962962963
0 0.62265625 0.23333333333333334 0.05364583333333333 0.044444444444444446
0 0.5244791666666667 0.12407407407407407 0.020833333333333332 0.03888888888888889
0 0.5268229166666667 0.10555555555555556 0.0359375 0.027777777777777776
0 0.5440104166666667 0.08194444444444444 0.013020833333333334 0.025
0 0.5505208333333333 0.07546296296296297 0.0125 0.021296296296296296
0 0.5518229166666667 0.06666666666666667 0.013020833333333334 0.020370370370370372
