4 0.5986979166666667 1.3402777777777777 0.17760416666666667 0.09722222222222222
4 0.5854166666666667 1.177314814814815 0.140625 0.16203703703703703
4 0.60859375 1.0550925925925927 0.16927083333333334 0.14907407407407408
4 0.6182291666666667 0.9449074074074074 0.15104166666666666 0.13425925925925927
4 0.62578125 0.8291666666666667 0.1140625 0.10833333333333334
4 0.6169270833333333 0.6787037037037037 0.0984375 0.1111111111111111
4 0.634375 0.6296296296296297 0.10416666666666667 0.09074074074074075
4 0.6346354166666667 0.575462962962963 0.10885416666666667 0.08055555555555556
4 0.6330729166666667 0.5231481481481481 0.08489583333333334 0.07222222222222222
4 0.6447916666666667 0.4287037037037037 0.08020833333333334 0.05925925925925926
4 0.4161458333333333 0.37407407407407406 0.07604166666666666 0.05740740740740741
4 0.4856770833333333 0.2847222222222222 0.05260416666666667 0.05277777777777778
4 0.6515625 0.3958333333333333 0.07083333333333333 0.05092592592592592
4 0.64765625 0.37175925925925923 0.07760416666666667 0.05277777777777778
4 0.6466145833333333 0.3384259259259259 0.07239583333333334 0.06018518518518518
4 0.65625 0.3162037037037037 0.06875 0.05092592592592592
4 0.6580729166666667 0.29398148148148145 0.0671875 0.04351851851851852
4 0.6614583333333334 0.2675925925925926 0.06041666666666667 0.04259259259259259
4 0.6604166666666667 0.24953703703703703 0.06041666666666667 0.03981481481481482
4 0.6544270833333333 0.23703703703703705 0.058854166666666666 0.03333333333333333
4 0.66328125 0.21574074074074073 0.049479166666666664 0.040740740740740744
4 0.6611979166666667 0.20092592592592592 0.0546875 0.040740740740740744
4 0.65625 0.1712962962962963 0.05416666666666667 0.040740740740740744
4 0.6625 0.15694444444444444 0.04895833333333333 0.03611111111111111
4 0.6645833333333333 0.14629629629629629 0.04791666666666667 0.03518518518518519
4 0.6658854166666667 0.13055555555555556 0.043229166666666666 0.03148148148148148
4 0.6674479166666667 0.12407407407407407 0.0421875 0.027777777777777776
4 0.6614583333333334 0.11296296296296296 0.04895833333333333 0.03148148148148148
4 0.5661458333333333 0.08194444444444444 0.030208333333333334 0.032407407407407406
4 0.59765625 0.044444444444444446 0.034895833333333334 0.025925925925925925
4 0.6450520833333333 0.04583333333333333 0.03697916666666667 0.025
4 0.61328125 0.0375 0.018229166666666668 0.026851851851851852
4 0.6208333333333333 0.011111111111111112 0.03229166666666667 0.018518518518518517
4 0.9713541666666666 0.11851851851851852 0.029166666666666667 0.03518518518518519
4 0.8591145833333333 0.03888888888888889 0.019270833333333334 0.025925925925925925
