4 0.31171875 0.5314814814814814 0.0453125 0.05
4 0.43125 0.4898148148148148 0.04375 0.046296296296296294
4 0.42890625 0.4337962962962963 0.04114583333333333 0.03425925925925926
4 0.521875 0.48009259259259257 0.046875 0.03611111111111111
4 0.5950520833333334 0.43796296296296294 0.0453125 0.02962962962962963
4 0.6578125 0.4671296296296296 0.03854166666666667 0.030555555555555555
4 0.0859375 0.5768518518518518 0.057291666666666664 0.06481481481481481
4 0.023958333333333335 0.7050925925925926 0.04791666666666667 0.07685185185185185
4 0.12734375 0.4027777777777778 0.024479166666666666 0.04259259259259259
4 0.19557291666666668 0.3384259259259259 0.021354166666666667 0.03611111111111111
4 0.21901041666666668 0.300462962962963 0.030729166666666665 0.019444444444444445
4 0.15390625 0.2814814814814815 0.0171875 0.022222222222222223
4 0.13151041666666666 0.24953703703703703 0.0109375 0.021296296296296296
4 0.09921875 0.2125 0.013020833333333334 0.017592592592592594
4 0.05572916666666667 0.12916666666666668 0.008333333333333333 0.010185185185185186
