4 0.4671875 1.2486111111111111 0.065625 0.15648148148148147
4 0.5333333333333333 0.9125 0.03958333333333333 0.08796296296296297
4 0.5677083333333334 0.7412037037037037 0.026041666666666668 0.05092592592592592
4 0.6606770833333333 0.6787037037037037 0.021354166666666667 0.03518518518518519
4 0.6484375 0.4212962962962963 0.010416666666666666 0.014814814814814815
4 0.6354166666666666 0.4861111111111111 0.011458333333333333 0.012962962962962963
4 0.6231770833333333 0.49583333333333335 0.013020833333333334 0.032407407407407406
4 0.6125 0.524074074074074 0.007291666666666667 0.020370370370370372
4 0.6348958333333333 0.5472222222222223 0.010416666666666666 0.018518518518518517
4 0.6377604166666667 0.5643518518518519 0.013020833333333334 0.017592592592592594
4 0.665625 0.4337962962962963 0.007291666666666667 0.01574074074074074
4 0.653125 0.43425925925925923 0.007291666666666667 0.012962962962962963
4 0.68984375 0.45046296296296295 0.015104166666666667 0.012037037037037037
4 0.7072916666666667 0.4513888888888889 0.0125 0.01574074074074074
4 0.6703125 0.4162037037037037 0.007291666666666667 0.010185185185185186
4 0.6604166666666667 0.38425925925925924 0.00625 0.007407407407407408
4 0.7098958333333333 0.41805555555555557 0.013541666666666667 0.006481481481481481
4 0.05651041666666667 0.8462962962962963 0.0609375 0.044444444444444446
4 0.159375 0.7810185185185186 0.03333333333333333 0.041666666666666664
4 0.038802083333333334 1.0592592592592593 0.06614583333333333 0.08148148148148149
4 0.07291666666666667 1.026851851851852 0.065625 0.07037037037037037
4 0.11145833333333334 0.999537037037037 0.08229166666666667 0.0787037037037037
4 0.13854166666666667 0.9652777777777778 0.071875 0.07685185185185185
4 0.1984375 0.8935185185185185 0.06458333333333334 0.046296296296296294
4 0.027604166666666666 0.9282407407407407 0.052083333333333336 0.0824074074074074
4 0.24791666666666667 0.8226851851851852 0.06145833333333333 0.05092592592592592
4 0.26796875 0.8013888888888889 0.050520833333333334 0.041666666666666664
4 0.3026041666666667 0.7726851851851851 0.03958333333333333 0.03981481481481482
4 0.3177083333333333 0.7509259259259259 0.04479166666666667 0.03888888888888889
4 0.34765625 0.7134259259259259 0.043229166666666666 0.028703703703703703
4 0.3375 0.7282407407407407 0.03958333333333333 0.032407407407407406
4 0.3625 0.6921296296296297 0.04375 0.032407407407407406
4 0.37604166666666666 0.6777777777777778 0.040625 0.027777777777777776
4 0.38359375 0.6699074074074074 0.03697916666666667 0.026851851851851852
4 0.39348958333333334 0.6523148148148148 0.0328125 0.03425925925925926
