0 0.3033854166666667 0.7842592592592592 0.043229166666666666 0.053703703703703705
0 0.37526041666666665 0.649074074074074 0.034895833333333334 0.040740740740740744
0 0.5104166666666666 0.6083333333333333 0.017708333333333333 0.03148148148148148
0 0.4739583333333333 0.5268518518518519 0.025 0.022222222222222223
0 0.4786458333333333 0.5143518518518518 0.025 0.021296296296296296
0 0.48463541666666665 0.5064814814814815 0.0265625 0.020370370370370372
0 0.6122395833333333 0.4949074074074074 0.0203125 0.023148148148148147
0 0.5591145833333333 0.44074074074074077 0.022395833333333334 0.018518518518518517
0 0.5997395833333333 0.38935185185185184 0.015104166666666667 0.013888888888888888
0 0.6088541666666667 0.38101851851851853 0.017708333333333333 0.013888888888888888
0 0.62890625 0.36203703703703705 0.0140625 0.014814814814814815
0 0.6309895833333333 0.35462962962962963 0.013020833333333334 0.012962962962962963
0 0.6372395833333333 0.3421296296296296 0.013020833333333334 0.010185185185185186
0 0.6447916666666667 0.3300925925925926 0.013541666666666667 0.010185185185185186
0 0.6484375 0.3287037037037037 0.0125 0.009259259259259259
0 0.68671875 0.3490740740740741 0.0109375 0.012962962962962963
0 0.6861979166666666 0.3435185185185185 0.011979166666666667 0.012962962962962963
0 0.6893229166666667 0.3421296296296296 0.0109375 0.013888888888888888
0 0.6880208333333333 0.2712962962962963 0.007291666666666667 0.007407407407407408
0 0.7575520833333333 0.5226851851851851 0.0140625 0.023148148148148147
0 0.7455729166666667 0.2814814814814815 0.0078125 0.009259259259259259
0 0.7783854166666667 0.25972222222222224 0.0036458333333333334 0.006481481481481481
0 0.7700520833333333 0.2361111111111111 0.0046875 0.007407407407407408
0 0.7776041666666667 0.23287037037037037 0.003125 0.006481481481481481
0 0.7736979166666667 0.21851851851851853 0.0026041666666666665 0.005555555555555556
0 0.7776041666666667 0.20925925925925926 0.0020833333333333333 0.003703703703703704
0 0.775 0.20324074074074075 0.0020833333333333333 0.002777777777777778
0 0.7765625 0.2064814814814815 0.003125 0.003703703703703704
0 0.9484375 0.9254629629629629 0.035416666666666666 0.06574074074074074
0 0.8875 0.6513888888888889 0.03229166666666667 0.05092592592592592
0 0.88125 0.6268518518518519 0.023958333333333335 0.03518518518518519
0 0.8830729166666667 0.612037037037037 0.027604166666666666 0.037037037037037035
0 0.8671875 0.5597222222222222 0.03125 0.026851851851851852
0 0.8588541666666667 0.5273148148148148 0.023958333333333335 0.028703703703703703
0 0.8450520833333334 0.45046296296296295 0.022395833333333334 0.017592592592592594
0 0.8455729166666667 0.44537037037037036 0.022395833333333334 0.018518518518518517
0 0.8380208333333333 0.4046296296296296 0.009375 0.014814814814814815
0 0.8346354166666666 0.3907407407407407 0.015104166666666667 0.014814814814814815
0 0.8315104166666667 0.3851851851851852 0.016145833333333335 0.011111111111111112
0 0.8229166666666666 0.33564814814814814 0.011458333333333333 0.010185185185185186
0 0.8143229166666667 0.2865740740740741 0.0078125 0.008333333333333333
0 0.8143229166666667 0.2773148148148148 0.0067708333333333336 0.006481481481481481
0 0.82265625 0.2759259259259259 0.0046875 0.007407407407407408
0 0.8106770833333333 0.2351851851851852 0.0036458333333333334 0.005555555555555556
