4 0.055989583333333336 0.12638888888888888 0.008854166666666666 0.017592592592592594
4 0.11302083333333333 0.12314814814814815 0.008333333333333333 0.024074074074074074
4 0.14244791666666667 0.1162037037037037 0.0078125 0.023148148148148147
4 0.1578125 0.11712962962962963 0.007291666666666667 0.021296296296296296
4 0.18854166666666666 0.11203703703703703 0.008333333333333333 0.022222222222222223
4 0.22734375 0.12083333333333333 0.016145833333333335 0.01574074074074074
4 0.23854166666666668 0.14027777777777778 0.019791666666666666 0.013888888888888888
4 0.20442708333333334 0.10925925925925926 0.0078125 0.022222222222222223
4 0.2671875 0.009259259259259259 0.007291666666666667 0.018518518518518517
4 0.2669270833333333 0.02962962962962963 0.0067708333333333336 0.020370370370370372
4 0.2671875 0.04861111111111111 0.007291666666666667 0.021296296296296296
4 0.2677083333333333 0.07222222222222222 0.00625 0.022222222222222223
4 0.26953125 0.17037037037037037 0.0078125 0.022222222222222223
4 0.26979166666666665 0.19444444444444445 0.008333333333333333 0.024074074074074074
4 0.2703125 0.22175925925925927 0.008333333333333333 0.025
4 0.27005208333333336 0.2513888888888889 0.008854166666666666 0.021296296296296296
4 0.27291666666666664 0.30416666666666664 0.007291666666666667 0.026851851851851852
4 0.23125 0.3597222222222222 0.008333333333333333 0.028703703703703703
4 0.221875 0.36342592592592593 0.009375 0.026851851851851852
4 0.2125 0.3625 0.008333333333333333 0.025
4 0.23541666666666666 0.3402777777777778 0.015625 0.013888888888888888
4 0.23020833333333332 0.3148148148148148 0.008333333333333333 0.025925925925925925
4 0.22057291666666667 0.31574074074074077 0.008854166666666666 0.025925925925925925
4 0.2109375 0.3162037037037037 0.008333333333333333 0.028703703703703703
4 0.165625 0.3194444444444444 0.008333333333333333 0.025925925925925925
4 0.10677083333333333 0.2967592592592593 0.015625 0.021296296296296296
4 0.13723958333333333 0.32407407407407407 0.008854166666666666 0.027777777777777776
4 0.12838541666666667 0.32546296296296295 0.0078125 0.023148148148148147
4 0.12005208333333334 0.324537037037037 0.0078125 0.028703703703703703
4 0.10598958333333333 0.32731481481481484 0.0171875 0.012037037037037037
4 0.10625 0.34074074074074073 0.015625 0.012962962962962963
4 0.08385416666666666 0.29305555555555557 0.009375 0.026851851851851852
4 0.05390625 0.29768518518518516 0.0109375 0.026851851851851852
4 0.030989583333333334 0.3023148148148148 0.0109375 0.026851851851851852
4 0.02109375 0.30416666666666664 0.008854166666666666 0.025
4 0.00703125 0.3 0.0109375 0.025925925925925925
4 0.03229166666666667 0.5222222222222223 0.011458333333333333 0.03333333333333333
4 0.053125 0.5180555555555556 0.010416666666666666 0.028703703703703703
4 0.07291666666666667 0.5157407407407407 0.009375 0.027777777777777776
4 0.08229166666666667 0.5157407407407407 0.010416666666666666 0.03148148148148148
4 0.09296875 0.512962962962963 0.0109375 0.03148148148148148
4 0.12161458333333333 0.5009259259259259 0.009895833333333333 0.03148148148148148
4 0.12421875 0.5564814814814815 0.008854166666666666 0.03148148148148148
4 0.2877604166666667 0.5486111111111112 0.0078125 0.03425925925925926
4 0.29739583333333336 0.6578703703703703 0.008333333333333333 0.03796296296296296
4 0.17864583333333334 0.7263888888888889 0.021875 0.021296296296296296
4 0.17734375 0.7481481481481481 0.021354166666666667 0.016666666666666666
4 0.17760416666666667 0.7699074074074074 0.020833333333333332 0.021296296296296296
4 0.15442708333333333 0.7981481481481482 0.0203125 0.018518518518518517
4 0.15546875 0.7768518518518519 0.022395833333333334 0.020370370370370372
4 0.15442708333333333 0.7527777777777778 0.021354166666666667 0.018518518518518517
4 0.10572916666666667 0.7625 0.022916666666666665 0.019444444444444445
4 0.10442708333333334 0.8055555555555556 0.0234375 0.020370370370370372
4 0.08072916666666667 0.812962962962963 0.022916666666666665 0.020370370370370372
4 0.009895833333333333 0.8240740740740741 0.019791666666666666 0.018518518518518517
4 0.08020833333333334 0.925 0.013541666666666667 0.044444444444444446
4 0.1296875 0.9236111111111112 0.0125 0.04722222222222222
4 0.15677083333333333 0.9069444444444444 0.011458333333333333 0.041666666666666664
4 0.36875 0.009722222222222222 0.014583333333333334 0.013888888888888888
4 0.39609375 0.011111111111111112 0.015104166666666667 0.012962962962962963
4 0.39765625 0.019444444444444445 0.015104166666666667 0.016666666666666666
4 0.5158854166666667 0.8305555555555556 0.024479166666666666 0.020370370370370372
4 0.5205729166666667 0.8592592592592593 0.019270833333333334 0.018518518518518517
4 0.5466145833333333 0.8560185185185185 0.022395833333333334 0.019444444444444445
4 0.5755208333333334 0.8527777777777777 0.023958333333333335 0.016666666666666666
4 0.6046875 0.8495370370370371 0.022916666666666665 0.017592592592592594
4 0.4830729166666667 0.9333333333333333 0.011979166666666667 0.044444444444444446
4 0.4942708333333333 0.9347222222222222 0.013541666666666667 0.049074074074074076
4 0.5161458333333333 0.9300925925925926 0.013541666666666667 0.049074074074074076
4 0.5294270833333333 0.9273148148148148 0.0140625 0.04722222222222222
4 0.540625 0.9277777777777778 0.0125 0.04814814814814815
4 0.5864583333333333 0.9189814814814815 0.014583333333333334 0.04351851851851852
4 0.5981770833333333 0.9166666666666666 0.016145833333333335 0.046296296296296294
4 0.6114583333333333 0.9171296296296296 0.015625 0.04537037037037037
4 0.6346354166666667 0.9148148148148149 0.0140625 0.046296296296296294
4 0.684375 0.9518518518518518 0.017708333333333333 0.040740740740740744
4 0.7203125 0.8337962962962963 0.013541666666666667 0.019444444444444445
