0 0.48125 0.9050925925925926 0.028125 0.09722222222222222
0 0.3885416666666667 0.3282407407407407 0.010416666666666666 0.017592592592592594
0 0.371875 0.19444444444444445 0.005208333333333333 0.007407407407407408
0 0.4591145833333333 0.19953703703703704 0.0078125 0.008333333333333333
0 0.4674479166666667 0.19768518518518519 0.0078125 0.010185185185185186
0 0.48411458333333335 0.24351851851851852 0.016145833333333335 0.011111111111111112
0 0.4869791666666667 0.2851851851851852 0.010416666666666666 0.02962962962962963
0 0.4635416666666667 0.28379629629629627 0.016666666666666666 0.013888888888888888
0 0.46015625 0.26157407407407407 0.016145833333333335 0.013888888888888888
0 0.3502604166666667 0.13240740740740742 0.0036458333333333334 0.005555555555555556
0 0.3458333333333333 0.1175925925925926 0.003125 0.005555555555555556
0 0.5723958333333333 0.3768518518518518 0.019791666666666666 0.014814814814814815
0 0.5109375 0.29907407407407405 0.009375 0.018518518518518517
0 0.3265625 0.17685185185185184 0.0010416666666666667 0.007407407407407408
0 0.32864583333333336 0.17731481481481481 0.0020833333333333333 0.006481481481481481
