0 0.3421875 0.39166666666666666 0.025 0.044444444444444446
0 0.3424479166666667 0.3472222222222222 0.022395833333333334 0.040740740740740744
0 0.35052083333333334 0.31712962962962965 0.017708333333333333 0.030555555555555555
0 0.35390625 0.29398148148148145 0.016145833333333335 0.026851851851851852
0 0.35989583333333336 0.2722222222222222 0.015625 0.025925925925925925
0 0.36223958333333334 0.26157407407407407 0.013020833333333334 0.026851851851851852
0 0.6557291666666667 0.5449074074074074 0.10520833333333333 0.07314814814814814
0 0.70546875 0.38425925925925924 0.04739583333333333 0.05
0 0.6924479166666667 0.3773148148148148 0.05260416666666667 0.041666666666666664
0 0.6768229166666667 0.36157407407407405 0.06197916666666667 0.04537037037037037
0 0.6481770833333333 0.3402777777777778 0.04635416666666667 0.030555555555555555
0 0.6408854166666667 0.3300925925925926 0.044270833333333336 0.032407407407407406
0 0.6286458333333333 0.3189814814814815 0.04791666666666667 0.030555555555555555
0 0.61484375 0.30972222222222223 0.04114583333333333 0.025
0 0.6098958333333333 0.300462962962963 0.03854166666666667 0.025
0 0.5510416666666667 0.325 0.029166666666666667 0.03518518518518519
0 0.39114583333333336 0.17314814814814813 0.005208333333333333 0.009259259259259259
0 0.3921875 0.17083333333333334 0.004166666666666667 0.008333333333333333
0 0.3927083333333333 0.16898148148148148 0.005208333333333333 0.008333333333333333
0 0.39817708333333335 0.175 0.005729166666666666 0.007407407407407408
0 0.3919270833333333 0.14953703703703702 0.0026041666666666665 0.004629629629629629
0 0.3921875 0.1597222222222222 0.004166666666666667 0.004629629629629629
0 0.38671875 0.16064814814814815 0.0036458333333333334 0.004629629629629629
0 0.3888020833333333 0.15833333333333333 0.0026041666666666665 0.005555555555555556
0 0.40625 0.18101851851851852 0.005208333333333333 0.008333333333333333
0 0.41510416666666666 0.18055555555555555 0.004166666666666667 0.007407407407407408
0 0.4114583333333333 0.20324074074074075 0.008333333333333333 0.012037037037037037
0 0.3890625 0.1537037037037037 0.003125 0.003703703703703704
0 0.3809895833333333 0.16157407407407406 0.0036458333333333334 0.004629629629629629
0 0.38307291666666665 0.1587962962962963 0.0036458333333333334 0.004629629629629629
0 0.3848958333333333 0.15648148148148147 0.004166666666666667 0.005555555555555556
0 0.3854166666666667 0.15324074074074073 0.003125 0.006481481481481481
0 0.3692708333333333 0.16296296296296298 0.003125 0.005555555555555556
0 0.36015625 0.1699074074074074 0.0078125 0.006481481481481481
0 0.3645833333333333 0.1638888888888889 0.003125 0.005555555555555556
0 0.36223958333333334 0.1648148148148148 0.0026041666666666665 0.007407407407407408
0 0.35885416666666664 0.1648148148148148 0.004166666666666667 0.005555555555555556
0 0.35104166666666664 0.18194444444444444 0.005208333333333333 0.008333333333333333
0 0.34140625 0.18935185185185185 0.0046875 0.008333333333333333
0 0.33880208333333334 0.1925925925925926 0.005729166666666666 0.009259259259259259
0 0.3359375 0.19537037037037036 0.005208333333333333 0.009259259259259259
0 0.3338541666666667 0.1986111111111111 0.00625 0.010185185185185186
0 0.33098958333333334 0.20277777777777778 0.0067708333333333336 0.011111111111111112
0 0.32369791666666664 0.20972222222222223 0.008854166666666666 0.013888888888888888
0 0.3184895833333333 0.2162037037037037 0.0078125 0.013888888888888888
0 0.31744791666666666 0.20601851851851852 0.016145833333333335 0.013888888888888888
0 0.30390625 0.21296296296296297 0.009895833333333333 0.014814814814814815
0 0.025520833333333333 0.4060185185185185 0.051041666666666666 0.04351851851851852
0 0.04921875 0.39351851851851855 0.059895833333333336 0.037037037037037035
0 0.06796875 0.37592592592592594 0.05364583333333333 0.037037037037037035
0 0.08229166666666667 0.3638888888888889 0.04895833333333333 0.037037037037037035
0 0.09947916666666666 0.35648148148148145 0.04791666666666667 0.03148148148148148
0 0.1125 0.3449074074074074 0.04583333333333333 0.030555555555555555
0 0.12786458333333334 0.3347222222222222 0.03697916666666667 0.030555555555555555
0 0.13359375 0.32592592592592595 0.033854166666666664 0.024074074074074074
0 0.13984375 0.31805555555555554 0.0296875 0.019444444444444445
0 0.15416666666666667 0.3074074074074074 0.03958333333333333 0.02962962962962963
0 0.16432291666666668 0.30324074074074076 0.0328125 0.025
0 0.1875 0.2824074074074074 0.03125 0.020370370370370372
0 0.19765625 0.2773148148148148 0.03177083333333333 0.019444444444444445
0 0.20807291666666666 0.2652777777777778 0.0234375 0.017592592592592594
0 0.21354166666666666 0.2611111111111111 0.022916666666666665 0.018518518518518517
