0 0.30807291666666664 0.04722222222222222 0.0109375 0.022222222222222223
0 0.25234375 0.24212962962962964 0.021354166666666667 0.026851851851851852
0 0.28619791666666666 0.26990740740740743 0.0203125 0.028703703703703703
0 0.2677083333333333 0.28564814814814815 0.019791666666666666 0.026851851851851852
0 0.32395833333333335 0.3074074074074074 0.020833333333333332 0.027777777777777776
0 0.2265625 0.22037037037037038 0.021875 0.024074074074074074
0 0.19895833333333332 0.22037037037037038 0.017708333333333333 0.024074074074074074
0 0.3888020833333333 0.40694444444444444 0.024479166666666666 0.03425925925925926
0 0.3515625 0.007407407407407408 0.010416666666666666 0.014814814814814815
0 0.2755208333333333 0.16527777777777777 0.0125 0.028703703703703703
0 0.415625 0.674537037037037 0.013541666666666667 0.049074074074074076
0 0.45598958333333334 0.5273148148148148 0.0203125 0.049074074074074076
0 0.4515625 0.45555555555555555 0.023958333333333335 0.04259259259259259
0 0.47942708333333334 0.7083333333333334 0.013020833333333334 0.040740740740740744
0 0.5752604166666667 0.3814814814814815 0.0171875 0.040740740740740744
0 0.5268229166666667 0.2796296296296296 0.008854166666666666 0.037037037037037035
0 0.5234375 0.35 0.010416666666666666 0.040740740740740744
0 0.5223958333333333 0.39814814814814814 0.0125 0.040740740740740744
0 0.4947916666666667 0.29074074074074074 0.010416666666666666 0.03888888888888889
0 0.48984375 0.35185185185185186 0.011979166666666667 0.03888888888888889
0 0.51015625 0.2740740740740741 0.0109375 0.03333333333333333
0 0.51328125 0.14027777777777778 0.0078125 0.026851851851851852
0 0.5130208333333334 0.16898148148148148 0.008333333333333333 0.026851851851851852
