0 0.43333333333333335 0.8402777777777778 0.0625 0.14537037037037037
0 0.5119791666666667 0.7532407407407408 0.052083333333333336 0.13055555555555556
0 0.49192708333333335 0.6351851851851852 0.044270833333333336 0.08518518518518518
0 0.696875 0.7152777777777778 0.046875 0.11018518518518519
0 0.696875 0.5694444444444444 0.03958333333333333 0.07407407407407407
0 0.5479166666666667 0.4083333333333333 0.030208333333333334 0.04814814814814815
0 0.5611979166666666 0.3675925925925926 0.0234375 0.040740740740740744
0 0.56796875 0.32037037037037036 0.021354166666666667 0.04259259259259259
0 0.5768229166666666 0.29305555555555557 0.018229166666666668 0.03611111111111111
0 0.5875 0.2652777777777778 0.022916666666666665 0.026851851851851852
0 0.5888020833333333 0.23703703703703705 0.021354166666666667 0.02962962962962963
0 0.59140625 0.21574074074074073 0.015104166666666667 0.022222222222222223
0 0.5989583333333334 0.19722222222222222 0.014583333333333334 0.03148148148148148
0 0.5940104166666667 0.1648148148148148 0.033854166666666664 0.022222222222222223
0 0.6088541666666667 0.14907407407407408 0.013541666666666667 0.018518518518518517
0 0.61171875 0.1337962962962963 0.0109375 0.017592592592592594
0 0.6138020833333333 0.12453703703703704 0.0109375 0.01574074074074074
0 0.61640625 0.1175925925925926 0.009895833333333333 0.016666666666666666
0 0.5986979166666667 0.11064814814814815 0.0109375 0.017592592592592594
0 0.6177083333333333 0.10046296296296296 0.019791666666666666 0.017592592592592594
0 0.62578125 0.08981481481481482 0.011979166666666667 0.016666666666666666
0 0.62578125 0.0824074074074074 0.013020833333333334 0.012962962962962963
0 0.6283854166666667 0.06851851851851852 0.013020833333333334 0.012962962962962963
0 0.6190104166666667 0.06157407407407407 0.011979166666666667 0.010185185185185186
0 0.6252604166666667 0.06018518518518518 0.0067708333333333336 0.011111111111111112
0 0.6239583333333333 0.05324074074074074 0.008333333333333333 0.010185185185185186
0 0.6234375 0.04814814814814815 0.007291666666666667 0.009259259259259259
0 0.6236979166666666 0.044444444444444446 0.0067708333333333336 0.012962962962962963
0 0.6223958333333334 0.03981481481481482 0.007291666666666667 0.012962962962962963
0 0.6244791666666667 0.03287037037037037 0.009375 0.013888888888888888
0 0.61796875 0.027314814814814816 0.0078125 0.013888888888888888
0 0.6140625 0.05185185185185185 0.00625 0.014814814814814815
0 0.62890625 0.00787037037037037 0.008854166666666666 0.013888888888888888
0 0.6440104166666667 0.016666666666666666 0.0078125 0.009259259259259259
0 0.6458333333333334 0.022222222222222223 0.008333333333333333 0.007407407407407408
0 0.67265625 0.05185185185185185 0.0067708333333333336 0.011111111111111112
0 0.6669270833333333 0.05 0.0067708333333333336 0.011111111111111112
0 0.6653645833333334 0.04490740740740741 0.009895833333333333 0.010185185185185186
0 0.6627604166666666 0.03981481481481482 0.005729166666666666 0.009259259259259259
0 0.6604166666666667 0.03657407407407407 0.007291666666666667 0.008333333333333333
0 0.6578125 0.03425925925925926 0.008333333333333333 0.009259259259259259
0 0.6559895833333333 0.02962962962962963 0.0078125 0.009259259259259259
0 0.653125 0.027314814814814816 0.00625 0.010185185185185186
0 0.6690104166666667 0.06296296296296296 0.016145833333333335 0.011111111111111112
0 0.67265625 0.07314814814814814 0.018229166666666668 0.012962962962962963
0 0.6739583333333333 0.0837962962962963 0.021875 0.01574074074074074
0 0.6731770833333334 0.08657407407407407 0.022395833333333334 0.017592592592592594
0 0.6747395833333333 0.09398148148148149 0.0234375 0.017592592592592594
0 0.6783854166666666 0.10277777777777777 0.024479166666666666 0.020370370370370372
0 0.67734375 0.1087962962962963 0.021354166666666667 0.019444444444444445
0 0.6765625 0.11157407407407408 0.022916666666666665 0.01574074074074074
0 0.6778645833333333 0.12962962962962962 0.021354166666666667 0.018518518518518517
0 0.6802083333333333 0.1361111111111111 0.028125 0.020370370370370372
0 0.6783854166666666 0.14351851851851852 0.027604166666666666 0.018518518518518517
0 0.67890625 0.15416666666666667 0.027604166666666666 0.021296296296296296
0 0.6783854166666666 0.15 0.028645833333333332 0.020370370370370372
0 0.67890625 0.16944444444444445 0.03177083333333333 0.018518518518518517
0 0.68828125 0.17731481481481481 0.028645833333333332 0.021296296296296296
0 0.684375 0.19027777777777777 0.03333333333333333 0.025
0 0.6744791666666666 0.19675925925925927 0.03125 0.017592592592592594
0 0.6776041666666667 0.20833333333333334 0.029166666666666667 0.018518518518518517
0 0.6815104166666667 0.22175925925925927 0.030729166666666665 0.019444444444444445
0 0.6796875 0.23703703703703705 0.030208333333333334 0.022222222222222223
0 0.6825520833333333 0.24583333333333332 0.03697916666666667 0.026851851851851852
0 0.6796875 0.25833333333333336 0.03958333333333333 0.020370370370370372
0 0.6817708333333333 0.27175925925925926 0.042708333333333334 0.026851851851851852
0 0.6841145833333333 0.28564814814814815 0.0390625 0.032407407407407406
0 0.6864583333333333 0.3050925925925926 0.03333333333333333 0.026851851851851852
0 0.6877604166666667 0.3287037037037037 0.03802083333333333 0.03148148148148148
0 0.6856770833333333 0.3537037037037037 0.03802083333333333 0.03518518518518519
0 0.6893229166666667 0.4375 0.0515625 0.04537037037037037
