0 0.16927083333333334 0.5175925925925926 0.028125 0.025925925925925925
0 0.19817708333333334 0.4476851851851852 0.025520833333333333 0.021296296296296296
0 0.20286458333333332 0.4305555555555556 0.0265625 0.016666666666666666
0 0.20833333333333334 0.41388888888888886 0.029166666666666667 0.022222222222222223
0 0.20520833333333333 0.3958333333333333 0.023958333333333335 0.017592592592592594
0 0.21276041666666667 0.38425925925925924 0.022395833333333334 0.014814814814814815
0 0.23333333333333334 0.3106481481481482 0.01875 0.017592592592592594
0 0.22369791666666666 0.26666666666666666 0.009895833333333333 0.014814814814814815
0 0.353125 0.549074074074074 0.013541666666666667 0.040740740740740744
0 0.40859375 0.3199074074074074 0.008854166666666666 0.019444444444444445
0 0.396875 0.27824074074074073 0.008333333333333333 0.01574074074074074
0 0.39869791666666665 0.26666666666666666 0.0140625 0.014814814814814815
0 0.4036458333333333 0.17777777777777778 0.011458333333333333 0.011111111111111112
0 0.40390625 0.17453703703703705 0.009895833333333333 0.010185185185185186
0 0.42109375 0.15555555555555556 0.009895833333333333 0.009259259259259259
0 0.4192708333333333 0.15138888888888888 0.011458333333333333 0.008333333333333333
0 0.41848958333333336 0.14907407407407408 0.0109375 0.009259259259259259
0 0.41458333333333336 0.1310185185185185 0.009375 0.008333333333333333
0 0.41328125 0.1259259259259259 0.009895833333333333 0.009259259259259259
0 0.40963541666666664 0.1162037037037037 0.009895833333333333 0.008333333333333333
0 0.41380208333333335 0.1337962962962963 0.008854166666666666 0.008333333333333333
0 0.42630208333333336 0.11990740740740741 0.0046875 0.008333333333333333
0 0.43333333333333335 0.1388888888888889 0.004166666666666667 0.009259259259259259
0 0.42213541666666665 0.10740740740740741 0.0046875 0.007407407407407408
0 0.39427083333333335 0.06620370370370371 0.00625 0.006481481481481481
0 0.3932291666666667 0.062037037037037036 0.00625 0.007407407407407408
0 0.3703125 0.15138888888888888 0.00625 0.010185185185185186
0 0.34453125 0.0699074074074074 0.0026041666666666665 0.006481481481481481
0 0.4627604166666667 0.5824074074074074 0.0234375 0.025925925925925925
