0 0.22447916666666667 0.010185185185185186 0.011458333333333333 0.020370370370370372
0 0.06380208333333333 0.3902777777777778 0.030729166666666665 0.05092592592592592
0 0.13776041666666666 0.2611111111111111 0.0296875 0.05
0 0.175 0.19537037037037036 0.028125 0.05
0 0.1296875 0.21898148148148147 0.028125 0.041666666666666664
0 0.20703125 0.13796296296296295 0.0171875 0.04259259259259259
0 0.20989583333333334 0.10092592592592593 0.0125 0.03518518518518519
0 0.20911458333333333 0.06944444444444445 0.013020833333333334 0.037037037037037035
0 0.25286458333333334 0.10324074074074074 0.015104166666666667 0.041666666666666664
0 0.26119791666666664 0.18194444444444444 0.015104166666666667 0.04537037037037037
0 0.2671875 0.3287037037037037 0.016666666666666666 0.05555555555555555
0 0.26953125 0.48148148148148145 0.016145833333333335 0.06296296296296296
0 0.384375 0.8694444444444445 0.028125 0.11666666666666667
0 0.34661458333333334 0.32314814814814813 0.0171875 0.053703703703703705
0 0.3359375 0.2212962962962963 0.016666666666666666 0.04259259259259259
0 0.33229166666666665 0.18055555555555555 0.01875 0.03888888888888889
0 0.4752604166666667 0.07268518518518519 0.0296875 0.023148148148148147
0 0.4765625 0.09074074074074075 0.028125 0.020370370370370372
0 0.5138020833333333 0.08518518518518518 0.028645833333333332 0.024074074074074074
0 0.5119791666666667 0.1037037037037037 0.030208333333333334 0.027777777777777776
0 0.5125 0.12037037037037036 0.03125 0.025925925925925925
0 0.17630208333333333 0.2824074074074074 0.0328125 0.05185185185185185
