0 0.3645833333333333 0.8037037037037037 0.04791666666666667 0.12222222222222222
0 0.225 0.8800925925925925 0.058333333333333334 0.14351851851851852
0 0.21640625 0.5300925925925926 0.05364583333333333 0.05462962962962963
0 0.21875 0.4601851851851852 0.05520833333333333 0.07037037037037037
0 0.24661458333333333 0.41805555555555557 0.0546875 0.075
0 0.26614583333333336 0.35833333333333334 0.052083333333333336 0.05925925925925926
0 0.2747395833333333 0.325 0.0546875 0.06296296296296296
0 0.32838541666666665 0.4398148148148148 0.0421875 0.08148148148148149
0 0.321875 0.16898148148148148 0.035416666666666666 0.06574074074074074
0 0.34791666666666665 0.11527777777777778 0.03125 0.05462962962962963
0 0.44895833333333335 0.4287037037037037 0.041666666666666664 0.10555555555555556
0 0.6427083333333333 0.7347222222222223 0.06770833333333333 0.08611111111111111
0 0.6765625 0.3541666666666667 0.05416666666666667 0.06574074074074074
0 0.6838541666666667 0.28703703703703703 0.04895833333333333 0.053703703703703705
0 0.6830729166666667 0.2564814814814815 0.05572916666666667 0.05555555555555555
0 0.6919270833333333 0.19722222222222222 0.05364583333333333 0.05
0 0.6963541666666667 0.1685185185185185 0.04895833333333333 0.04814814814814815
0 0.6981770833333333 0.11435185185185186 0.04010416666666667 0.04351851851851852
0 0.70390625 0.07083333333333333 0.0453125 0.04351851851851852
0 0.14010416666666667 0.7287037037037037 0.07291666666666667 0.08333333333333333
0 0.14036458333333332 0.6550925925925926 0.06927083333333334 0.08796296296296297
