4 0.3848958333333333 0.9287037037037037 0.04479166666666667 0.07962962962962963
4 0.43411458333333336 0.9550925925925926 0.0390625 0.03425925925925926
4 0.5799479166666667 0.850462962962963 0.0453125 0.08796296296296297
4 0.64765625 0.65 0.04739583333333333 0.08148148148148149
4 0.6635416666666667 0.6768518518518518 0.046875 0.08148148148148149
4 0.68125 0.3962962962962963 0.058333333333333334 0.07407407407407407
4 0.6283854166666667 0.18518518518518517 0.0484375 0.07037037037037037
4 0.30364583333333334 0.4356481481481482 0.026041666666666668 0.09351851851851851
4 0.13385416666666666 0.12824074074074074 0.028125 0.06759259259259259
4 0.5723958333333333 0.9518518518518518 0.036458333333333336 0.040740740740740744
