4 0.09817708333333333 0.7944444444444444 0.05364583333333333 0.1
4 0.20963541666666666 0.7532407407407408 0.058854166666666666 0.09351851851851851
4 0.24296875 0.6148148148148148 0.04739583333333333 0.07962962962962963
4 0.17994791666666668 0.5217592592592593 0.0453125 0.06574074074074074
4 0.09453125 0.6546296296296297 0.049479166666666664 0.08333333333333333
4 0.02109375 0.5101851851851852 0.0421875 0.06481481481481481
4 0.0765625 0.5180555555555556 0.03958333333333333 0.06574074074074074
4 0.02421875 0.42268518518518516 0.03697916666666667 0.05462962962962963
4 0.63984375 0.23055555555555557 0.025520833333333333 0.046296296296296294
4 0.7013020833333333 0.17314814814814813 0.0328125 0.02962962962962963
