0 0.13619791666666667 0.6884259259259259 0.04635416666666667 0.04722222222222222
0 0.13958333333333334 0.612037037037037 0.046875 0.040740740740740744
0 0.146875 0.575925925925926 0.041666666666666664 0.046296296296296294
0 0.15572916666666667 0.5393518518518519 0.041666666666666664 0.041666666666666664
0 0.16875 0.512962962962963 0.040625 0.044444444444444446
0 0.17994791666666668 0.47314814814814815 0.0421875 0.03888888888888889
0 0.18776041666666668 0.43842592592592594 0.03802083333333333 0.03796296296296296
0 0.19270833333333334 0.4046296296296296 0.0375 0.037037037037037035
0 0.19947916666666668 0.3773148148148148 0.03229166666666667 0.032407407407407406
0 0.20494791666666667 0.35138888888888886 0.03697916666666667 0.03796296296296296
0 0.21458333333333332 0.3337962962962963 0.035416666666666666 0.03611111111111111
0 0.24635416666666668 0.29583333333333334 0.030208333333333334 0.03981481481481482
0 0.22135416666666666 0.30925925925925923 0.034375 0.03888888888888889
0 0.24895833333333334 0.2740740740740741 0.034375 0.02962962962962963
0 0.25286458333333334 0.25462962962962965 0.0328125 0.02962962962962963
0 0.24270833333333333 0.34305555555555556 0.021875 0.049074074074074076
0 0.20520833333333333 0.49722222222222223 0.027083333333333334 0.06851851851851852
0 0.22786458333333334 0.3958333333333333 0.0234375 0.062037037037037036
0 0.3684895833333333 0.2759259259259259 0.022395833333333334 0.05925925925925926
0 0.38776041666666666 0.2833333333333333 0.019270833333333334 0.05185185185185185
0 0.44244791666666666 0.1865740740740741 0.0265625 0.049074074074074076
0 0.46536458333333336 0.24166666666666667 0.030729166666666665 0.05
0 0.46015625 0.17175925925925925 0.021354166666666667 0.04351851851851852
0 0.49557291666666664 0.1875 0.027604166666666666 0.049074074074074076
0 0.49114583333333334 0.2263888888888889 0.023958333333333335 0.04722222222222222
0 0.5416666666666666 0.36157407407407405 0.03333333333333333 0.06574074074074074
0 0.5770833333333333 0.41805555555555557 0.034375 0.06574074074074074
0 0.61328125 0.48333333333333334 0.0359375 0.06666666666666667
0 0.6015625 0.35648148148148145 0.036458333333333336 0.07037037037037037
0 0.7091145833333333 0.5337962962962963 0.03697916666666667 0.08055555555555556
0 0.7161458333333334 0.5967592592592592 0.026041666666666668 0.06018518518518518
