4 0.22369791666666666 0.4685185185185185 0.0328125 0.02962962962962963
4 0.45807291666666666 0.487962962962963 0.0328125 0.03148148148148148
4 0.5328125 0.48564814814814816 0.03125 0.028703703703703703
4 0.45859375 0.4722222222222222 0.027604166666666666 0.024074074074074074
4 0.4744791666666667 0.4486111111111111 0.030208333333333334 0.030555555555555555
4 0.48385416666666664 0.4337962962962963 0.028125 0.023148148148148147
4 0.4901041666666667 0.425 0.030208333333333334 0.020370370370370372
4 0.49635416666666665 0.40555555555555556 0.023958333333333335 0.022222222222222223
4 0.5036458333333333 0.3958333333333333 0.023958333333333335 0.019444444444444445
4 0.5122395833333333 0.3814814814814815 0.024479166666666666 0.022222222222222223
4 0.6861979166666666 0.26805555555555555 0.009895833333333333 0.01574074074074074
4 0.6200520833333333 0.2962962962962963 0.0203125 0.014814814814814815
4 0.6260416666666667 0.2861111111111111 0.020833333333333332 0.020370370370370372
4 0.6265625 0.27685185185185185 0.017708333333333333 0.014814814814814815
4 0.6309895833333333 0.2675925925925926 0.022395833333333334 0.018518518518518517
4 0.6341145833333334 0.2601851851851852 0.018229166666666668 0.014814814814814815
4 0.63515625 0.25324074074074077 0.019270833333333334 0.013888888888888888
4 0.65546875 0.26481481481481484 0.0203125 0.014814814814814815
4 0.55390625 0.29583333333333334 0.021354166666666667 0.01574074074074074
4 0.6565104166666667 0.2587962962962963 0.019270833333333334 0.017592592592592594
4 0.65703125 0.2518518518518518 0.019270833333333334 0.011111111111111112
4 0.6580729166666667 0.24768518518518517 0.019270833333333334 0.013888888888888888
4 0.6635416666666667 0.22685185185185186 0.008333333333333333 0.012962962962962963
4 0.68515625 0.22824074074074074 0.0078125 0.01574074074074074
4 0.6950520833333333 0.2300925925925926 0.008854166666666666 0.013888888888888888
4 0.63046875 0.19074074074074074 0.0078125 0.014814814814814815
4 0.64609375 0.20324074074074075 0.016145833333333335 0.010185185185185186
4 0.6489583333333333 0.2 0.013541666666666667 0.011111111111111112
4 0.646875 0.19490740740740742 0.013541666666666667 0.010185185185185186
