0 0.44244791666666666 0.08564814814814815 0.008854166666666666 0.026851851851851852
0 0.43776041666666665 0.12638888888888888 0.0109375 0.026851851851851852
0 0.5768229166666666 0.022685185185185187 0.009895833333333333 0.019444444444444445
0 0.5783854166666667 0.03935185185185185 0.008854166666666666 0.017592592592592594
0 0.5802083333333333 0.05462962962962963 0.010416666666666666 0.018518518518518517
0 0.5815104166666667 0.0712962962962963 0.0109375 0.024074074074074074
0 0.584375 0.0912037037037037 0.009375 0.025
0 0.5861979166666667 0.11388888888888889 0.011979166666666667 0.024074074074074074
0 0.5893229166666667 0.13194444444444445 0.013020833333333334 0.021296296296296296
0 0.5932291666666667 0.15092592592592594 0.013541666666666667 0.022222222222222223
0 0.6653645833333334 0.15555555555555556 0.024479166666666666 0.018518518518518517
0 0.6661458333333333 0.18564814814814815 0.025 0.021296296296296296
0 0.6908854166666667 0.1875 0.0234375 0.019444444444444445
0 0.6776041666666667 0.20694444444444443 0.025 0.021296296296296296
0 0.53671875 0.18425925925925926 0.0109375 0.027777777777777776
0 0.5981770833333333 0.2490740740740741 0.025520833333333333 0.027777777777777776
0 0.56953125 0.29398148148148145 0.0140625 0.026851851851851852
0 0.5684895833333333 0.36435185185185187 0.016145833333333335 0.03981481481481482
0 0.5752604166666667 0.43657407407407406 0.0171875 0.04351851851851852
0 0.634375 0.5634259259259259 0.01875 0.05092592592592592
0 0.6401041666666667 0.6162037037037037 0.017708333333333333 0.04537037037037037
0 0.6325520833333333 0.6888888888888889 0.021354166666666667 0.06296296296296296
0 0.7739583333333333 0.6546296296296297 0.029166666666666667 0.05185185185185185
0 0.7604166666666666 0.7527777777777778 0.029166666666666667 0.06666666666666667
0 0.828125 0.6513888888888889 0.025 0.04722222222222222
0 0.66328125 0.8185185185185185 0.021354166666666667 0.05185185185185185
0 0.6708333333333333 0.9023148148148148 0.025 0.06944444444444445
0 0.6817708333333333 1.0064814814814815 0.029166666666666667 0.08333333333333333
0 0.7015625 1.1300925925925926 0.03229166666666667 0.0824074074074074
0 0.7419270833333333 1.3652777777777778 0.03177083333333333 0.04722222222222222
0 0.4796875 0.32731481481481484 0.016666666666666666 0.04537037037037037
0 0.48151041666666666 0.44305555555555554 0.016145833333333335 0.05092592592592592
0 0.41510416666666666 0.3814814814814815 0.013541666666666667 0.03518518518518519
0 0.4122395833333333 0.4199074074074074 0.0140625 0.03981481481481482
0 0.40703125 0.4837962962962963 0.015104166666666667 0.04537037037037037
0 0.40390625 0.5254629629629629 0.018229166666666668 0.049074074074074076
0 0.39609375 0.6032407407407407 0.018229166666666668 0.05648148148148148
0 0.3609375 1.0148148148148148 0.026041666666666668 0.09074074074074075
0 0.35234375 1.1226851851851851 0.0296875 0.09351851851851851
0 0.4596354166666667 1.3305555555555555 0.025520833333333333 0.11666666666666667
0 0.46796875 1.0203703703703704 0.022395833333333334 0.09814814814814815
0 0.5028645833333333 1.1037037037037036 0.025520833333333333 0.11481481481481481
0 0.08385416666666666 0.7356481481481482 0.04583333333333333 0.041666666666666664
0 0.09609375 0.6939814814814815 0.044270833333333336 0.041666666666666664
