0 0.28958333333333336 0.9574074074074074 0.0375 0.02962962962962963
0 0.28151041666666665 0.9287037037037037 0.030729166666666665 0.03888888888888889
0 0.4083333333333333 0.7958333333333333 0.01875 0.075
0 0.4705729166666667 0.7675925925925926 0.030729166666666665 0.09259259259259259
0 0.40260416666666665 0.5990740740740741 0.01875 0.06481481481481481
0 0.434375 0.5995370370370371 0.025 0.06944444444444445
0 0.4125 0.4722222222222222 0.022916666666666665 0.06481481481481481
0 0.3609375 0.3337962962962963 0.023958333333333335 0.06574074074074074
0 0.3807291666666667 0.27037037037037037 0.020833333333333332 0.05925925925925926
0 0.35494791666666664 0.1412037037037037 0.016145833333333335 0.05092592592592592
0 0.7010416666666667 0.08888888888888889 0.026041666666666668 0.03518518518518519
0 0.5028645833333333 0.10740740740740741 0.024479166666666666 0.03148148148148148
0 0.4791666666666667 0.07083333333333333 0.022916666666666665 0.026851851851851852
0 0.24114583333333334 0.48935185185185187 0.03333333333333333 0.030555555555555555
0 0.23880208333333333 0.4597222222222222 0.033854166666666664 0.030555555555555555
0 0.23567708333333334 0.43333333333333335 0.03802083333333333 0.03888888888888889
0 0.28489583333333335 0.7828703703703703 0.03229166666666667 0.09166666666666666
0 0.2864583333333333 0.8708333333333333 0.04479166666666667 0.08611111111111111
0 0.30494791666666665 0.023148148148148147 0.016145833333333335 0.040740740740740744
