0 0.8630208333333333 1.2796296296296297 0.08229166666666667 0.06851851851851852
0 0.8625 1.2787037037037037 0.08229166666666667 0.06851851851851852
0 0.8375 1.138425925925926 0.06875 0.06018518518518518
0 0.8294270833333334 1.075462962962963 0.06510416666666667 0.05277777777777778
0 0.7893229166666667 0.937037037037037 0.06822916666666666 0.05
0 0.7776041666666667 0.8824074074074074 0.046875 0.05
0 0.75078125 0.7777777777777778 0.049479166666666664 0.040740740740740744
0 0.66875 0.986574074074074 0.06458333333333334 0.062037037037037036
0 0.9221354166666667 1.1449074074074075 0.06927083333333334 0.13240740740740742
0 0.7213541666666666 0.7013888888888888 0.05 0.03796296296296296
0 0.715625 0.6592592592592592 0.0375 0.02962962962962963
0 0.7059895833333333 0.6319444444444444 0.04635416666666667 0.032407407407407406
0 0.7502604166666667 0.7768518518518519 0.049479166666666664 0.040740740740740744
0 0.6380208333333334 0.7856481481481481 0.04375 0.041666666666666664
0 0.5950520833333334 0.5314814814814814 0.033854166666666664 0.02962962962962963
0 0.6419270833333334 0.44675925925925924 0.0234375 0.025
0 0.6408854166666667 0.43425925925925923 0.027604166666666666 0.025925925925925925
0 0.56640625 0.40370370370370373 0.03177083333333333 0.024074074074074074
0 0.6174479166666667 0.3773148148148148 0.0265625 0.021296296296296296
0 0.6135416666666667 0.36666666666666664 0.028125 0.016666666666666666
0 0.55546875 0.36342592592592593 0.025520833333333333 0.017592592592592594
0 0.30755208333333334 0.28425925925925927 0.021354166666666667 0.016666666666666666
0 0.24557291666666667 0.29814814814814816 0.021354166666666667 0.016666666666666666
0 0.6515625 0.28055555555555556 0.014583333333333334 0.016666666666666666
0 0.5559895833333334 0.27824074074074073 0.0109375 0.017592592592592594
0 0.5848958333333333 0.2671296296296296 0.019791666666666666 0.013888888888888888
0 0.5583333333333333 0.25787037037037036 0.023958333333333335 0.01574074074074074
0 0.5333333333333333 0.2513888888888889 0.020833333333333332 0.013888888888888888
