4 0.019270833333333334 0.75 0.03854166666666667 0.2037037037037037
4 0.5174479166666667 0.9231481481481482 0.12760416666666666 0.09814814814814815
4 0.13619791666666667 0.5768518518518518 0.07239583333333334 0.20555555555555555
4 0.25052083333333336 0.7939814814814815 0.0625 0.24722222222222223
4 0.49921875 0.8106481481481481 0.13385416666666666 0.11203703703703703
4 0.47369791666666666 0.6101851851851852 0.1109375 0.08888888888888889
4 0.45338541666666665 0.399537037037037 0.0859375 0.06944444444444445
4 0.4466145833333333 0.35 0.08177083333333333 0.06666666666666667
4 0.32083333333333336 0.5842592592592593 0.04583333333333333 0.1685185185185185
4 0.27291666666666664 0.5699074074074074 0.04479166666666667 0.14907407407407408
4 0.2833333333333333 0.4101851851851852 0.03854166666666667 0.12037037037037036
4 0.29713541666666665 0.23425925925925925 0.028645833333333332 0.07037037037037037
4 0.30520833333333336 0.14212962962962963 0.023958333333333335 0.05648148148148148
4 0.10078125 0.39444444444444443 0.059895833333333336 0.11851851851851852
4 0.16223958333333333 0.18425925925925926 0.0359375 0.07407407407407407
4 0.21067708333333332 0.02361111111111111 0.028645833333333332 0.04722222222222222
4 0.19401041666666666 0.05787037037037037 0.0265625 0.05648148148148148
