0 0.9036458333333334 1.1 0.13645833333333332 0.11666666666666667
0 0.965625 1.2050925925925926 0.14375 0.13055555555555556
0 1.0127604166666666 1.0564814814814816 0.0578125 0.13148148148148148
0 0.35833333333333334 0.5481481481481482 0.028125 0.05
0 0.403125 0.46296296296296297 0.016666666666666666 0.040740740740740744
0 0.39375 0.2652777777777778 0.010416666666666666 0.013888888888888888
0 0.35182291666666665 0.2611111111111111 0.009895833333333333 0.016666666666666666
0 0.8572916666666667 0.5861111111111111 0.058333333333333334 0.040740740740740744
0 0.8315104166666667 0.5685185185185185 0.058854166666666666 0.03888888888888889
0 0.85 0.48194444444444445 0.00625 0.03425925925925926
0 0.7916666666666666 0.41759259259259257 0.035416666666666666 0.027777777777777776
0 0.7653645833333333 0.38287037037037036 0.0359375 0.026851851851851852
0 0.5625 0.2972222222222222 0.027083333333333334 0.022222222222222223
0 0.58359375 0.25555555555555554 0.022395833333333334 0.014814814814814815
0 0.5122395833333333 0.20925925925925926 0.013020833333333334 0.011111111111111112
0 0.5138020833333333 0.21157407407407408 0.013020833333333334 0.008333333333333333
0 0.5169270833333334 0.2074074074074074 0.0140625 0.011111111111111112
0 0.5005208333333333 0.2 0.008333333333333333 0.011111111111111112
0 0.47630208333333335 0.1865740740740741 0.0140625 0.008333333333333333
0 0.45859375 0.2601851851851852 0.018229166666666668 0.012962962962962963
