0 0.49583333333333335 0.2611111111111111 0.028125 0.04259259259259259
0 0.4596354166666667 0.2611111111111111 0.024479166666666666 0.040740740740740744
0 0.4359375 0.25787037037037036 0.01875 0.03981481481481482
0 0.3703125 0.3425925925925926 0.07083333333333333 0.05185185185185185
0 0.35625 0.36898148148148147 0.07604166666666666 0.03796296296296296
0 0.340625 0.40185185185185185 0.09479166666666666 0.053703703703703705
0 0.39375 0.2263888888888889 0.015625 0.026851851851851852
0 0.39817708333333335 0.21342592592592594 0.0140625 0.021296296296296296
0 0.40338541666666666 0.20462962962962963 0.013020833333333334 0.025925925925925925
0 0.29609375 0.2513888888888889 0.027604166666666666 0.030555555555555555
0 0.2984375 0.22962962962962963 0.019791666666666666 0.03148148148148148
0 0.29401041666666666 0.21435185185185185 0.025520833333333333 0.021296296296296296
0 0.47421875 0.5981481481481481 0.1703125 0.13148148148148148
0 0.4747395833333333 0.7092592592592593 0.19322916666666667 0.1574074074074074
0 0.4942708333333333 0.8657407407407407 0.265625 0.21296296296296297
0 0.209375 0.24722222222222223 0.04375 0.03333333333333333
