4 0.3416666666666667 0.5587962962962963 0.084375 0.1175925925925926
4 0.4276041666666667 0.3523148148148148 0.07708333333333334 0.05648148148148148
4 0.5231770833333333 0.35138888888888886 0.0703125 0.058333333333333334
4 0.6359375 0.31296296296296294 0.041666666666666664 0.04259259259259259
4 0.63984375 0.34675925925925927 0.07760416666666667 0.06018518518518518
4 0.4739583333333333 0.22037037037037038 0.06041666666666667 0.04259259259259259
4 0.6153645833333333 0.2412037037037037 0.06614583333333333 0.05462962962962963
4 0.5947916666666667 0.7245370370370371 0.13541666666666666 0.09537037037037037
4 0.6236979166666666 0.8097222222222222 0.11302083333333333 0.10092592592592593
4 0.62734375 0.9074074074074074 0.13697916666666668 0.1259259259259259
4 0.63515625 1.051388888888889 0.16197916666666667 0.125
4 0.6440104166666667 1.1842592592592593 0.18177083333333333 0.15925925925925927
4 0.64296875 1.3310185185185186 0.2140625 0.11574074074074074
4 0.3765625 0.3337962962962963 0.06875 0.05462962962962963
4 0.8294270833333334 0.30925925925925923 0.07552083333333333 0.06111111111111111
4 0.9901041666666667 0.30833333333333335 0.078125 0.05925925925925926
4 0.9854166666666667 0.23981481481481481 0.06979166666666667 0.046296296296296294
4 0.2140625 0.21435185185185185 0.0625 0.04351851851851852
