0 0.08203125 0.8490740740740741 0.050520833333333334 0.1388888888888889
0 0.052083333333333336 0.8282407407407407 0.03333333333333333 0.11203703703703703
0 0.011979166666666667 0.9115740740740741 0.023958333333333335 0.1175925925925926
0 0.37473958333333335 0.687962962962963 0.0265625 0.11481481481481481
0 0.38333333333333336 0.5773148148148148 0.026041666666666668 0.10092592592592593
0 0.39010416666666664 0.48055555555555557 0.019791666666666666 0.08333333333333333
0 0.39453125 0.37962962962962965 0.0203125 0.07777777777777778
0 0.4 0.3 0.020833333333333332 0.06666666666666667
0 0.4036458333333333 0.22777777777777777 0.020833333333333332 0.05925925925925926
0 0.40963541666666664 0.14675925925925926 0.0203125 0.05092592592592592
0 0.41692708333333334 0.09259259259259259 0.015104166666666667 0.05
0 0.41744791666666664 0.04212962962962963 0.016145833333333335 0.04537037037037037
0 0.328125 0.08703703703703704 0.0125 0.03888888888888889
0 0.4200520833333333 0.009722222222222222 0.0140625 0.017592592592592594
0 0.5372395833333333 0.9319444444444445 0.028645833333333332 0.0787037037037037
0 0.53359375 0.8143518518518519 0.027604166666666666 0.10833333333333334
0 0.5239583333333333 0.5351851851851852 0.025 0.08703703703703704
0 0.528125 0.6513888888888889 0.028125 0.10277777777777777
0 0.4453125 0.39351851851851855 0.021875 0.07777777777777778
0 0.5174479166666667 0.2986111111111111 0.019270833333333334 0.06018518518518518
0 0.5190104166666667 0.39814814814814814 0.021354166666666667 0.07222222222222222
0 0.5125 0.21898148148148147 0.01875 0.05092592592592592
0 0.5106770833333333 0.16203703703703703 0.0171875 0.05185185185185185
0 0.47890625 0.15046296296296297 0.016145833333333335 0.049074074074074076
0 0.50546875 0.021296296296296296 0.015104166666666667 0.040740740740740744
0 0.5776041666666667 0.06435185185185185 0.03229166666666667 0.028703703703703703
0 0.5736979166666667 0.15046296296296297 0.0359375 0.03611111111111111
0 0.5752604166666667 0.17407407407407408 0.034895833333333334 0.03333333333333333
0 0.575 0.19537037037037036 0.036458333333333336 0.03148148148148148
0 0.5778645833333333 0.2273148148148148 0.0359375 0.03425925925925926
0 0.6588541666666666 0.07453703703703704 0.019791666666666666 0.04351851851851852
0 0.6442708333333333 0.025 0.017708333333333333 0.04259259259259259
0 0.5825520833333333 0.28564814814814815 0.0328125 0.03425925925925926
0 0.5921875 0.31851851851851853 0.04583333333333333 0.03518518518518519
0 0.6015625 0.3560185185185185 0.0375 0.04537037037037037
0 0.5973958333333333 0.4050925925925926 0.04895833333333333 0.05277777777777778
0 0.6005208333333333 0.44212962962962965 0.04791666666666667 0.049074074074074076
0 0.6125 0.5995370370370371 0.059375 0.06944444444444445
0 0.6184895833333334 0.6592592592592592 0.0609375 0.07592592592592592
0 0.6216145833333333 0.7268518518518519 0.06510416666666667 0.05925925925925926
0 0.6346354166666667 0.8069444444444445 0.0734375 0.08981481481481482
0 0.6481770833333333 0.913425925925926 0.07864583333333333 0.08796296296296297
