0 0.17630208333333333 1.2 0.15885416666666666 0.1259259259259259
0 0.6791666666666667 1.174537037037037 0.090625 0.17685185185185184
0 0.48151041666666666 0.7125 0.03802083333333333 0.08796296296296297
0 0.48854166666666665 0.3439814814814815 0.017708333333333333 0.028703703703703703
0 0.5036458333333333 0.2513888888888889 0.010416666666666666 0.025
0 0.5388020833333333 0.29074074074074074 0.0140625 0.018518518518518517
0 0.9828125 0.5907407407407408 0.042708333333333334 0.03148148148148148
0 0.9997395833333333 0.6125 0.043229166666666666 0.019444444444444445
0 0.9278645833333333 0.43657407407407406 0.025520833333333333 0.026851851851851852
0 0.9072916666666667 0.4009259259259259 0.040625 0.027777777777777776
0 0.7638020833333333 0.31712962962962965 0.018229166666666668 0.023148148148148147
0 0.7380208333333333 0.28564814814814815 0.014583333333333334 0.023148148148148147
0 0.7174479166666666 0.2564814814814815 0.0234375 0.016666666666666666
0 0.634375 0.19398148148148148 0.009375 0.010185185185185186
0 0.521875 0.18611111111111112 0.00625 0.009259259259259259
0 0.5203125 0.17592592592592593 0.005208333333333333 0.007407407407407408
0 0.4921875 0.18888888888888888 0.00625 0.009259259259259259
0 0.4973958333333333 0.1712962962962963 0.005208333333333333 0.009259259259259259
0 0.5111979166666667 0.16898148148148148 0.005729166666666666 0.008333333333333333
0 0.5169270833333334 0.1638888888888889 0.0046875 0.007407407407407408
0 0.49661458333333336 0.13703703703703704 0.0036458333333333334 0.007407407407407408
0 0.49166666666666664 0.14027777777777778 0.003125 0.004629629629629629
0 0.490625 0.1625 0.004166666666666667 0.004629629629629629
0 0.4895833333333333 0.17407407407407408 0.007291666666666667 0.014814814814814815
0 0.5140625 0.1449074074074074 0.003125 0.006481481481481481
0 0.5153645833333333 0.1550925925925926 0.0078125 0.008333333333333333
