0 0.09505208333333333 0.7046296296296296 0.016145833333333335 0.03518518518518519
0 0.309375 0.5763888888888888 0.013541666666666667 0.032407407407407406
0 0.3302083333333333 0.4083333333333333 0.0125 0.02962962962962963
0 0.38515625 0.43194444444444446 0.009895833333333333 0.032407407407407406
0 0.4171875 0.3425925925925926 0.017708333333333333 0.020370370370370372
0 0.6174479166666667 0.5356481481481481 0.008854166666666666 0.03611111111111111
0 0.615625 0.4532407407407407 0.008333333333333333 0.03425925925925926
0 0.46588541666666666 0.6175925925925926 0.008854166666666666 0.037037037037037035
0 0.446875 0.4199074074074074 0.010416666666666666 0.030555555555555555
0 0.46536458333333336 0.2912037037037037 0.0078125 0.019444444444444445
0 0.4203125 0.32731481481481484 0.016666666666666666 0.019444444444444445
0 0.43125 0.2861111111111111 0.0125 0.016666666666666666
0 0.4361979166666667 0.2388888888888889 0.0171875 0.018518518518518517
0 0.4395833333333333 0.225 0.015625 0.014814814814814815
0 0.4421875 0.2101851851851852 0.014583333333333334 0.016666666666666666
0 0.5114583333333333 0.2310185185185185 0.008333333333333333 0.028703703703703703
0 0.5307291666666667 0.14675925925925926 0.008333333333333333 0.028703703703703703
0 0.465625 0.20416666666666666 0.009375 0.028703703703703703
0 0.47994791666666664 0.17407407407407408 0.0078125 0.022222222222222223
0 0.4744791666666667 0.13657407407407407 0.007291666666666667 0.025
0 0.5263020833333333 0.08101851851851852 0.0078125 0.023148148148148147
0 0.48776041666666664 0.024537037037037038 0.008854166666666666 0.023148148148148147
0 0.46848958333333335 0.03796296296296296 0.0078125 0.025925925925925925
0 0.46484375 0.062037037037037036 0.011979166666666667 0.024074074074074074
