4 0.496875 0.775 0.057291666666666664 0.12962962962962962
4 0.28151041666666665 0.524074074074074 0.033854166666666664 0.07962962962962963
4 0.2955729166666667 0.4412037037037037 0.028645833333333332 0.06944444444444445
4 0.4591145833333333 0.5125 0.05677083333333333 0.07685185185185185
4 0.2986979166666667 0.35694444444444445 0.025520833333333333 0.06018518518518518
4 0.30520833333333336 0.30092592592592593 0.025 0.05925925925925926
4 0.43828125 0.3726851851851852 0.043229166666666666 0.05462962962962963
4 0.434375 0.3314814814814815 0.03958333333333333 0.05740740740740741
4 0.31484375 0.2564814814814815 0.0265625 0.044444444444444446
4 0.43020833333333336 0.2902777777777778 0.035416666666666666 0.03611111111111111
4 0.3111979166666667 0.21296296296296297 0.028645833333333332 0.037037037037037035
4 0.31484375 0.18287037037037038 0.019270833333333334 0.032407407407407406
4 0.3203125 0.15138888888888888 0.019791666666666666 0.03611111111111111
4 0.30859375 0.10462962962962963 0.0328125 0.025925925925925925
4 0.325 0.09027777777777778 0.014583333333333334 0.023148148148148147
4 0.3263020833333333 0.07222222222222222 0.011979166666666667 0.014814814814814815
4 0.32838541666666665 0.0587962962962963 0.009895833333333333 0.019444444444444445
4 0.3299479166666667 0.04490740740740741 0.0109375 0.013888888888888888
4 0.3307291666666667 0.032407407407407406 0.010416666666666666 0.012962962962962963
4 0.31145833333333334 0.028703703703703703 0.011458333333333333 0.020370370370370372
4 0.33046875 0.013888888888888888 0.0203125 0.018518518518518517
4 0.42526041666666664 0.2652777777777778 0.04114583333333333 0.03796296296296296
4 0.41822916666666665 0.24305555555555555 0.042708333333333334 0.032407407407407406
4 0.41484375 0.21898148148148147 0.03802083333333333 0.028703703703703703
4 0.41770833333333335 0.19907407407407407 0.034375 0.027777777777777776
4 0.41041666666666665 0.18703703703703703 0.030208333333333334 0.020370370370370372
4 0.41015625 0.1685185185185185 0.0328125 0.024074074074074074
4 0.40338541666666666 0.14814814814814814 0.030729166666666665 0.020370370370370372
4 0.4 0.13472222222222222 0.030208333333333334 0.021296296296296296
4 0.40625 0.12222222222222222 0.034375 0.024074074074074074
4 0.409375 0.10092592592592593 0.030208333333333334 0.025925925925925925
4 0.39895833333333336 0.09351851851851851 0.03229166666666667 0.020370370370370372
4 0.46197916666666666 0.11574074074074074 0.040625 0.03148148148148148
4 0.3984375 0.07546296296296297 0.028125 0.019444444444444445
4 0.39557291666666666 0.0587962962962963 0.0265625 0.021296296296296296
4 0.3963541666666667 0.052314814814814814 0.027083333333333334 0.019444444444444445
4 0.39427083333333335 0.041666666666666664 0.025 0.014814814814814815
4 0.39114583333333336 0.01574074074074074 0.023958333333333335 0.020370370370370372
4 0.39010416666666664 0.010185185185185186 0.022916666666666665 0.018518518518518517
