0 0.3377604166666667 0.7875 0.0171875 0.028703703703703703
0 0.3111979166666667 0.7805555555555556 0.0171875 0.03148148148148148
0 0.28046875 0.7032407407407407 0.013020833333333334 0.021296296296296296
0 0.25755208333333335 0.6537037037037037 0.0078125 0.012962962962962963
0 0.28854166666666664 0.6023148148148149 0.00625 0.008333333333333333
0 0.26458333333333334 0.5740740740740741 0.004166666666666667 0.009259259259259259
0 0.15182291666666667 0.7759259259259259 0.033854166666666664 0.025925925925925925
0 0.10651041666666666 0.7907407407407407 0.03177083333333333 0.024074074074074074
0 0.08489583333333334 0.8925925925925926 0.046875 0.03888888888888889
0 0.09322916666666667 0.8625 0.041666666666666664 0.032407407407407406
0 0.2674479166666667 0.5513888888888889 0.0036458333333333334 0.006481481481481481
0 0.2716145833333333 0.549537037037037 0.0036458333333333334 0.006481481481481481
0 0.2635416666666667 0.5412037037037037 0.004166666666666667 0.006481481481481481
0 0.2671875 0.5444444444444444 0.003125 0.005555555555555556
0 0.27109375 0.5412037037037037 0.0036458333333333334 0.008333333333333333
0 0.2674479166666667 0.5398148148148149 0.0036458333333333334 0.007407407407407408
