0 0.28411458333333334 0.225 0.0265625 0.07037037037037037
0 0.2638020833333333 0.37175925925925923 0.024479166666666666 0.0712962962962963
0 0.25104166666666666 0.45 0.023958333333333335 0.08518518518518518
0 0.4869791666666667 0.49537037037037035 0.03958333333333333 0.07222222222222222
0 0.5502604166666667 0.45601851851851855 0.033854166666666664 0.075
0 0.4393229166666667 0.6236111111111111 0.0296875 0.08981481481481482
0 0.22317708333333333 0.6689814814814815 0.059895833333333336 0.05277777777777778
0 0.4361979166666667 0.737037037037037 0.025520833333333333 0.1037037037037037
0 0.43828125 0.8412037037037037 0.0265625 0.09907407407407408
0 0.67421875 0.0587962962962963 0.019270833333333334 0.03611111111111111
