0 0.37864583333333335 0.45046296296296295 0.023958333333333335 0.019444444444444445
0 0.36614583333333334 0.4861111111111111 0.023958333333333335 0.016666666666666666
0 0.38619791666666664 0.5259259259259259 0.025520833333333333 0.018518518518518517
0 0.3671875 0.5333333333333333 0.027083333333333334 0.022222222222222223
0 0.37864583333333335 0.5555555555555556 0.027083333333333334 0.018518518518518517
0 0.375 0.5685185185185185 0.030208333333333334 0.018518518518518517
0 0.3690104166666667 0.5800925925925926 0.03177083333333333 0.019444444444444445
0 0.36744791666666665 0.5925925925925926 0.0265625 0.022222222222222223
0 0.36328125 0.6175925925925926 0.030729166666666665 0.024074074074074074
0 0.4903645833333333 0.4842592592592593 0.024479166666666666 0.018518518518518517
0 0.48802083333333335 0.5018518518518519 0.026041666666666668 0.018518518518518517
0 0.48385416666666664 0.5217592592592593 0.026041666666666668 0.019444444444444445
0 0.45078125 0.55 0.0265625 0.018518518518518517
0 0.321875 0.32083333333333336 0.011458333333333333 0.017592592592592594
0 0.3338541666666667 0.32037037037037036 0.010416666666666666 0.018518518518518517
0 0.34453125 0.32175925925925924 0.0109375 0.01574074074074074
0 0.36484375 0.32083333333333336 0.009895833333333333 0.013888888888888888
0 0.37526041666666665 0.32222222222222224 0.008854166666666666 0.016666666666666666
0 0.38567708333333334 0.32314814814814813 0.009895833333333333 0.016666666666666666
0 0.3966145833333333 0.32222222222222224 0.009895833333333333 0.018518518518518517
0 0.4075520833333333 0.32407407407407407 0.009895833333333333 0.016666666666666666
0 0.41848958333333336 0.32407407407407407 0.008854166666666666 0.016666666666666666
0 0.45598958333333334 0.32546296296296295 0.009895833333333333 0.017592592592592594
0 0.46588541666666666 0.324537037037037 0.008854166666666666 0.017592592592592594
0 0.475 0.32731481481481484 0.008333333333333333 0.01574074074074074
0 0.48489583333333336 0.32916666666666666 0.009375 0.017592592592592594
0 0.49557291666666664 0.32592592592592595 0.0078125 0.018518518518518517
0 0.5072916666666667 0.3277777777777778 0.007291666666666667 0.018518518518518517
0 0.51796875 0.324537037037037 0.0067708333333333336 0.017592592592592594
0 0.5205729166666667 0.30277777777777776 0.0078125 0.012962962962962963
0 0.5106770833333333 0.3023148148148148 0.008854166666666666 0.013888888888888888
0 0.5 0.3013888888888889 0.008333333333333333 0.017592592592592594
0 0.4901041666666667 0.30277777777777776 0.008333333333333333 0.016666666666666666
0 0.4708333333333333 0.300462962962963 0.008333333333333333 0.01574074074074074
0 0.4354166666666667 0.29953703703703705 0.008333333333333333 0.013888888888888888
0 0.42630208333333336 0.29953703703703705 0.0078125 0.013888888888888888
0 0.40963541666666664 0.29768518518518516 0.0078125 0.01574074074074074
0 0.39765625 0.29907407407407405 0.0067708333333333336 0.012962962962962963
0 0.38697916666666665 0.29768518518518516 0.009375 0.013888888888888888
0 0.36692708333333335 0.2962962962962963 0.018229166666666668 0.012962962962962963
0 0.240625 0.39305555555555555 0.019791666666666666 0.01574074074074074
0 0.253125 0.3814814814814815 0.01875 0.014814814814814815
0 0.3263020833333333 0.775 0.03697916666666667 0.03148148148148148
0 0.45416666666666666 0.8069444444444445 0.046875 0.03611111111111111
0 0.5328125 0.9222222222222223 0.017708333333333333 0.05925925925925926
0 0.5080729166666667 0.9217592592592593 0.018229166666666668 0.058333333333333334
0 0.48880208333333336 0.9162037037037037 0.0203125 0.05462962962962963
0 0.40546875 0.8092592592592592 0.04739583333333333 0.044444444444444446
0 0.4166666666666667 0.7837962962962963 0.0375 0.030555555555555555
0 0.45807291666666666 0.7805555555555556 0.030729166666666665 0.025925925925925925
0 0.4591145833333333 0.7625 0.03697916666666667 0.026851851851851852
0 0.4197916666666667 0.7597222222222222 0.0375 0.025
0 0.42526041666666664 0.7416666666666667 0.030729166666666665 0.024074074074074074
0 0.4625 0.7430555555555556 0.03333333333333333 0.025
0 0.46484375 0.7263888888888889 0.03177083333333333 0.023148148148148147
0 0.42630208333333336 0.725462962962963 0.033854166666666664 0.025
0 0.43255208333333334 0.7092592592592593 0.033854166666666664 0.024074074074074074
0 0.4640625 0.6967592592592593 0.030208333333333334 0.025
0 0.4296875 0.6925925925925925 0.03125 0.022222222222222223
0 0.4734375 0.6643518518518519 0.03125 0.025
0 0.5684895833333333 0.8805555555555555 0.04010416666666667 0.03148148148148148
0 0.56953125 0.8569444444444444 0.0421875 0.032407407407407406
0 0.5692708333333333 0.8361111111111111 0.0375 0.027777777777777776
0 0.57578125 0.8162037037037037 0.030729166666666665 0.028703703703703703
0 0.5729166666666666 0.7949074074074074 0.03958333333333333 0.028703703703703703
0 0.5716145833333334 0.7731481481481481 0.034895833333333334 0.027777777777777776
0 0.5666666666666667 0.7564814814814815 0.03229166666666667 0.022222222222222223
0 0.5653645833333333 0.7212962962962963 0.034895833333333334 0.025925925925925925
0 0.5658854166666667 0.7023148148148148 0.034895833333333334 0.025
0 0.5643229166666667 0.6851851851851852 0.0328125 0.022222222222222223
0 0.5671875 0.6703703703703704 0.03333333333333333 0.022222222222222223
0 0.440625 0.6356481481481482 0.03125 0.023148148148148147
0 0.47239583333333335 0.6236111111111111 0.029166666666666667 0.023148148148148147
0 0.4734375 0.6101851851851852 0.03125 0.020370370370370372
0 0.7408854166666666 0.6555555555555556 0.0265625 0.03148148148148148
0 0.715625 0.6152777777777778 0.015625 0.025
0 0.7333333333333333 0.612037037037037 0.017708333333333333 0.03148148148148148
0 0.7091145833333333 0.5856481481481481 0.016145833333333335 0.028703703703703703
0 0.72421875 0.587037037037037 0.016145833333333335 0.027777777777777776
0 0.7380208333333333 0.5861111111111111 0.016666666666666666 0.025925925925925925
0 0.7510416666666667 0.5328703703703703 0.014583333333333334 0.025
0 0.76953125 0.5319444444444444 0.0140625 0.025
0 0.784375 0.5305555555555556 0.016666666666666666 0.027777777777777776
0 0.7986979166666667 0.5319444444444444 0.015104166666666667 0.021296296296296296
0 0.8104166666666667 0.5310185185185186 0.016666666666666666 0.025
0 0.8234375 0.5310185185185186 0.015625 0.023148148148148147
0 0.8377604166666667 0.5305555555555556 0.018229166666666668 0.025925925925925925
0 0.8515625 0.5300925925925926 0.017708333333333333 0.023148148148148147
0 0.8661458333333333 0.5319444444444444 0.015625 0.021296296296296296
0 0.5544270833333333 0.45092592592592595 0.025520833333333333 0.016666666666666666
0 0.55234375 0.4587962962962963 0.025520833333333333 0.017592592592592594
0 0.5497395833333333 0.4666666666666667 0.021354166666666667 0.014814814814814815
0 0.5541666666666667 0.48564814814814816 0.026041666666666668 0.019444444444444445
0 0.55234375 0.49537037037037035 0.024479166666666666 0.018518518518518517
0 0.5541666666666667 0.5046296296296297 0.022916666666666665 0.020370370370370372
0 0.5528645833333333 0.513425925925926 0.024479166666666666 0.021296296296296296
0 0.33880208333333334 0.7226851851851852 0.030729166666666665 0.025
0 0.3377604166666667 0.7402777777777778 0.030729166666666665 0.025
