0 0.425 0.7481481481481481 0.020833333333333332 0.09074074074074075
0 0.46770833333333334 0.7865740740740741 0.020833333333333332 0.075
0 0.328125 0.8268518518518518 0.027083333333333334 0.09444444444444444
0 0.4359375 0.5634259259259259 0.016666666666666666 0.062037037037037036
0 0.4205729166666667 0.3921296296296296 0.0140625 0.03981481481481482
0 0.5044270833333333 0.46111111111111114 0.03697916666666667 0.02962962962962963
0 0.6393229166666666 0.39675925925925926 0.03697916666666667 0.03611111111111111
0 0.3802083333333333 0.9162037037037037 0.028125 0.11203703703703703
0 0.3390625 0.7453703703703703 0.023958333333333335 0.07222222222222222
0 0.3546875 0.6078703703703704 0.017708333333333333 0.06574074074074074
0 0.3653645833333333 0.513425925925926 0.019270833333333334 0.05277777777777778
0 0.3734375 0.4300925925925926 0.015625 0.04722222222222222
0 0.38203125 0.36898148148148147 0.015104166666666667 0.04351851851851852
0 0.38619791666666664 0.3277777777777778 0.013020833333333334 0.037037037037037035
0 0.3658854166666667 0.26296296296296295 0.0140625 0.03518518518518519
0 0.39427083333333335 0.26342592592592595 0.013541666666666667 0.03611111111111111
0 0.3963541666666667 0.23472222222222222 0.011458333333333333 0.025
0 0.39947916666666666 0.20833333333333334 0.011458333333333333 0.02962962962962963
0 0.40260416666666665 0.18055555555555555 0.010416666666666666 0.025925925925925925
0 0.40625 0.1574074074074074 0.009375 0.024074074074074074
0 0.40729166666666666 0.14027777777777778 0.009375 0.019444444444444445
0 0.41015625 0.12638888888888888 0.009895833333333333 0.023148148148148147
0 0.4122395833333333 0.1050925925925926 0.008854166666666666 0.023148148148148147
0 0.41822916666666665 0.0625 0.008333333333333333 0.017592592592592594
0 0.39921875 0.031018518518518518 0.0078125 0.019444444444444445
0 0.4080729166666667 0.006481481481481481 0.0109375 0.012962962962962963
0 0.42109375 0.028703703703703703 0.0067708333333333336 0.014814814814814815
0 0.4200520833333333 0.0412037037037037 0.0067708333333333336 0.013888888888888888
0 0.41822916666666665 0.05185185185185185 0.007291666666666667 0.014814814814814815
0 0.41640625 0.07962962962962963 0.008854166666666666 0.018518518518518517
0 0.4236979166666667 0.006481481481481481 0.0078125 0.012962962962962963
0 0.46796875 0.6884259259259259 0.018229166666666668 0.058333333333333334
0 0.4666666666666667 0.6125 0.01875 0.06388888888888888
0 0.5169270833333334 0.5342592592592592 0.04010416666666667 0.03333333333333333
0 0.46770833333333334 0.42314814814814816 0.015625 0.046296296296296294
0 0.4875 0.4273148148148148 0.014583333333333334 0.03981481481481482
0 0.44192708333333336 0.2439814814814815 0.011979166666666667 0.030555555555555555
0 0.4674479166666667 0.30787037037037035 0.013020833333333334 0.030555555555555555
0 0.46796875 0.2800925925925926 0.013020833333333334 0.028703703703703703
0 0.4671875 0.20879629629629629 0.010416666666666666 0.023148148148148147
0 0.4671875 0.1865740740740741 0.010416666666666666 0.023148148148148147
0 0.4669270833333333 0.14074074074074075 0.008854166666666666 0.018518518518518517
0 0.4671875 0.11851851851851852 0.009375 0.018518518518518517
0 0.4666666666666667 0.09907407407407408 0.008333333333333333 0.016666666666666666
0 0.46640625 0.0824074074074074 0.0078125 0.018518518518518517
0 0.46640625 0.06759259259259259 0.0067708333333333336 0.012962962962962963
0 0.4666666666666667 0.05185185185185185 0.008333333333333333 0.014814814814814815
0 0.48984375 0.038425925925925926 0.0067708333333333336 0.01574074074074074
0 0.46796875 0.015277777777777777 0.0067708333333333336 0.010185185185185186
0 0.46822916666666664 0.004629629629629629 0.007291666666666667 0.009259259259259259
0 0.44921875 0.0023148148148148147 0.0067708333333333336 0.004629629629629629
0 0.4861979166666667 0.004629629629629629 0.0078125 0.009259259259259259
0 0.5317708333333333 0.3537037037037037 0.034375 0.025925925925925925
0 0.5484375 0.43425925925925923 0.017708333333333333 0.046296296296296294
0 0.565625 0.3921296296296296 0.036458333333333336 0.028703703703703703
0 0.6666666666666666 0.38287037037037036 0.03333333333333333 0.026851851851851852
0 0.6822916666666666 0.3699074074074074 0.036458333333333336 0.026851851851851852
0 0.71328125 0.4148148148148148 0.0234375 0.037037037037037035
