4 0.20651041666666667 1.1097222222222223 0.05572916666666667 0.1675925925925926
4 0.25026041666666665 0.8708333333333333 0.04114583333333333 0.1175925925925926
4 0.27265625 0.7597222222222222 0.03802083333333333 0.11203703703703703
4 0.2986979166666667 0.6018518518518519 0.033854166666666664 0.09259259259259259
4 0.4309895833333333 0.36435185185185187 0.0296875 0.062037037037037036
4 0.5296875 0.612037037037037 0.03125 0.07962962962962963
4 0.7708333333333334 1.1685185185185185 0.04895833333333333 0.14629629629629629
4 0.71953125 0.8134259259259259 0.0421875 0.11944444444444445
4 0.79765625 0.16898148148148148 0.03802083333333333 0.028703703703703703
4 0.6768229166666667 0.1962962962962963 0.0421875 0.03148148148148148
4 0.7526041666666666 0.1648148148148148 0.035416666666666666 0.02962962962962963
4 0.7520833333333333 0.1175925925925926 0.036458333333333336 0.025925925925925925
4 0.7888020833333333 0.19490740740740742 0.043229166666666666 0.03425925925925926
4 0.6377604166666667 0.10740740740740741 0.018229166666666668 0.03148148148148148
4 0.6309895833333333 0.07824074074074074 0.0171875 0.030555555555555555
4 0.625 0.05138888888888889 0.016666666666666666 0.030555555555555555
4 0.6205729166666667 0.02175925925925926 0.0140625 0.025
4 0.47317708333333336 0.07685185185185185 0.016145833333333335 0.037037037037037035
4 0.39739583333333334 0.06712962962962964 0.016666666666666666 0.03981481481481482
4 0.40286458333333336 0.03148148148148148 0.0140625 0.02962962962962963
4 0.40989583333333335 0.011111111111111112 0.013541666666666667 0.022222222222222223
