0 0.49713541666666666 0.8027777777777778 0.0234375 0.07962962962962963
0 0.4908854166666667 0.7240740740740741 0.0234375 0.07407407407407407
0 0.46510416666666665 0.7347222222222223 0.020833333333333332 0.07314814814814814
0 0.40729166666666666 0.7416666666666667 0.021875 0.07037037037037037
0 0.45234375 0.5148148148148148 0.019270833333333334 0.04814814814814815
0 0.47265625 0.49907407407407406 0.013020833333333334 0.03518518518518519
0 0.4671875 0.4615740740740741 0.022916666666666665 0.04537037037037037
0 0.44921875 0.4652777777777778 0.016145833333333335 0.04537037037037037
0 0.4557291666666667 0.31851851851851853 0.014583333333333334 0.03518518518518519
0 0.45390625 0.26851851851851855 0.0140625 0.03333333333333333
0 0.6127604166666667 0.2675925925925926 0.0171875 0.027777777777777776
0 0.6317708333333333 0.26435185185185184 0.017708333333333333 0.026851851851851852
0 0.6515625 0.2625 0.019791666666666666 0.03611111111111111
0 0.7450520833333333 0.47638888888888886 0.0296875 0.04537037037037037
0 0.8338541666666667 0.2712962962962963 0.023958333333333335 0.03148148148148148
0 0.7869791666666667 0.23842592592592593 0.030208333333333334 0.026851851851851852
0 0.7950520833333333 0.20277777777777778 0.027604166666666666 0.022222222222222223
0 0.5390625 0.11481481481481481 0.022916666666666665 0.016666666666666666
0 0.3966145833333333 0.08518518518518518 0.016145833333333335 0.018518518518518517
0 0.4041666666666667 0.07916666666666666 0.01875 0.017592592592592594
0 0.40859375 0.07268518518518519 0.015104166666666667 0.013888888888888888
0 0.41328125 0.06759259259259259 0.016145833333333335 0.014814814814814815
0 0.36953125 0.15694444444444444 0.022395833333333334 0.019444444444444445
0 0.36171875 0.17222222222222222 0.021354166666666667 0.018518518518518517
0 0.3828125 0.4486111111111111 0.036458333333333336 0.026851851851851852
0 0.38203125 0.4675925925925926 0.034895833333333334 0.020370370370370372
0 0.38307291666666665 0.5199074074074074 0.03697916666666667 0.026851851851851852
0 0.38567708333333334 0.5407407407407407 0.0390625 0.020370370370370372
0 0.6010416666666667 0.008796296296296297 0.008333333333333333 0.013888888888888888
