4 0.19166666666666668 0.09398148148148149 0.025 0.023148148148148147
4 0.20703125 0.11990740740740741 0.024479166666666666 0.023148148148148147
4 0.22109375 0.19814814814814816 0.025520833333333333 0.02962962962962963
4 0.22369791666666666 0.11157407407407408 0.024479166666666666 0.025
4 0.24166666666666667 0.14351851851851852 0.022916666666666665 0.024074074074074074
4 0.24427083333333333 0.10324074074074074 0.023958333333333335 0.025
4 0.2546875 0.12731481481481483 0.021875 0.030555555555555555
4 0.43385416666666665 0.01990740740740741 0.017708333333333333 0.030555555555555555
4 0.43203125 0.053703703703703705 0.0171875 0.027777777777777776
4 0.39921875 0.08611111111111111 0.019270833333333334 0.02962962962962963
4 0.41328125 0.09861111111111111 0.018229166666666668 0.030555555555555555
4 0.37473958333333335 0.13842592592592592 0.016145833333333335 0.032407407407407406
4 0.39453125 0.15185185185185185 0.013020833333333334 0.03333333333333333
4 0.4609375 0.06481481481481481 0.015625 0.03148148148148148
4 0.40338541666666666 0.25092592592592594 0.024479166666666666 0.04259259259259259
4 0.46067708333333335 0.324537037037037 0.0328125 0.03611111111111111
4 0.5666666666666667 0.38796296296296295 0.0375 0.03888888888888889
4 0.5872395833333334 0.6884259259259259 0.044270833333333336 0.05648148148148148
4 0.4200520833333333 0.5708333333333333 0.04010416666666667 0.05277777777777778
4 0.47682291666666665 0.5662037037037037 0.028645833333333332 0.062037037037037036
4 0.38828125 0.5430555555555555 0.0296875 0.03981481481481482
4 0.4747395833333333 0.4962962962962963 0.0234375 0.06111111111111111
4 0.49192708333333335 0.5055555555555555 0.0203125 0.05185185185185185
4 0.5125 0.5050925925925925 0.019791666666666666 0.05648148148148148
4 0.49947916666666664 0.5615740740740741 0.028125 0.0712962962962963
4 0.5138020833333333 0.5847222222222223 0.025520833333333333 0.06574074074074074
4 0.5270833333333333 0.524537037037037 0.023958333333333335 0.062037037037037036
4 0.5317708333333333 0.5990740740740741 0.023958333333333335 0.06851851851851852
4 0.5455729166666666 0.538425925925926 0.022395833333333334 0.06944444444444445
4 0.6893229166666667 0.6462962962962963 0.0359375 0.06296296296296296
4 0.68125 0.4444444444444444 0.041666666666666664 0.04259259259259259
4 0.5520833333333334 0.6106481481481482 0.025 0.0712962962962963
4 0.5645833333333333 0.5504629629629629 0.020833333333333332 0.06388888888888888
4 0.5822916666666667 0.5592592592592592 0.020833333333333332 0.05925925925925926
4 0.57265625 0.6180555555555556 0.025520833333333333 0.08055555555555556
4 0.59375 0.6324074074074074 0.022916666666666665 0.06851851851851852
4 0.60078125 0.5768518518518518 0.021354166666666667 0.06666666666666667
4 0.6106770833333334 0.6527777777777778 0.0234375 0.06851851851851852
4 0.6291666666666667 0.6726851851851852 0.026041666666666668 0.075
4 0.6208333333333333 0.5935185185185186 0.021875 0.06481481481481481
4 0.6385416666666667 0.6069444444444444 0.023958333333333335 0.06574074074074074
4 0.6572916666666667 0.6240740740740741 0.025 0.07222222222222222
4 0.27630208333333334 0.5625 0.030729166666666665 0.062037037037037036
4 0.24427083333333333 0.638425925925926 0.03333333333333333 0.06944444444444445
4 0.2078125 0.5111111111111111 0.03229166666666667 0.05740740740740741
4 0.17057291666666666 0.5847222222222223 0.0390625 0.062037037037037036
4 0.13385416666666666 0.662962962962963 0.036458333333333336 0.06666666666666667
4 0.16979166666666667 0.6574074074074074 0.035416666666666666 0.07037037037037037
4 0.22083333333333333 0.5430555555555555 0.029166666666666667 0.05277777777777778
4 0.41953125 0.5416666666666666 0.027604166666666666 0.040740740740740744
