0 0.6447916666666667 0.5689814814814815 0.042708333333333334 0.05092592592592592
0 0.6598958333333333 0.8842592592592593 0.06041666666666667 0.07592592592592592
0 0.7190104166666667 0.9175925925925926 0.0734375 0.09259259259259259
0 0.7268229166666667 0.8356481481481481 0.0703125 0.075
0 0.10130208333333333 0.21805555555555556 0.0171875 0.017592592592592594
0 0.1765625 0.1865740740740741 0.016666666666666666 0.017592592592592594
0 0.37213541666666666 0.15324074074074073 0.015104166666666667 0.013888888888888888
0 0.36328125 0.1574074074074074 0.0109375 0.012962962962962963
0 0.38229166666666664 0.16064814814814815 0.017708333333333333 0.012037037037037037
0 0.8734375 0.24537037037037038 0.022916666666666665 0.016666666666666666
0 0.8661458333333333 0.24953703703703703 0.020833333333333332 0.019444444444444445
0 0.85703125 0.25416666666666665 0.021354166666666667 0.019444444444444445
0 0.73828125 0.2962962962962963 0.027604166666666666 0.020370370370370372
0 0.6697916666666667 0.3347222222222222 0.029166666666666667 0.025
