4 0.09557291666666666 0.6523148148148148 0.013020833333333334 0.021296296296296296
4 0.11223958333333334 0.649537037037037 0.013020833333333334 0.021296296296296296
4 0.03229166666666667 0.5745370370370371 0.023958333333333335 0.013888888888888888
4 0.33567708333333335 0.6773148148148148 0.013020833333333334 0.025
4 0.33541666666666664 0.725462962962963 0.013541666666666667 0.028703703703703703
4 0.33203125 0.7657407407407407 0.0140625 0.02962962962962963
4 0.33984375 0.6305555555555555 0.0109375 0.022222222222222223
4 0.053125 0.7754629629629629 0.040625 0.025
4 0.04583333333333333 0.7615740740740741 0.040625 0.025
4 0.04479166666666667 0.7268518518518519 0.0375 0.022222222222222223
4 0.030729166666666665 0.6268518518518519 0.028125 0.018518518518518517
4 0.04348958333333333 0.5611111111111111 0.021354166666666667 0.011111111111111112
4 0.10911458333333333 0.6754629629629629 0.016145833333333335 0.019444444444444445
4 0.12552083333333333 0.6736111111111112 0.015625 0.021296296296296296
4 0.03046875 0.6171296296296296 0.0265625 0.01574074074074074
4 0.02890625 0.6078703703703704 0.0265625 0.01574074074074074
4 0.04088541666666667 0.6625 0.044270833333333336 0.030555555555555555
4 0.030729166666666665 0.6462962962962963 0.03333333333333333 0.020370370370370372
4 0.04479166666666667 0.7194444444444444 0.030208333333333334 0.022222222222222223
4 0.19479166666666667 0.9120370370370371 0.051041666666666666 0.03888888888888889
4 0.4669270833333333 0.8976851851851851 0.043229166666666666 0.03611111111111111
4 0.27578125 0.8837962962962963 0.0359375 0.03981481481481482
4 0.40130208333333334 0.8379629629629629 0.03802083333333333 0.03148148148148148
4 0.45416666666666666 0.7638888888888888 0.015625 0.03888888888888889
4 0.29401041666666666 0.5444444444444444 0.0109375 0.014814814814814815
4 0.30885416666666665 0.5226851851851851 0.009375 0.01574074074074074
4 0.30104166666666665 0.5342592592592592 0.010416666666666666 0.014814814814814815
4 0.4356770833333333 0.7606481481481482 0.015104166666666667 0.030555555555555555
4 0.6119791666666666 0.6981481481481482 0.030208333333333334 0.018518518518518517
4 0.64765625 0.700925925925926 0.028645833333333332 0.022222222222222223
4 0.6067708333333334 0.687037037037037 0.026041666666666668 0.018518518518518517
4 0.6408854166666667 0.6888888888888889 0.027604166666666666 0.020370370370370372
4 0.6018229166666667 0.675 0.027604166666666666 0.018518518518518517
4 0.61875 0.6583333333333333 0.027083333333333334 0.016666666666666666
4 0.5768229166666666 0.6388888888888888 0.0234375 0.018518518518518517
4 0.56328125 0.6180555555555556 0.027604166666666666 0.021296296296296296
4 0.5997395833333333 0.6287037037037037 0.0234375 0.018518518518518517
4 0.5947916666666667 0.6189814814814815 0.022916666666666665 0.017592592592592594
4 0.5875 0.611574074074074 0.022916666666666665 0.017592592592592594
4 0.6591145833333333 0.7212962962962963 0.025520833333333333 0.027777777777777776
4 0.8096354166666667 0.6768518518518518 0.0234375 0.027777777777777776
4 0.9005208333333333 0.736574074074074 0.03125 0.021296296296296296
4 0.8661458333333333 0.7453703703703703 0.027083333333333334 0.018518518518518517
4 0.6684895833333333 0.8217592592592593 0.0390625 0.032407407407407406
4 0.6174479166666667 0.8611111111111112 0.0390625 0.03333333333333333
4 0.5778645833333333 0.8722222222222222 0.0390625 0.03333333333333333
4 0.5307291666666667 0.8837962962962963 0.041666666666666664 0.03611111111111111
4 0.5859375 0.8134259259259259 0.035416666666666666 0.026851851851851852
4 0.6268229166666667 0.7263888888888889 0.03177083333333333 0.028703703703703703
4 0.5338541666666666 0.9259259259259259 0.042708333333333334 0.04259259259259259
