4 0.35859375 0.125 0.0046875 0.011111111111111112
4 0.35833333333333334 0.1 0.004166666666666667 0.011111111111111112
4 0.33567708333333335 0.14907407407407408 0.0046875 0.009259259259259259
4 0.33541666666666664 0.16712962962962963 0.005208333333333333 0.012037037037037037
4 0.33307291666666666 0.08888888888888889 0.0046875 0.011111111111111112
4 0.32838541666666665 0.13796296296296295 0.0036458333333333334 0.007407407407407408
4 0.3450520833333333 0.14212962962962963 0.0046875 0.012037037037037037
4 0.35911458333333335 0.07916666666666666 0.0036458333333333334 0.010185185185185186
4 0.3578125 0.06388888888888888 0.004166666666666667 0.011111111111111112
4 0.35833333333333334 0.053703703703703705 0.004166666666666667 0.009259259259259259
4 0.34140625 0.07916666666666666 0.0046875 0.008333333333333333
4 0.33958333333333335 0.09027777777777778 0.004166666666666667 0.008333333333333333
4 0.3338541666666667 0.07453703703703704 0.004166666666666667 0.010185185185185186
4 0.3419270833333333 0.06157407407407407 0.0036458333333333334 0.008333333333333333
4 0.34296875 0.049074074074074076 0.0036458333333333334 0.009259259259259259
4 0.37135416666666665 0.2273148148148148 0.00625 0.01574074074074074
4 0.36041666666666666 0.2412037037037037 0.00625 0.01574074074074074
4 0.37161458333333336 0.2875 0.0078125 0.019444444444444445
4 0.32473958333333336 0.2875 0.0067708333333333336 0.017592592592592594
4 0.33697916666666666 0.2449074074074074 0.00625 0.013888888888888888
4 0.3067708333333333 0.35509259259259257 0.008333333333333333 0.021296296296296296
4 0.32786458333333335 0.4185185185185185 0.008854166666666666 0.024074074074074074
4 0.3106770833333333 0.4787037037037037 0.009895833333333333 0.027777777777777776
4 0.29791666666666666 0.45416666666666666 0.009375 0.026851851851851852
4 0.35572916666666665 0.5532407407407407 0.011458333333333333 0.03611111111111111
4 0.353125 0.6601851851851852 0.0125 0.046296296296296294
4 0.33307291666666666 0.3287037037037037 0.0078125 0.018518518518518517
4 0.30442708333333335 0.5666666666666667 0.009895833333333333 0.02962962962962963
4 0.2877604166666667 0.7041666666666667 0.013020833333333334 0.041666666666666664
4 0.31979166666666664 0.5949074074074074 0.011458333333333333 0.03796296296296296
4 0.31666666666666665 0.25925925925925924 0.00625 0.014814814814814815
4 0.32708333333333334 0.25972222222222224 0.00625 0.013888888888888888
4 0.33046875 0.21481481481481482 0.005729166666666666 0.012962962962962963
4 0.32083333333333336 0.21944444444444444 0.005208333333333333 0.012962962962962963
4 0.3684895833333333 0.17314814814814813 0.0046875 0.012962962962962963
4 0.36822916666666666 0.15185185185185185 0.004166666666666667 0.012962962962962963
4 0.3268229166666667 0.15648148148148147 0.0046875 0.011111111111111112
4 0.35911458333333335 0.010185185185185186 0.0036458333333333334 0.007407407407407408
4 0.33541666666666664 0.06157407407407407 0.004166666666666667 0.010185185185185186
4 0.36041666666666666 0.18518518518518517 0.00625 0.018518518518518517
4 0.09401041666666667 0.2263888888888889 0.009895833333333333 0.013888888888888888
4 0.10104166666666667 0.21342592592592594 0.008333333333333333 0.013888888888888888
4 0.0890625 0.1625 0.011458333333333333 0.012037037037037037
4 0.004166666666666667 0.12222222222222222 0.008333333333333333 0.012962962962962963
