4 0.04791666666666667 0.021296296296296296 0.009375 0.009259259259259259
4 0.11484375 0.00787037037037037 0.0109375 0.008333333333333333
4 0.10885416666666667 0.022685185185185187 0.00625 0.012037037037037037
4 0.1140625 0.022685185185185187 0.00625 0.012037037037037037
4 0.13515625 0.02361111111111111 0.0067708333333333336 0.013888888888888888
4 0.15208333333333332 0.02546296296296296 0.00625 0.012037037037037037
4 0.16223958333333333 0.025925925925925925 0.005729166666666666 0.011111111111111112
4 0.14661458333333333 0.07083333333333333 0.011979166666666667 0.010185185185185186
4 0.15208333333333332 0.07916666666666666 0.011458333333333333 0.008333333333333333
4 0.18177083333333333 0.07685185185185185 0.010416666666666666 0.009259259259259259
4 0.20729166666666668 0.08657407407407407 0.011458333333333333 0.008333333333333333
4 0.29140625 0.10740740740740741 0.0109375 0.012962962962962963
4 0.0984375 0.4875 0.014583333333333334 0.01574074074074074
4 0.171875 0.43194444444444446 0.0125 0.013888888888888888
4 0.2635416666666667 0.65 0.009375 0.03333333333333333
4 0.23307291666666666 0.5222222222222223 0.016145833333333335 0.012962962962962963
4 0.23854166666666668 0.4324074074074074 0.011458333333333333 0.011111111111111112
4 0.27838541666666666 0.36064814814814816 0.013020833333333334 0.012037037037037037
4 0.30364583333333334 0.47962962962962963 0.008333333333333333 0.027777777777777776
4 0.2986979166666667 0.2833333333333333 0.0067708333333333336 0.020370370370370372
4 0.3177083333333333 0.28703703703703703 0.00625 0.020370370370370372
4 0.30885416666666665 0.17592592592592593 0.00625 0.016666666666666666
4 0.3145833333333333 0.22268518518518518 0.00625 0.019444444444444445
4 0.32838541666666665 0.14583333333333334 0.005729166666666666 0.017592592592592594
4 0.31875 0.031018518518518518 0.005208333333333333 0.013888888888888888
4 0.42682291666666666 0.016666666666666666 0.0109375 0.009259259259259259
4 0.42682291666666666 0.023148148148148147 0.009895833333333333 0.009259259259259259
4 0.46328125 0.01990740740740741 0.009895833333333333 0.008333333333333333
4 0.44296875 0.10694444444444444 0.0109375 0.010185185185185186
4 0.7106770833333333 0.26481481481481484 0.008854166666666666 0.014814814814814815
4 0.6994791666666667 0.26851851851851855 0.010416666666666666 0.012962962962962963
4 0.7111979166666667 0.5055555555555555 0.016145833333333335 0.018518518518518517
4 0.63046875 0.5958333333333333 0.0140625 0.019444444444444445
4 0.6125 0.6175925925925926 0.016666666666666666 0.022222222222222223
4 0.56953125 0.6662037037037037 0.0171875 0.025
4 0.6747395833333333 0.33055555555555555 0.013020833333333334 0.011111111111111112
4 0.6940104166666666 0.3888888888888889 0.013020833333333334 0.012962962962962963
4 0.6731770833333334 0.3625 0.0140625 0.013888888888888888
4 0.628125 0.32083333333333336 0.0125 0.012037037037037037
4 0.63203125 0.3458333333333333 0.011979166666666667 0.012037037037037037
4 0.59609375 0.3263888888888889 0.0140625 0.012037037037037037
4 0.6028645833333334 0.3453703703703704 0.013020833333333334 0.011111111111111112
4 0.41822916666666665 0.5101851851851852 0.015625 0.012962962962962963
4 0.37552083333333336 0.4425925925925926 0.015625 0.011111111111111112
4 0.44973958333333336 0.3472222222222222 0.0140625 0.011111111111111112
4 0.5338541666666666 0.3347222222222222 0.0125 0.010185185185185186
4 0.5661458333333333 0.337037037037037 0.011458333333333333 0.011111111111111112
4 0.47578125 0.2671296296296296 0.013020833333333334 0.012037037037037037
4 0.5434895833333333 0.24166666666666667 0.013020833333333334 0.012962962962962963
