0 0.35078125 0.45555555555555555 0.0140625 0.05
0 0.38046875 0.2986111111111111 0.0234375 0.019444444444444445
0 0.34661458333333334 0.2050925925925926 0.0078125 0.025
0 0.32838541666666665 0.037037037037037035 0.005729166666666666 0.014814814814814815
0 0.35182291666666665 0.0699074074074074 0.0067708333333333336 0.013888888888888888
0 0.371875 0.20416666666666666 0.008333333333333333 0.017592592592592594
0 0.3296875 0.06481481481481481 0.007291666666666667 0.014814814814814815
0 0.35651041666666666 0.037037037037037035 0.0067708333333333336 0.012962962962962963
0 0.34375 0.016203703703703703 0.005208333333333333 0.012037037037037037
0 0.35442708333333334 0.016666666666666666 0.0067708333333333336 0.011111111111111112
0 0.35494791666666664 0.025925925925925925 0.005729166666666666 0.012962962962962963
0 0.3299479166666667 0.3416666666666667 0.021354166666666667 0.02962962962962963
0 0.3302083333333333 0.21435185185185185 0.008333333333333333 0.019444444444444445
