4 0.7494791666666667 1.2472222222222222 0.2864583333333333 0.25925925925925924
4 0.6072916666666667 0.8805555555555555 0.190625 0.26296296296296295
4 0.5481770833333334 0.6791666666666667 0.1796875 0.22685185185185186
4 0.9794270833333333 0.7587962962962963 0.12447916666666667 0.24537037037037038
4 0.8791666666666667 0.44027777777777777 0.17395833333333333 0.2212962962962963
4 0.8140625 0.35 0.153125 0.17962962962962964
4 0.7416666666666667 0.2222222222222222 0.14791666666666667 0.19074074074074074
4 0.6875 0.10138888888888889 0.12604166666666666 0.15462962962962962
4 0.9106770833333333 0.06620370370370371 0.0734375 0.13240740740740742
4 1.0015625 0.1912037037037037 0.08020833333333334 0.16574074074074074
4 0.6294270833333333 0.05416666666666667 0.14322916666666666 0.10833333333333334
