0 0.246875 0.3087962962962963 0.010416666666666666 0.025
0 0.23020833333333332 0.33564814814814814 0.011458333333333333 0.026851851851851852
0 0.22786458333333334 0.45046296296296295 0.015104166666666667 0.03796296296296296
0 0.22604166666666667 0.5027777777777778 0.015625 0.044444444444444446
0 0.27395833333333336 0.7023148148148148 0.017708333333333333 0.05277777777777778
0 0.2390625 0.0875 0.005208333333333333 0.012037037037037037
0 0.234375 0.14953703703703702 0.00625 0.013888888888888888
0 0.24661458333333333 0.10601851851851851 0.0067708333333333336 0.012037037037037037
0 0.25833333333333336 0.27037037037037037 0.008333333333333333 0.022222222222222223
0 0.26067708333333334 0.29583333333333334 0.009895833333333333 0.023148148148148147
0 0.24635416666666668 0.22175925925925927 0.007291666666666667 0.017592592592592594
0 0.23125 0.29305555555555557 0.010416666666666666 0.023148148148148147
0 0.23203125 0.274537037037037 0.009895833333333333 0.021296296296296296
0 0.23411458333333332 0.18518518518518517 0.008854166666666666 0.016666666666666666
0 0.2515625 0.04259259259259259 0.011458333333333333 0.009259259259259259
0 0.26536458333333335 0.03935185185185185 0.011979166666666667 0.008333333333333333
0 0.25755208333333335 0.2351851851851852 0.0078125 0.018518518518518517
0 0.25859375 0.25 0.008854166666666666 0.016666666666666666
0 0.26145833333333335 0.3365740740740741 0.010416666666666666 0.030555555555555555
0 0.2640625 0.399537037037037 0.0125 0.032407407407407406
0 0.26510416666666664 0.43472222222222223 0.0125 0.030555555555555555
0 0.26614583333333336 0.4703703703703704 0.014583333333333334 0.03333333333333333
0 0.2674479166666667 0.5194444444444445 0.015104166666666667 0.040740740740740744
0 0.2453125 0.18796296296296297 0.007291666666666667 0.027777777777777776
0 0.6057291666666667 0.41203703703703703 0.004166666666666667 0.018518518518518517
