0 0.14192708333333334 0.09675925925925925 0.005729166666666666 0.008333333333333333
0 0.14791666666666667 0.06712962962962964 0.004166666666666667 0.006481481481481481
0 0.17838541666666666 0.22037037037037038 0.0109375 0.009259259259259259
0 0.22786458333333334 0.13194444444444445 0.005729166666666666 0.010185185185185186
0 0.21510416666666668 0.03425925925925926 0.003125 0.005555555555555556
0 0.24817708333333333 0.044444444444444446 0.0026041666666666665 0.003703703703703704
0 0.24270833333333333 0.04351851851851852 0.003125 0.003703703703703704
0 0.20286458333333332 0.8699074074074075 0.0234375 0.06944444444444445
0 0.28125 0.13703703703703704 0.005208333333333333 0.009259259259259259
0 0.2838541666666667 0.24212962962962964 0.008333333333333333 0.01574074074074074
0 0.34817708333333336 0.1875 0.0036458333333333334 0.006481481481481481
0 0.31145833333333334 0.32916666666666666 0.011458333333333333 0.021296296296296296
0 0.3260416666666667 0.15231481481481482 0.011458333333333333 0.008333333333333333
