0 0.39296875 1.3444444444444446 0.06510416666666667 0.07407407407407407
0 0.425 1.2648148148148148 0.06145833333333333 0.07592592592592592
0 0.4703125 1.1782407407407407 0.065625 0.06388888888888888
0 0.51875 1.0393518518518519 0.06458333333333334 0.06388888888888888
0 0.5518229166666667 0.9513888888888888 0.0640625 0.058333333333333334
0 0.6278645833333333 0.9143518518518519 0.0546875 0.10833333333333334
0 0.5981770833333333 0.8375 0.06614583333333333 0.0787037037037037
0 0.6455729166666667 0.7217592592592592 0.06302083333333333 0.06574074074074074
0 0.68046875 0.6324074074074074 0.06197916666666667 0.08518518518518518
0 0.7171875 0.5449074074074074 0.06354166666666666 0.06944444444444445
0 0.840625 0.2587962962962963 0.07395833333333333 0.06574074074074074
0 0.9229166666666667 0.0412037037037037 0.05520833333333333 0.08055555555555556
0 1.0197916666666667 0.2569444444444444 0.03958333333333333 0.12685185185185185
0 0.9747395833333333 0.375 0.049479166666666664 0.12407407407407407
0 0.91328125 0.5328703703703703 0.0640625 0.062037037037037036
0 1.0182291666666667 1.1962962962962962 0.046875 0.10925925925925926
0 0.7052083333333333 1.063425925925926 0.05520833333333333 0.10648148148148148
0 0.7591145833333334 0.9402777777777778 0.0515625 0.10648148148148148
0 0.6033854166666667 1.288888888888889 0.06822916666666666 0.09444444444444444
