4 0.033854166666666664 0.2763888888888889 0.046875 0.05092592592592592
4 0.06822916666666666 0.3175925925925926 0.04791666666666667 0.053703703703703705
4 0.10911458333333333 0.36712962962962964 0.0546875 0.06759259259259259
4 0.16666666666666666 0.37546296296296294 0.04375 0.075
4 0.30182291666666666 0.39166666666666666 0.08177083333333333 0.06851851851851852
4 0.3875 0.35185185185185186 0.06875 0.06296296296296296
4 0.3143229166666667 0.48703703703703705 0.1046875 0.08518518518518518
4 0.3106770833333333 0.5467592592592593 0.09739583333333333 0.09537037037037037
4 0.31979166666666664 0.6208333333333333 0.13125 0.11203703703703703
4 0.37604166666666666 0.7185185185185186 0.12291666666666666 0.17962962962962964
4 0.4549479166666667 0.8041666666666667 0.11197916666666667 0.19722222222222222
4 0.40286458333333336 0.4300925925925926 0.0828125 0.08055555555555556
4 0.4783854166666667 0.37453703703703706 0.0671875 0.062037037037037036
4 0.4622395833333333 0.30694444444444446 0.06510416666666667 0.05648148148148148
4 0.603125 0.22916666666666666 0.04895833333333333 0.041666666666666664
4 0.6033854166666667 0.3162037037037037 0.04635416666666667 0.030555555555555555
