0 0.21041666666666667 0.25925925925925924 0.014583333333333334 0.009259259259259259
0 0.20494791666666667 0.2791666666666667 0.016145833333333335 0.012037037037037037
0 0.20286458333333332 0.2898148148148148 0.018229166666666668 0.012962962962962963
0 0.20026041666666666 0.3106481481481482 0.019270833333333334 0.013888888888888888
0 0.032552083333333336 0.9527777777777777 0.04635416666666667 0.027777777777777776
0 0.075 0.9453703703703704 0.034375 0.02962962962962963
0 0.25338541666666664 0.16111111111111112 0.013020833333333334 0.012962962962962963
0 0.25390625 0.14907407407407408 0.011979166666666667 0.011111111111111112
0 0.2559895833333333 0.11898148148148148 0.0109375 0.012037037037037037
0 0.37916666666666665 0.09212962962962963 0.005208333333333333 0.010185185185185186
0 0.39921875 0.03148148148148148 0.009895833333333333 0.007407407407407408
0 0.4005208333333333 0.011111111111111112 0.008333333333333333 0.007407407407407408
0 0.45416666666666666 0.20925925925925926 0.015625 0.011111111111111112
0 0.4513020833333333 0.19490740740740742 0.011979166666666667 0.012037037037037037
0 0.4466145833333333 0.25972222222222224 0.008854166666666666 0.017592592592592594
0 0.48541666666666666 0.28888888888888886 0.014583333333333334 0.016666666666666666
0 0.4 0.06805555555555555 0.00625 0.013888888888888888
0 0.6536458333333334 0.16342592592592592 0.0125 0.01574074074074074
0 0.6440104166666667 0.16157407407407406 0.0109375 0.012037037037037037
0 0.6505208333333333 0.13518518518518519 0.008333333333333333 0.012962962962962963
0 0.5572916666666666 0.26666666666666666 0.010416666666666666 0.020370370370370372
