0 0.11927083333333334 0.8337962962962963 0.057291666666666664 0.1935185185185185
0 0.3372395833333333 0.48842592592592593 0.0390625 0.10648148148148148
0 0.37604166666666666 0.4837962962962963 0.035416666666666666 0.09166666666666666
0 0.228125 0.4212962962962963 0.07083333333333333 0.05555555555555555
0 0.29140625 0.4898148148148148 0.034895833333333334 0.10740740740740741
0 0.4200520833333333 0.49212962962962964 0.04010416666666667 0.09537037037037037
0 0.49583333333333335 0.47638888888888886 0.04375 0.09537037037037037
0 0.4322916666666667 0.4097222222222222 0.06875 0.05092592592592592
0 0.46145833333333336 0.48935185185185187 0.03854166666666667 0.10833333333333334
0 0.44895833333333335 0.29953703703703705 0.03333333333333333 0.0712962962962963
