4 0.36354166666666665 0.05462962962962963 0.03333333333333333 0.05740740740740741
4 0.4796875 0.13333333333333333 0.023958333333333335 0.06666666666666667
4 0.37916666666666665 0.17685185185185184 0.05416666666666667 0.06481481481481481
4 0.21354166666666666 0.7925925925925926 0.03958333333333333 0.12407407407407407
4 0.2578125 0.8 0.042708333333333334 0.1259259259259259
4 0.29661458333333335 0.8240740740740741 0.0421875 0.13518518518518519
4 0.37265625 0.8462962962962963 0.0390625 0.13518518518518519
4 0.4513020833333333 0.8208333333333333 0.03177083333333333 0.125
4 0.6846354166666667 0.8236111111111111 0.0328125 0.09907407407407408
4 0.62109375 0.6125 0.06197916666666667 0.05648148148148148
4 0.6020833333333333 0.5407407407407407 0.06770833333333333 0.06666666666666667
