4 0.2989583333333333 0.44212962962962965 0.013541666666666667 0.026851851851851852
4 0.3333333333333333 0.6273148148148148 0.026041666666666668 0.05277777777777778
4 0.3078125 0.39166666666666666 0.010416666666666666 0.025925925925925925
4 0.315625 0.42083333333333334 0.0125 0.017592592592592594
4 0.30911458333333336 0.33935185185185185 0.0078125 0.013888888888888888
4 0.29192708333333334 0.3365740740740741 0.008854166666666666 0.013888888888888888
4 0.30494791666666665 0.3087962962962963 0.005729166666666666 0.010185185185185186
4 0.24114583333333334 0.33935185185185185 0.007291666666666667 0.013888888888888888
4 0.22447916666666667 0.3421296296296296 0.009375 0.021296296296296296
4 0.22838541666666667 0.33101851851851855 0.009895833333333333 0.01574074074074074
4 0.23203125 0.3106481481481482 0.008854166666666666 0.01574074074074074
4 0.23411458333333332 0.2949074074074074 0.0067708333333333336 0.008333333333333333
4 0.2875 0.28935185185185186 0.007291666666666667 0.013888888888888888
4 0.2796875 0.324537037037037 0.00625 0.01574074074074074
4 0.29765625 0.26851851851851855 0.005729166666666666 0.011111111111111112
4 0.28802083333333334 0.2773148148148148 0.00625 0.010185185185185186
4 0.28567708333333336 0.25416666666666665 0.005729166666666666 0.002777777777777778
4 0.29609375 0.2513888888888889 0.0036458333333333334 0.008333333333333333
4 0.28359375 0.24537037037037038 0.0067708333333333336 0.009259259259259259
4 0.29322916666666665 0.24305555555555555 0.005208333333333333 0.012037037037037037
4 0.28020833333333334 0.2222222222222222 0.005208333333333333 0.009259259259259259
4 0.28619791666666666 0.22407407407407406 0.0026041666666666665 0.005555555555555556
4 0.30442708333333335 0.2152777777777778 0.0036458333333333334 0.008333333333333333
