4 0.5182291666666666 0.9416666666666667 0.06145833333333333 0.05
4 0.58203125 0.9175925925925926 0.058854166666666666 0.05
4 0.5817708333333333 0.8708333333333333 0.059375 0.05092592592592592
4 0.5833333333333334 0.6949074074074074 0.021875 0.05092592592592592
4 0.63828125 0.6981481481481482 0.022395833333333334 0.06111111111111111
4 0.6640625 0.6995370370370371 0.025 0.06018518518518518
4 0.7239583333333334 0.7097222222222223 0.030208333333333334 0.05462962962962963
4 0.35052083333333334 0.5185185185185185 0.019791666666666666 0.037037037037037035
4 0.36953125 0.4638888888888889 0.015104166666666667 0.03148148148148148
4 0.3890625 0.4115740740740741 0.015625 0.028703703703703703
4 0.5309895833333333 0.5652777777777778 0.03697916666666667 0.030555555555555555
4 0.5359375 0.5421296296296296 0.03333333333333333 0.028703703703703703
4 0.5317708333333333 0.525 0.03229166666666667 0.025925925925925925
4 0.5580729166666667 0.31342592592592594 0.009895833333333333 0.023148148148148147
4 0.7276041666666667 0.47314814814814815 0.023958333333333335 0.020370370370370372
4 0.7421875 0.49953703703703706 0.030208333333333334 0.021296296296296296
4 0.75 0.5324074074074074 0.034375 0.027777777777777776
4 0.7588541666666667 0.5546296296296296 0.036458333333333336 0.027777777777777776
