0 0.13567708333333334 0.03611111111111111 0.025520833333333333 0.020370370370370372
0 0.15677083333333333 0.04027777777777778 0.027083333333333334 0.023148148148148147
0 0.05182291666666667 0.362962962962963 0.050520833333333334 0.05
0 0.1359375 0.4212962962962963 0.05520833333333333 0.05925925925925926
0 0.20885416666666667 0.4708333333333333 0.05625 0.06018518518518518
0 0.2669270833333333 0.513425925925926 0.07135416666666666 0.0712962962962963
0 0.19036458333333334 0.5268518518518519 0.0703125 0.08888888888888889
0 0.39348958333333334 0.6041666666666666 0.0765625 0.09907407407407408
0 0.47109375 0.5064814814814815 0.0359375 0.07962962962962963
0 0.5171875 0.5685185185185185 0.046875 0.09444444444444444
0 0.4671875 0.6342592592592593 0.0375 0.10925925925925926
0 0.240625 0.663425925925926 0.07291666666666667 0.09351851851851851
0 0.353125 0.675 0.078125 0.1
0 0.04973958333333333 0.9254629629629629 0.0984375 0.10277777777777777
0 0.024479166666666666 1.050462962962963 0.04895833333333333 0.11388888888888889
0 0.23723958333333334 0.8347222222222223 0.10989583333333333 0.11018518518518519
0 0.17760416666666667 0.9962962962962963 0.12604166666666666 0.18333333333333332
0 0.27109375 1.1851851851851851 0.14739583333333334 0.2037037037037037
0 0.40572916666666664 0.8541666666666666 0.08020833333333334 0.1638888888888889
0 0.43854166666666666 0.7643518518518518 0.078125 0.13055555555555556
0 0.5078125 0.7291666666666666 0.09375 0.0824074074074074
0 0.609375 0.8134259259259259 0.09791666666666667 0.11944444444444445
0 0.484375 1.2273148148148147 0.06666666666666667 0.262037037037037
0 0.5760416666666667 1.2083333333333333 0.09479166666666666 0.2611111111111111
0 0.71640625 1.2523148148148149 0.09635416666666667 0.2712962962962963
0 0.9768229166666667 0.17824074074074073 0.04635416666666667 0.030555555555555555
0 0.9359375 0.14722222222222223 0.017708333333333333 0.04259259259259259
0 1.0252604166666666 0.15046296296296297 0.0234375 0.03981481481481482
0 0.98671875 0.10185185185185185 0.044270833333333336 0.02962962962962963
0 1.02421875 0.09907407407407408 0.034895833333333334 0.040740740740740744
0 0.9635416666666666 0.04027777777777778 0.034375 0.026851851851851852
0 0.8809895833333333 0.027777777777777776 0.0328125 0.020370370370370372
