4 0.359375 0.7078703703703704 0.08020833333333334 0.06388888888888888
4 0.19817708333333334 0.8115740740740741 0.05572916666666667 0.1527777777777778
4 0.05286458333333333 0.7722222222222223 0.08697916666666666 0.05740740740740741
4 0.0921875 0.7078703703703704 0.08125 0.06574074074074074
4 0.14869791666666668 0.6361111111111111 0.07135416666666666 0.05925925925925926
4 0.18697916666666667 0.5421296296296296 0.053125 0.06388888888888888
4 0.24973958333333332 0.5162037037037037 0.049479166666666664 0.049074074074074076
4 0.35234375 0.6375 0.07135416666666666 0.062037037037037036
4 0.4705729166666667 0.7175925925925926 0.0921875 0.06851851851851852
4 0.44583333333333336 0.6074074074074074 0.034375 0.11851851851851852
4 0.53125 0.6148148148148148 0.03229166666666667 0.11296296296296296
4 0.59609375 0.7106481481481481 0.09114583333333333 0.0712962962962963
4 0.6419270833333334 0.4324074074074074 0.04635416666666667 0.07592592592592592
4 0.4546875 0.4222222222222222 0.028125 0.06666666666666667
4 0.34088541666666666 0.4444444444444444 0.022395833333333334 0.07777777777777778
4 0.30755208333333334 0.45092592592592595 0.027604166666666666 0.06851851851851852
4 0.5888020833333333 0.6148148148148148 0.05677083333333333 0.10555555555555556
4 0.37395833333333334 0.44537037037037036 0.026041666666666668 0.07592592592592592
4 0.36640625 0.5851851851851851 0.06927083333333334 0.06111111111111111
4 0.1609375 0.5921296296296297 0.06979166666666667 0.06388888888888888
4 0.6723958333333333 0.6203703703703703 0.06041666666666667 0.10740740740740741
4 0.6658854166666667 0.5171296296296296 0.059895833333333336 0.049074074074074076
4 0.7018229166666666 0.5888888888888889 0.0546875 0.1
4 0.6958333333333333 0.7106481481481481 0.06666666666666667 0.06759259259259259
4 0.02265625 0.7027777777777777 0.0453125 0.06666666666666667
