4 0.39947916666666666 0.874537037037037 0.03333333333333333 0.06574074074074074
4 0.37838541666666664 0.7180555555555556 0.033854166666666664 0.06759259259259259
4 0.37942708333333336 0.6388888888888888 0.0421875 0.040740740740740744
4 0.46927083333333336 0.5675925925925925 0.026041666666666668 0.05
4 0.51015625 0.4583333333333333 0.0234375 0.04814814814814815
4 0.5341145833333333 0.38333333333333336 0.019270833333333334 0.040740740740740744
4 0.5033854166666667 0.26944444444444443 0.0265625 0.020370370370370372
4 0.5122395833333333 0.25972222222222224 0.025520833333333333 0.021296296296296296
4 0.528125 0.21898148148148147 0.026041666666666668 0.023148148148148147
4 0.5479166666666667 0.17916666666666667 0.016666666666666666 0.019444444444444445
4 0.5518229166666667 0.1486111111111111 0.021354166666666667 0.017592592592592594
4 0.53203125 0.14351851851851852 0.016145833333333335 0.018518518518518517
4 0.45729166666666665 0.10787037037037037 0.01875 0.01574074074074074
4 0.0859375 0.21805555555555556 0.025 0.023148148148148147
4 0.16875 0.15462962962962962 0.019791666666666666 0.020370370370370372
4 0.1796875 0.03333333333333333 0.014583333333333334 0.012962962962962963
4 0.19114583333333332 0.014351851851851852 0.015625 0.012037037037037037
4 0.175 0.012037037037037037 0.010416666666666666 0.012962962962962963
4 0.19114583333333332 0.00787037037037037 0.013541666666666667 0.013888888888888888
4 0.21692708333333333 0.011574074074074073 0.0109375 0.012037037037037037
4 0.22213541666666667 0.014814814814814815 0.0109375 0.011111111111111112
4 0.4125 0.07962962962962963 0.016666666666666666 0.014814814814814815
4 0.35859375 0.010185185185185186 0.011979166666666667 0.016666666666666666
4 0.3690104166666667 0.005092592592592593 0.0109375 0.010185185185185186
4 0.6854166666666667 0.02175925925925926 0.009375 0.012037037037037037
4 0.6869791666666667 0.011574074074074073 0.008333333333333333 0.012037037037037037
