4 0.11588541666666667 0.6259259259259259 0.025520833333333333 0.07222222222222222
4 0.07161458333333333 0.4703703703703704 0.0203125 0.04259259259259259
4 0.046875 0.4166666666666667 0.016666666666666666 0.03333333333333333
4 0.09010416666666667 0.30185185185185187 0.015625 0.024074074074074074
4 0.12708333333333333 0.23148148148148148 0.011458333333333333 0.022222222222222223
4 0.14401041666666667 0.19722222222222222 0.009895833333333333 0.022222222222222223
4 0.09869791666666666 0.20787037037037037 0.009895833333333333 0.019444444444444445
4 0.12552083333333333 0.19166666666666668 0.008333333333333333 0.018518518518518517
4 0.14114583333333333 0.16064814814814815 0.007291666666666667 0.01574074074074074
4 0.12552083333333333 0.15833333333333333 0.009375 0.022222222222222223
4 0.315625 0.3814814814814815 0.016666666666666666 0.025925925925925925
4 0.3265625 0.4217592592592593 0.025 0.028703703703703703
4 0.3216145833333333 0.4587962962962963 0.0234375 0.03796296296296296
4 0.48125 0.6800925925925926 0.03229166666666667 0.06018518518518518
4 0.47734375 0.5046296296296297 0.034895833333333334 0.024074074074074074
4 0.478125 0.48333333333333334 0.03229166666666667 0.020370370370370372
4 0.4859375 0.4648148148148148 0.035416666666666666 0.025925925925925925
4 0.5328125 0.4532407407407407 0.03125 0.025
4 0.5841145833333333 0.38333333333333336 0.021354166666666667 0.024074074074074074
4 0.58828125 0.3537037037037037 0.027604166666666666 0.025925925925925925
4 0.6528645833333333 0.41944444444444445 0.027604166666666666 0.025925925925925925
4 0.6231770833333333 0.42916666666666664 0.028645833333333332 0.032407407407407406
4 0.6140625 0.41435185185185186 0.023958333333333335 0.026851851851851852
4 0.6296875 0.399537037037037 0.025 0.023148148148148147
4 0.6205729166666667 0.3875 0.025520833333333333 0.017592592592592594
4 0.60703125 0.37592592592592594 0.022395833333333334 0.022222222222222223
4 0.3875 0.18009259259259258 0.013541666666666667 0.012037037037037037
4 0.25104166666666666 0.27361111111111114 0.011458333333333333 0.019444444444444445
4 0.2635416666666667 0.19675925925925927 0.01875 0.01574074074074074
4 0.13828125 0.11064814814814815 0.0067708333333333336 0.012037037037037037
4 0.12604166666666666 0.11388888888888889 0.007291666666666667 0.014814814814814815
4 0.10963541666666667 0.0962962962962963 0.005729166666666666 0.011111111111111112
4 0.103125 0.08101851851851852 0.007291666666666667 0.012037037037037037
4 0.11614583333333334 0.07175925925925926 0.00625 0.010185185185185186
4 0.13854166666666667 0.09305555555555556 0.00625 0.010185185185185186
4 0.14166666666666666 0.0787037037037037 0.005208333333333333 0.011111111111111112
4 0.12734375 0.08796296296296297 0.0067708333333333336 0.014814814814814815
4 0.13359375 0.0625 0.005729166666666666 0.012037037037037037
4 0.12734375 0.04537037037037037 0.0046875 0.009259259259259259
4 0.11666666666666667 0.053703703703703705 0.005208333333333333 0.009259259259259259
4 0.13776041666666666 0.02638888888888889 0.0046875 0.008333333333333333
4 0.12838541666666667 0.030555555555555555 0.005729166666666666 0.007407407407407408
4 0.11171875 0.006944444444444444 0.0046875 0.008333333333333333
4 0.1078125 0.014351851851851852 0.005208333333333333 0.012037037037037037
4 0.5205729166666667 0.1125 0.011979166666666667 0.012037037037037037
4 0.021354166666666667 0.32037037037037036 0.017708333333333333 0.022222222222222223
4 0.50234375 0.37407407407407406 0.016145833333333335 0.020370370370370372
4 0.3026041666666667 0.4875 0.030208333333333334 0.028703703703703703
4 0.3848958333333333 0.16203703703703703 0.011458333333333333 0.012962962962962963
4 0.39401041666666664 0.16064814814814815 0.0109375 0.013888888888888888
4 0.40078125 0.15787037037037038 0.011979166666666667 0.013888888888888888
4 0.5072916666666667 0.10787037037037037 0.010416666666666666 0.010185185185185186
4 0.50390625 0.1050925925925926 0.0109375 0.010185185185185186
4 0.48828125 0.0699074074074074 0.008854166666666666 0.010185185185185186
4 0.49322916666666666 0.06805555555555555 0.011458333333333333 0.010185185185185186
4 0.49322916666666666 0.09814814814814815 0.011458333333333333 0.009259259259259259
