0 0.26588541666666665 0.1125 0.009895833333333333 0.03425925925925926
0 0.2786458333333333 0.3162037037037037 0.010416666666666666 0.03611111111111111
0 0.271875 0.23287037037037037 0.009375 0.03611111111111111
0 0.23411458333333332 0.562037037037037 0.0109375 0.03518518518518519
0 0.44192708333333336 0.45694444444444443 0.009895833333333333 0.03796296296296296
0 0.4153645833333333 0.24537037037037038 0.009895833333333333 0.03888888888888889
0 0.4783854166666667 0.25462962962962965 0.018229166666666668 0.018518518518518517
0 0.5096354166666667 0.26064814814814813 0.018229166666666668 0.017592592592592594
0 0.5354166666666667 0.26435185185185184 0.017708333333333333 0.017592592592592594
0 0.5580729166666667 0.26944444444444443 0.016145833333333335 0.014814814814814815
0 0.5799479166666667 0.2763888888888889 0.019270833333333334 0.01574074074074074
0 0.4942708333333333 0.2310185185185185 0.019791666666666666 0.013888888888888888
0 0.5239583333333333 0.18055555555555555 0.009375 0.03518518518518519
0 0.4315104166666667 0.11574074074074074 0.008854166666666666 0.037037037037037035
0 0.4421875 0.11435185185185186 0.009375 0.03796296296296296
0 0.31484375 0.7597222222222222 0.009895833333333333 0.03611111111111111
0 0.3125 0.7162037037037037 0.010416666666666666 0.03611111111111111
0 0.30833333333333335 0.6606481481481481 0.010416666666666666 0.03611111111111111
0 0.6520833333333333 0.29398148148148145 0.01875 0.019444444444444445
0 0.6971354166666667 0.30787037037037035 0.021354166666666667 0.019444444444444445
