0 0.9354166666666667 1.3453703703703703 0.08541666666666667 0.08703703703703704
0 0.9424479166666667 1.1685185185185185 0.05364583333333333 0.09259259259259259
0 0.85 1.0939814814814814 0.07083333333333333 0.08055555555555556
0 0.7171875 1.135185185185185 0.065625 0.08333333333333333
0 0.7669270833333334 1.0273148148148148 0.06197916666666667 0.07685185185185185
0 0.6885416666666667 0.962037037037037 0.057291666666666664 0.06481481481481481
0 0.6510416666666666 1.0703703703703704 0.05520833333333333 0.08703703703703704
0 0.5888020833333333 1.0194444444444444 0.05677083333333333 0.07592592592592592
0 0.653125 0.837037037037037 0.03229166666666667 0.04814814814814815
0 0.7325520833333333 0.7833333333333333 0.0484375 0.044444444444444446
0 0.5213541666666667 0.8361111111111111 0.042708333333333334 0.044444444444444446
0 0.484375 0.9236111111111112 0.04583333333333333 0.05648148148148148
0 0.6283854166666667 0.7402777777777778 0.0359375 0.041666666666666664
0 0.6401041666666667 0.7189814814814814 0.0375 0.03796296296296296
0 0.7098958333333333 0.7384259259259259 0.026041666666666668 0.03611111111111111
0 0.7315104166666667 0.6574074074074074 0.024479166666666666 0.037037037037037035
0 0.7216145833333333 0.6212962962962963 0.03177083333333333 0.03518518518518519
0 0.7416666666666667 0.6018518518518519 0.034375 0.03148148148148148
0 0.75234375 0.5916666666666667 0.033854166666666664 0.03148148148148148
0 0.7604166666666666 0.5833333333333334 0.029166666666666667 0.027777777777777776
0 0.7731770833333333 0.5777777777777777 0.025520833333333333 0.02962962962962963
0 0.7841145833333333 0.5726851851851852 0.028645833333333332 0.026851851851851852
0 0.4796875 0.8004629629629629 0.03958333333333333 0.04351851851851852
0 0.4328125 0.7662037037037037 0.035416666666666666 0.03981481481481482
0 0.37604166666666666 0.8185185185185185 0.03958333333333333 0.046296296296296294
0 0.340625 0.7833333333333333 0.0375 0.040740740740740744
0 0.3072916666666667 0.7486111111111111 0.027083333333333334 0.049074074074074076
0 0.32786458333333335 0.6851851851851852 0.027604166666666666 0.02962962962962963
0 0.30416666666666664 0.6652777777777777 0.026041666666666668 0.028703703703703703
0 0.39739583333333334 0.7384259259259259 0.03333333333333333 0.03796296296296296
0 0.30390625 0.6069444444444444 0.030729166666666665 0.026851851851851852
0 0.26666666666666666 0.6134259259259259 0.015625 0.028703703703703703
0 0.27786458333333336 0.7222222222222222 0.0171875 0.03333333333333333
0 1.0239583333333333 1.2361111111111112 0.035416666666666666 0.06666666666666667
0 0.83046875 0.5412037037037037 0.027604166666666666 0.026851851851851852
0 0.8520833333333333 0.5208333333333334 0.022916666666666665 0.017592592592592594
0 0.3307291666666667 0.3416666666666667 0.017708333333333333 0.016666666666666666
0 0.35052083333333334 0.34120370370370373 0.013541666666666667 0.010185185185185186
0 0.3846354166666667 0.36157407407407405 0.0109375 0.013888888888888888
0 0.3658854166666667 0.3509259259259259 0.0067708333333333336 0.014814814814814815
0 0.36875 0.3662037037037037 0.010416666666666666 0.010185185185185186
0 0.31484375 0.36527777777777776 0.0109375 0.012037037037037037
0 0.32109375 0.524074074074074 0.019270833333333334 0.020370370370370372
0 0.33541666666666664 0.5171296296296296 0.014583333333333334 0.019444444444444445
0 0.37109375 0.49907407407407406 0.019270833333333334 0.016666666666666666
0 0.38385416666666666 0.4930555555555556 0.014583333333333334 0.017592592592592594
0 0.34401041666666665 0.4722222222222222 0.0171875 0.018518518518518517
0 0.59453125 0.4060185185185185 0.018229166666666668 0.013888888888888888
0 0.6005208333333333 0.4027777777777778 0.016666666666666666 0.012962962962962963
0 0.609375 0.399537037037037 0.017708333333333333 0.012037037037037037
0 0.6135416666666667 0.39444444444444443 0.016666666666666666 0.012962962962962963
0 0.6075520833333333 0.38287037037037036 0.0140625 0.012037037037037037
0 0.5997395833333333 0.38101851851851853 0.015104166666666667 0.013888888888888888
0 0.8231770833333333 0.36157407407407405 0.0140625 0.017592592592592594
