0 0.27057291666666666 0.3837962962962963 0.0234375 0.09537037037037037
0 0.28125 0.7351851851851852 0.029166666666666667 0.12777777777777777
0 0.4765625 0.8430555555555556 0.042708333333333334 0.14907407407407408
0 0.37890625 0.5847222222222223 0.027604166666666666 0.1175925925925926
0 0.3502604166666667 0.3023148148148148 0.0203125 0.0824074074074074
0 0.3463541666666667 0.2074074074074074 0.020833333333333332 0.06111111111111111
0 0.5677083333333334 0.39675925925925926 0.029166666666666667 0.08055555555555556
0 0.37786458333333334 0.19814814814814816 0.0171875 0.06666666666666667
0 0.4375 0.22685185185185186 0.020833333333333332 0.06296296296296296
0 0.44114583333333335 0.31851851851851853 0.023958333333333335 0.07407407407407407
0 0.47708333333333336 0.3199074074074074 0.029166666666666667 0.08425925925925926
0 0.46822916666666664 0.22314814814814815 0.020833333333333332 0.06111111111111111
0 0.6630208333333333 0.1537037037037037 0.034375 0.06851851851851852
0 0.40911458333333334 0.04675925925925926 0.0390625 0.04537037037037037
0 0.62109375 0.362962962962963 0.04010416666666667 0.07777777777777778
0 0.6880208333333333 0.15185185185185185 0.027083333333333334 0.06666666666666667
0 0.7127604166666667 0.14953703703703702 0.0265625 0.06574074074074074
0 0.6278645833333333 0.2263888888888889 0.043229166666666666 0.07314814814814814
0 0.69609375 0.3351851851851852 0.049479166666666664 0.044444444444444446
0 0.7065104166666667 0.2439814814814815 0.0453125 0.041666666666666664
