4 0.4661458333333333 0.7564814814814815 0.0875 0.07777777777777778
4 0.44296875 0.6976851851851852 0.08177083333333333 0.0712962962962963
4 0.42604166666666665 0.5976851851851852 0.065625 0.058333333333333334
4 0.42239583333333336 0.5717592592592593 0.05416666666666667 0.03611111111111111
4 0.4674479166666667 0.5143518518518518 0.024479166666666666 0.041666666666666664
4 0.5208333333333334 0.5069444444444444 0.029166666666666667 0.041666666666666664
4 0.5484375 0.5069444444444444 0.035416666666666666 0.03981481481481482
4 0.5736979166666667 0.5013888888888889 0.0296875 0.03611111111111111
4 0.51015625 0.45416666666666666 0.0234375 0.03981481481481482
4 0.6502604166666667 0.40185185185185185 0.0265625 0.02962962962962963
4 0.38723958333333336 0.44907407407407407 0.0453125 0.03333333333333333
4 0.30494791666666665 0.4726851851851852 0.0234375 0.03981481481481482
4 0.29739583333333336 0.4398148148148148 0.03125 0.027777777777777776
4 0.3828125 0.43333333333333335 0.03958333333333333 0.027777777777777776
4 0.3809895833333333 0.41759259259259257 0.04114583333333333 0.025925925925925925
4 0.3763020833333333 0.3912037037037037 0.0359375 0.028703703703703703
4 0.37552083333333336 0.37546296296296294 0.034375 0.021296296296296296
4 0.3723958333333333 0.3625 0.034375 0.021296296296296296
4 0.3697916666666667 0.3458333333333333 0.028125 0.019444444444444445
4 0.4044270833333333 0.3351851851851852 0.03177083333333333 0.020370370370370372
4 0.30494791666666665 0.32916666666666666 0.0296875 0.019444444444444445
4 0.3111979166666667 0.3199074074074074 0.0234375 0.017592592592592594
4 0.371875 0.32407407407407407 0.028125 0.020370370370370372
4 0.38333333333333336 0.3087962962962963 0.022916666666666665 0.013888888888888888
4 0.32760416666666664 0.3037037037037037 0.023958333333333335 0.016666666666666666
4 0.3346354166666667 0.2935185185185185 0.011979166666666667 0.016666666666666666
