4 0.35598958333333336 0.8768518518518519 0.05572916666666667 0.14444444444444443
4 0.31640625 0.7467592592592592 0.0640625 0.10833333333333334
4 0.28619791666666666 0.549537037037037 0.04114583333333333 0.09722222222222222
4 0.2598958333333333 0.4546296296296296 0.03229166666666667 0.06666666666666667
4 0.24661458333333333 0.38055555555555554 0.044270833333333336 0.07037037037037037
4 0.23828125 0.26666666666666666 0.03697916666666667 0.05
4 0.21848958333333332 0.17314814814814813 0.024479166666666666 0.05555555555555555
4 0.253125 0.18472222222222223 0.026041666666666668 0.05092592592592592
4 0.23697916666666666 0.32222222222222224 0.042708333333333334 0.05740740740740741
4 0.15546875 0.937962962962963 0.0828125 0.06851851851851852
4 0.14192708333333334 0.8689814814814815 0.08489583333333334 0.10092592592592593
4 0.12526041666666668 0.7245370370370371 0.08489583333333334 0.08055555555555556
4 0.12135416666666667 0.6574074074074074 0.08020833333333334 0.06666666666666667
4 0.121875 0.6083333333333333 0.07708333333333334 0.06481481481481481
4 0.11901041666666666 0.5652777777777778 0.0703125 0.058333333333333334
4 0.12552083333333333 0.5212962962962963 0.075 0.05555555555555555
4 0.12604166666666666 0.4638888888888889 0.06145833333333333 0.07592592592592592
4 0.12421875 0.4199074074074074 0.0609375 0.058333333333333334
4 0.12135416666666667 0.37453703703703706 0.052083333333333336 0.0712962962962963
4 0.11484375 0.29444444444444445 0.050520833333333334 0.04814814814814815
4 0.11666666666666667 0.262037037037037 0.051041666666666666 0.04814814814814815
4 0.12005208333333334 0.22870370370370371 0.043229166666666666 0.04814814814814815
4 0.11223958333333334 0.17175925925925925 0.04010416666666667 0.03981481481481482
4 0.1140625 0.15138888888888888 0.04479166666666667 0.030555555555555555
4 0.11770833333333333 0.1300925925925926 0.03854166666666667 0.03425925925925926
4 0.11354166666666667 0.10925925925925926 0.0375 0.02962962962962963
4 0.11953125 0.09398148148148149 0.033854166666666664 0.026851851851851852
4 0.11458333333333333 0.08009259259259259 0.0375 0.03981481481481482
4 0.1171875 0.06481481481481481 0.0375 0.02962962962962963
4 0.11432291666666666 0.05185185185185185 0.0328125 0.03518518518518519
4 0.10546875 0.03981481481481482 0.0328125 0.03518518518518519
4 0.05078125 0.02638888888888889 0.0359375 0.032407407407407406
4 0.11223958333333334 0.013888888888888888 0.034895833333333334 0.027777777777777776
4 0.20625 0.016203703703703703 0.034375 0.026851851851851852
4 0.19479166666666667 0.03981481481481482 0.015625 0.02962962962962963
4 0.19947916666666668 0.06898148148148148 0.015625 0.032407407407407406
4 0.20520833333333333 0.10138888888888889 0.017708333333333333 0.03981481481481482
4 0.2109375 0.1337962962962963 0.023958333333333335 0.03796296296296296
4 0.5497395833333333 0.5435185185185185 0.0640625 0.08703703703703704
4 0.5776041666666667 0.5986111111111111 0.0625 0.11018518518518519
