4 0.14869791666666668 0.11666666666666667 0.021354166666666667 0.022222222222222223
4 0.1125 0.225 0.013541666666666667 0.03518518518518519
4 0.20494791666666667 0.08842592592592592 0.0203125 0.023148148148148147
4 0.17057291666666666 0.10231481481481482 0.019270833333333334 0.028703703703703703
4 0.24348958333333334 0.15787037037037038 0.0171875 0.025
4 0.016927083333333332 0.22546296296296298 0.015104166666666667 0.041666666666666664
4 0.03723958333333333 0.5555555555555556 0.016145833333333335 0.046296296296296294
4 0.08932291666666667 0.41805555555555557 0.015104166666666667 0.04351851851851852
4 0.071875 0.6837962962962963 0.015625 0.05462962962962963
4 0.5200520833333333 0.3421296296296296 0.025520833333333333 0.030555555555555555
4 0.6161458333333333 0.27361111111111114 0.020833333333333332 0.019444444444444445
4 0.2986979166666667 0.2361111111111111 0.019270833333333334 0.02962962962962963
4 0.036458333333333336 0.22824074074074074 0.020833333333333332 0.03796296296296296
4 0.04739583333333333 0.2986111111111111 0.01875 0.03425925925925926
4 0.17473958333333334 0.4708333333333333 0.0265625 0.025
4 0.16901041666666666 0.4444444444444444 0.024479166666666666 0.020370370370370372
4 0.5278645833333333 0.4324074074074074 0.022395833333333334 0.03148148148148148
4 0.08255208333333333 0.06805555555555555 0.0203125 0.023148148148148147
