0 0.03958333333333333 0.1300925925925926 0.025 0.062037037037037036
0 0.06901041666666667 0.12638888888888888 0.024479166666666666 0.0712962962962963
0 0.03229166666666667 0.32314814814814813 0.04895833333333333 0.05925925925925926
0 0.0890625 0.3277777777777778 0.040625 0.040740740740740744
0 0.14557291666666666 0.3449074074074074 0.050520833333333334 0.04351851851851852
0 0.6283854166666667 0.2824074074074074 0.0484375 0.046296296296296294
0 0.36640625 0.5481481481481482 0.033854166666666664 0.09074074074074075
0 0.3541666666666667 0.8138888888888889 0.029166666666666667 0.1259259259259259
0 0.3971354166666667 0.8212962962962963 0.0296875 0.11666666666666667
0 0.44244791666666666 0.9337962962962963 0.033854166666666664 0.075
