4 0.26328125 0.7393518518518518 0.05364583333333333 0.18796296296296297
4 0.30390625 0.43703703703703706 0.0390625 0.11851851851851852
4 0.36354166666666665 0.48518518518518516 0.0375 0.09814814814814815
4 0.41875 0.6861111111111111 0.051041666666666666 0.16296296296296298
4 0.40729166666666666 0.5333333333333333 0.040625 0.11851851851851852
4 0.4075520833333333 0.4152777777777778 0.03697916666666667 0.08425925925925926
4 0.4440104166666667 0.8833333333333333 0.0609375 0.17777777777777778
4 0.03333333333333333 0.850462962962963 0.06666666666666667 0.21388888888888888
4 0.22239583333333332 0.4134259259259259 0.04583333333333333 0.10277777777777777
4 0.23463541666666668 0.3351851851851852 0.034895833333333334 0.06111111111111111
4 0.3171875 0.2449074074074074 0.027083333333333334 0.06388888888888888
4 0.30416666666666664 0.1587962962962963 0.022916666666666665 0.04722222222222222
4 0.29192708333333334 0.08842592592592592 0.0171875 0.03796296296296296
4 0.28229166666666666 0.1425925925925926 0.027083333333333334 0.040740740740740744
4 0.39557291666666666 0.2722222222222222 0.028645833333333332 0.05740740740740741
4 0.30104166666666665 0.053703703703703705 0.021875 0.025925925925925925
4 0.25677083333333334 0.03796296296296296 0.016666666666666666 0.03148148148148148
4 0.31171875 0.01712962962962963 0.028645833333333332 0.023148148148148147
4 0.3111979166666667 0.027777777777777776 0.0265625 0.020370370370370372
4 0.30963541666666666 0.03657407407407407 0.0265625 0.025
4 0.39348958333333334 0.11944444444444445 0.028645833333333332 0.03148148148148148
4 0.3763020833333333 0.0699074074074074 0.0296875 0.026851851851851852
4 0.3729166666666667 0.0375 0.027083333333333334 0.019444444444444445
4 0.37213541666666666 0.028703703703703703 0.024479166666666666 0.018518518518518517
4 0.37421875 0.00787037037037037 0.025520833333333333 0.01574074074074074
4 0.4786458333333333 0.2861111111111111 0.03125 0.06481481481481481
4 0.4328125 0.09305555555555556 0.017708333333333333 0.032407407407407406
4 0.42864583333333334 0.06712962962962964 0.016666666666666666 0.028703703703703703
4 0.42421875 0.034722222222222224 0.015104166666666667 0.023148148148148147
4 0.28489583333333335 0.01574074074074074 0.013541666666666667 0.03148148148148148
4 0.178125 0.06666666666666667 0.03125 0.03148148148148148
4 0.13333333333333333 0.4981481481481482 0.03854166666666667 0.08703703703703704
