0 0.5955729166666667 1.0810185185185186 0.0984375 0.08611111111111111
0 0.5393229166666667 1.0 0.08072916666666667 0.1111111111111111
0 0.6421875 0.9050925925925926 0.06770833333333333 0.07685185185185185
0 0.69921875 0.8453703703703703 0.0546875 0.06296296296296296
0 0.6510416666666666 0.7509259259259259 0.04895833333333333 0.05740740740740741
0 0.69765625 0.7231481481481481 0.05260416666666667 0.05
0 0.35833333333333334 0.8680555555555556 0.04791666666666667 0.08055555555555556
0 0.1140625 0.6444444444444445 0.052083333333333336 0.037037037037037035
0 0.12005208333333334 0.6291666666666667 0.0453125 0.03425925925925926
0 0.07604166666666666 0.674074074074074 0.041666666666666664 0.03518518518518519
0 0.10651041666666666 0.7407407407407407 0.027604166666666666 0.04814814814814815
0 0.10078125 0.7023148148148148 0.0328125 0.04722222222222222
