4 0.0578125 0.8893518518518518 0.09375 0.16574074074074074
4 0.1109375 0.5851851851851851 0.059375 0.1574074074074074
4 0.2747395833333333 0.6027777777777777 0.0953125 0.10925925925925926
4 0.3609375 0.8981481481481481 0.05 0.14814814814814814
4 0.6856770833333333 0.9115740740740741 0.08385416666666666 0.12129629629629629
4 0.5854166666666667 0.6583333333333333 0.06770833333333333 0.18333333333333332
4 0.60078125 0.425462962962963 0.06510416666666667 0.1398148148148148
4 0.5020833333333333 0.6986111111111111 0.10833333333333334 0.1398148148148148
4 0.4895833333333333 0.5976851851851852 0.096875 0.1287037037037037
4 0.4783854166666667 0.5097222222222222 0.08489583333333334 0.11388888888888889
4 0.40130208333333334 0.46296296296296297 0.0390625 0.11851851851851852
4 0.46848958333333335 0.3680555555555556 0.0640625 0.10833333333333334
4 0.4440104166666667 0.19305555555555556 0.034895833333333334 0.06944444444444445
4 0.42526041666666664 0.06759259259259259 0.027604166666666666 0.046296296296296294
4 0.42213541666666665 0.024537037037037038 0.024479166666666666 0.04722222222222222
4 0.45 0.01898148148148148 0.026041666666666668 0.03611111111111111
4 0.28359375 0.5032407407407408 0.0890625 0.09907407407407408
4 0.28828125 0.35324074074074074 0.07760416666666667 0.10092592592592593
4 0.29296875 0.2967592592592593 0.0671875 0.08055555555555556
4 0.17630208333333333 0.3087962962962963 0.0421875 0.0824074074074074
4 0.19973958333333333 0.20324074074074075 0.03697916666666667 0.07314814814814814
