0 0.15260416666666668 0.625462962962963 0.05625 0.15833333333333333
0 0.2994791666666667 0.5486111111111112 0.04375 0.15462962962962962
0 0.22005208333333334 0.44027777777777777 0.0359375 0.125
0 0.25442708333333336 0.8560185185185185 0.059895833333333336 0.21944444444444444
0 0.19453125 0.8537037037037037 0.05572916666666667 0.23333333333333334
0 0.11979166666666667 0.8689814814814815 0.07916666666666666 0.2064814814814815
0 0.240625 0.0787037037037037 0.03333333333333333 0.08333333333333333
0 0.37864583333333335 0.08981481481481482 0.029166666666666667 0.06111111111111111
0 0.40182291666666664 0.03935185185185185 0.021354166666666667 0.05277777777777778
0 0.43255208333333334 0.07546296296296297 0.022395833333333334 0.058333333333333334
0 0.22421875 0.3337962962962963 0.0359375 0.10277777777777777
0 0.4622395833333333 0.05138888888888889 0.027604166666666666 0.05092592592592592
0 0.48151041666666666 0.12083333333333333 0.033854166666666664 0.06018518518518518
0 0.5356770833333333 0.10972222222222222 0.03177083333333333 0.049074074074074076
0 0.615625 0.08472222222222223 0.05520833333333333 0.04722222222222222
0 0.50625 0.027314814814814816 0.029166666666666667 0.04722222222222222
0 0.5526041666666667 0.010185185185185186 0.028125 0.020370370370370372
0 0.5653645833333333 0.32731481481481484 0.05364583333333333 0.09537037037037037
0 0.5921875 0.28379629629629627 0.052083333333333336 0.08981481481481482
0 0.6325520833333333 0.375 0.07239583333333334 0.1111111111111111
0 0.6080729166666666 0.4527777777777778 0.06614583333333333 0.11666666666666667
0 0.66796875 0.6180555555555556 0.09322916666666667 0.16944444444444445
0 0.7096354166666666 0.8245370370370371 0.03697916666666667 0.16944444444444445
