0 0.09661458333333334 0.8944444444444445 0.1765625 0.15555555555555556
0 0.5755208333333334 0.8722222222222222 0.10104166666666667 0.2
0 0.1796875 0.7314814814814815 0.18020833333333333 0.1388888888888889
0 0.21953125 0.6291666666666667 0.1578125 0.11574074074074074
0 0.55078125 0.6976851851851852 0.10364583333333334 0.19537037037037036
0 0.28177083333333336 0.4810185185185185 0.11458333333333333 0.08611111111111111
0 0.5643229166666667 0.4675925925925926 0.05572916666666667 0.12222222222222222
0 0.5557291666666667 0.3736111111111111 0.06354166666666666 0.07314814814814814
0 0.5552083333333333 0.30694444444444446 0.05520833333333333 0.08796296296296297
0 0.57890625 0.23842592592592593 0.0546875 0.05092592592592592
0 0.30911458333333336 0.4305555555555556 0.07864583333333333 0.06666666666666667
0 0.3260416666666667 0.3972222222222222 0.08958333333333333 0.08148148148148149
0 0.33880208333333334 0.36574074074074076 0.0765625 0.07222222222222222
0 0.3625 0.34074074074074073 0.08854166666666667 0.06111111111111111
0 0.3809895833333333 0.3050925925925926 0.07447916666666667 0.05648148148148148
0 0.3888020833333333 0.2759259259259259 0.06510416666666667 0.04814814814814815
0 0.40520833333333334 0.24953703703703703 0.06770833333333333 0.06018518518518518
0 0.41692708333333334 0.2037037037037037 0.06197916666666667 0.046296296296296294
0 0.43515625 0.19027777777777777 0.0578125 0.04537037037037037
0 0.44479166666666664 0.17175925925925925 0.046875 0.03796296296296296
0 0.46953125 0.12546296296296297 0.04114583333333333 0.03981481481481482
0 0.478125 0.11203703703703703 0.04375 0.03333333333333333
0 0.47942708333333334 0.10185185185185185 0.0390625 0.03148148148148148
0 0.484375 0.09768518518518518 0.040625 0.026851851851851852
0 0.48385416666666664 0.08935185185185185 0.040625 0.023148148148148147
0 0.490625 0.07083333333333333 0.035416666666666666 0.028703703703703703
0 0.5036458333333333 0.06481481481481481 0.03229166666666667 0.02962962962962963
0 0.5122395833333333 0.047685185185185185 0.027604166666666666 0.028703703703703703
0 0.5158854166666667 0.03657407407407407 0.027604166666666666 0.023148148148148147
0 0.51875 0.020370370370370372 0.023958333333333335 0.022222222222222223
0 0.5752604166666667 0.1763888888888889 0.028645833333333332 0.05092592592592592
0 0.5763020833333333 0.13703703703703704 0.021354166666666667 0.03333333333333333
0 0.5768229166666666 0.11388888888888889 0.018229166666666668 0.025925925925925925
0 0.5778645833333333 0.0962962962962963 0.0171875 0.022222222222222223
0 0.596875 0.09259259259259259 0.036458333333333336 0.03518518518518519
0 0.5809895833333333 0.04814814814814815 0.0140625 0.014814814814814815
0 0.5768229166666666 0.041666666666666664 0.018229166666666668 0.018518518518518517
0 0.5822916666666667 0.03148148148148148 0.013541666666666667 0.020370370370370372
0 0.5817708333333333 0.022222222222222223 0.0125 0.018518518518518517
0 0.5296875 0.00787037037037037 0.0125 0.01574074074074074
0 0.6192708333333333 0.1925925925925926 0.022916666666666665 0.037037037037037035
