4 0.31692708333333336 0.20694444444444443 0.0036458333333333334 0.002777777777777778
4 0.32473958333333336 0.21157407407407408 0.0036458333333333334 0.004629629629629629
4 0.34010416666666665 0.23564814814814813 0.003125 0.004629629629629629
4 0.3497395833333333 0.23703703703703705 0.0026041666666666665 0.005555555555555556
4 0.34609375 0.23796296296296296 0.0026041666666666665 0.005555555555555556
4 0.3463541666666667 0.24305555555555555 0.003125 0.006481481481481481
4 0.3341145833333333 0.2625 0.0036458333333333334 0.004629629629629629
4 0.33984375 0.25787037037037036 0.0026041666666666665 0.004629629629629629
4 0.34739583333333335 0.25787037037037036 0.003125 0.004629629629629629
4 0.37473958333333335 0.2949074074074074 0.0036458333333333334 0.008333333333333333
4 0.35390625 0.28379629629629627 0.0036458333333333334 0.006481481481481481
4 0.34739583333333335 0.29074074074074074 0.003125 0.007407407407407408
4 0.34817708333333336 0.3101851851851852 0.0046875 0.007407407407407408
4 0.31796875 0.3199074074074074 0.0036458333333333334 0.006481481481481481
4 0.33645833333333336 0.31157407407407406 0.004166666666666667 0.006481481481481481
4 0.3338541666666667 0.37453703703703706 0.00625 0.010185185185185186
4 0.22578125 0.6194444444444445 0.018229166666666668 0.025925925925925925
4 0.23151041666666666 0.5981481481481481 0.021354166666666667 0.024074074074074074
4 0.25859375 0.6523148148148148 0.013020833333333334 0.025
4 0.36484375 0.5643518518518519 0.009895833333333333 0.026851851851851852
4 0.2953125 0.5199074074074074 0.008333333333333333 0.017592592592592594
4 0.34817708333333336 0.39444444444444443 0.0067708333333333336 0.012962962962962963
4 0.37265625 0.3939814814814815 0.005729166666666666 0.012037037037037037
4 0.4596354166666667 0.2967592592592593 0.0046875 0.008333333333333333
4 0.4549479166666667 0.3050925925925926 0.0046875 0.006481481481481481
4 0.4479166666666667 0.29259259259259257 0.003125 0.005555555555555556
4 0.45 0.2884259259259259 0.004166666666666667 0.004629629629629629
4 0.46484375 0.2847222222222222 0.0067708333333333336 0.006481481481481481
