0 0.16510416666666666 0.8444444444444444 0.078125 0.13333333333333333
0 0.6453125 0.8319444444444445 0.12708333333333333 0.08796296296296297
0 0.6018229166666667 0.7685185185185185 0.1046875 0.06851851851851852
0 0.5802083333333333 0.7319444444444444 0.084375 0.05462962962962963
0 0.5494791666666666 0.7018518518518518 0.065625 0.046296296296296294
0 0.5380208333333333 0.6796296296296296 0.06354166666666666 0.04814814814814815
0 0.6424479166666667 0.6430555555555556 0.05260416666666667 0.04351851851851852
0 0.6390625 0.6162037037037037 0.04791666666666667 0.030555555555555555
0 0.5911458333333334 0.6013888888888889 0.035416666666666666 0.028703703703703703
0 0.5888020833333333 0.5907407407407408 0.034895833333333334 0.022222222222222223
0 0.5630208333333333 0.5861111111111111 0.035416666666666666 0.022222222222222223
0 0.5653645833333333 0.5685185185185185 0.030729166666666665 0.018518518518518517
0 0.5697916666666667 0.5541666666666667 0.013541666666666667 0.017592592592592594
0 0.5638020833333334 0.5416666666666666 0.024479166666666666 0.012962962962962963
0 0.5036458333333333 0.6675925925925926 0.05520833333333333 0.03888888888888889
0 0.5307291666666667 0.6226851851851852 0.034375 0.03611111111111111
0 0.5453125 0.5731481481481482 0.035416666666666666 0.024074074074074074
0 0.5302083333333333 0.5708333333333333 0.025 0.019444444444444445
0 0.5177083333333333 0.5569444444444445 0.0125 0.013888888888888888
0 0.5388020833333333 0.5449074074074074 0.024479166666666666 0.013888888888888888
0 0.46119791666666665 0.6967592592592593 0.0390625 0.058333333333333334
0 0.48854166666666665 0.6486111111111111 0.05520833333333333 0.03981481481481482
0 0.4625 0.5990740740740741 0.036458333333333336 0.024074074074074074
0 0.45286458333333335 0.5925925925925926 0.034895833333333334 0.025925925925925925
0 0.4518229166666667 0.5842592592592593 0.027604166666666666 0.020370370370370372
0 0.4471354166666667 0.5800925925925926 0.0234375 0.017592592592592594
0 0.45208333333333334 0.5712962962962963 0.027083333333333334 0.018518518518518517
0 0.44505208333333335 0.5703703703703704 0.022395833333333334 0.018518518518518517
0 0.43671875 0.5652777777777778 0.024479166666666666 0.017592592592592594
0 0.45416666666666666 0.5587962962962963 0.015625 0.017592592592592594
0 0.4596354166666667 0.5523148148148148 0.025520833333333333 0.013888888888888888
0 0.43385416666666665 0.6282407407407408 0.025 0.03796296296296296
0 0.40963541666666664 0.5995370370370371 0.0203125 0.026851851851851852
0 0.36614583333333334 0.575925925925926 0.014583333333333334 0.022222222222222223
0 0.3963541666666667 0.549537037037037 0.022916666666666665 0.013888888888888888
0 0.30703125 0.5671296296296297 0.013020833333333334 0.019444444444444445
0 0.3502604166666667 0.5606481481481481 0.0109375 0.019444444444444445
0 0.3416666666666667 0.5291666666666667 0.007291666666666667 0.012037037037037037
0 0.35859375 0.5296296296296297 0.008854166666666666 0.014814814814814815
0 0.365625 0.5203703703703704 0.007291666666666667 0.011111111111111112
0 0.35390625 0.5152777777777777 0.005729166666666666 0.008333333333333333
0 0.34609375 0.5189814814814815 0.0067708333333333336 0.010185185185185186
0 0.34322916666666664 0.513425925925926 0.005208333333333333 0.008333333333333333
0 0.34322916666666664 0.5083333333333333 0.005208333333333333 0.007407407407407408
0 0.3484375 0.5023148148148148 0.004166666666666667 0.006481481481481481
0 0.3223958333333333 0.5027777777777778 0.004166666666666667 0.007407407407407408
0 0.32760416666666664 0.5009259259259259 0.004166666666666667 0.005555555555555556
0 0.33307291666666666 0.5018518518518519 0.0046875 0.007407407407407408
0 0.32473958333333336 0.49212962962962964 0.0036458333333333334 0.004629629629629629
0 0.3216145833333333 0.4925925925925926 0.0026041666666666665 0.003703703703703704
0 0.34348958333333335 0.49722222222222223 0.0036458333333333334 0.005555555555555556
0 0.33177083333333335 0.49074074074074076 0.003125 0.003703703703703704
0 0.3346354166666667 0.4888888888888889 0.0026041666666666665 0.003703703703703704
0 0.3424479166666667 0.4861111111111111 0.0015625 0.003703703703703704
0 0.38697916666666665 0.5018518518518519 0.008333333333333333 0.007407407407407408
0 0.38776041666666666 0.49675925925925923 0.0067708333333333336 0.004629629629629629
0 0.3807291666666667 0.49166666666666664 0.00625 0.005555555555555556
0 0.36875 0.4898148148148148 0.005208333333333333 0.005555555555555556
0 0.35520833333333335 0.4930555555555556 0.005208333333333333 0.004629629629629629
0 0.35104166666666664 0.49212962962962964 0.003125 0.004629629629629629
0 0.3497395833333333 0.49027777777777776 0.0026041666666666665 0.002777777777777778
