0 0.25442708333333336 0.056018518518518516 0.0265625 0.09166666666666666
0 0.30416666666666664 0.022222222222222223 0.023958333333333335 0.044444444444444446
0 0.42213541666666665 0.06759259259259259 0.025520833333333333 0.09444444444444444
0 0.41796875 0.17546296296296296 0.025520833333333333 0.09351851851851851
0 0.17734375 0.9453703703703704 0.06302083333333333 0.046296296296296294
0 0.30130208333333336 0.8625 0.0296875 0.11018518518518519
0 0.4359375 0.8814814814814815 0.027083333333333334 0.1259259259259259
0 0.3020833333333333 0.7111111111111111 0.028125 0.12222222222222222
0 0.42890625 0.6393518518518518 0.025520833333333333 0.10092592592592593
0 0.42942708333333335 0.5236111111111111 0.0234375 0.09166666666666666
0 0.35182291666666665 0.5925925925925926 0.028645833333333332 0.12037037037037036
0 0.30130208333333336 0.5888888888888889 0.025520833333333333 0.1
0 0.23802083333333332 0.5574074074074075 0.027083333333333334 0.1
0 0.20625 0.39490740740740743 0.06145833333333333 0.04351851851851852
0 0.26979166666666665 0.3074074074074074 0.027083333333333334 0.10555555555555556
