0 0.21692708333333333 0.12916666666666668 0.005729166666666666 0.013888888888888888
0 0.2109375 0.17222222222222222 0.007291666666666667 0.016666666666666666
0 0.21927083333333333 0.2050925925925926 0.007291666666666667 0.019444444444444445
0 0.23645833333333333 0.2351851851851852 0.010416666666666666 0.018518518518518517
0 0.23046875 0.27175925925925926 0.011979166666666667 0.017592592592592594
0 0.2513020833333333 0.3055555555555556 0.016145833333333335 0.022222222222222223
0 0.2825520833333333 0.2865740740740741 0.016145833333333335 0.026851851851851852
0 0.20234375 0.3148148148148148 0.0234375 0.024074074074074074
0 0.17994791666666668 0.3402777777777778 0.016145833333333335 0.028703703703703703
0 0.16197916666666667 0.29814814814814816 0.016666666666666666 0.025925925925925925
0 0.35911458333333335 0.22268518518518518 0.0171875 0.017592592592592594
0 0.36614583333333334 0.21712962962962962 0.0125 0.01574074074074074
0 0.19375 0.44907407407407407 0.030208333333333334 0.03148148148148148
0 0.17109375 0.5560185185185185 0.033854166666666664 0.03981481481481482
0 0.062239583333333334 0.5171296296296296 0.0390625 0.026851851851851852
0 0.012239583333333333 0.5435185185185185 0.024479166666666666 0.03333333333333333
0 0.7234375 0.03657407407407407 0.005208333333333333 0.008333333333333333
0 0.59765625 0.16712962962962963 0.0078125 0.01574074074074074
0 0.5731770833333333 0.21388888888888888 0.009895833333333333 0.018518518518518517
0 0.5380208333333333 0.08009259259259259 0.011458333333333333 0.012037037037037037
0 0.5557291666666667 0.06342592592592593 0.010416666666666666 0.008333333333333333
0 0.5606770833333333 0.062037037037037036 0.009895833333333333 0.009259259259259259
0 0.5015625 0.10046296296296296 0.011458333333333333 0.012037037037037037
0 0.49583333333333335 0.07777777777777778 0.010416666666666666 0.011111111111111112
0 0.48072916666666665 0.10925925925925926 0.011458333333333333 0.011111111111111112
0 0.484375 0.08287037037037037 0.007291666666666667 0.010185185185185186
0 0.4114583333333333 0.1712962962962963 0.016666666666666666 0.012962962962962963
0 0.4083333333333333 0.1787037037037037 0.015625 0.011111111111111112
0 0.39895833333333336 0.1837962962962963 0.013541666666666667 0.012037037037037037
0 0.3932291666666667 0.18888888888888888 0.015625 0.014814814814814815
0 0.38515625 0.19814814814814816 0.016145833333333335 0.014814814814814815
0 0.37005208333333334 0.2986111111111111 0.018229166666666668 0.019444444444444445
0 0.3846354166666667 0.28379629629629627 0.0203125 0.019444444444444445
0 0.39010416666666664 0.2777777777777778 0.019791666666666666 0.018518518518518517
0 0.39609375 0.27037037037037037 0.015104166666666667 0.020370370370370372
0 0.41041666666666665 0.25092592592592594 0.017708333333333333 0.018518518518518517
0 0.40572916666666664 0.2587962962962963 0.01875 0.017592592592592594
0 0.41822916666666665 0.6486111111111111 0.01875 0.062037037037037036
0 0.4205729166666667 0.7476851851851852 0.0234375 0.0712962962962963
