0 0.08802083333333334 0.7398148148148148 0.06354166666666666 0.05555555555555555
0 0.1578125 0.5773148148148148 0.05625 0.04351851851851852
0 0.16848958333333333 0.4462962962962963 0.021354166666666667 0.05
0 0.19921875 0.4060185185185185 0.022395833333333334 0.041666666666666664
0 0.18359375 0.3125 0.030729166666666665 0.028703703703703703
0 0.27447916666666666 0.19212962962962962 0.010416666666666666 0.01574074074074074
0 0.27447916666666666 0.1824074074074074 0.01875 0.012962962962962963
0 0.7291666666666666 0.9384259259259259 0.065625 0.1175925925925926
0 0.6815104166666667 0.6393518518518518 0.04010416666666667 0.062037037037037036
0 0.48984375 0.21342592592592594 0.0140625 0.019444444444444445
0 0.4473958333333333 0.13194444444444445 0.007291666666666667 0.013888888888888888
0 0.42135416666666664 0.29212962962962963 0.013541666666666667 0.021296296296296296
0 0.41796875 0.22546296296296298 0.009895833333333333 0.019444444444444445
0 0.39036458333333335 0.14675925925925926 0.005729166666666666 0.012037037037037037
0 0.40859375 0.14074074074074075 0.0067708333333333336 0.011111111111111112
0 0.40598958333333335 0.1287037037037037 0.005729166666666666 0.009259259259259259
0 0.4044270833333333 0.11944444444444445 0.005729166666666666 0.009259259259259259
