0 0.3229166666666667 0.15648148148148147 0.026041666666666668 0.024074074074074074
0 0.33229166666666665 0.18472222222222223 0.025 0.025
0 0.34296875 0.2074074074074074 0.0296875 0.025925925925925925
0 0.3484375 0.21944444444444444 0.030208333333333334 0.025925925925925925
0 0.353125 0.23287037037037037 0.027083333333333334 0.026851851851851852
0 0.35572916666666665 0.24675925925925926 0.027083333333333334 0.028703703703703703
0 0.38125 0.300462962962963 0.03229166666666667 0.030555555555555555
0 0.4158854166666667 0.3472222222222222 0.0328125 0.02962962962962963
0 0.41484375 0.37916666666666665 0.0328125 0.03796296296296296
0 0.4627604166666667 0.7708333333333334 0.050520833333333334 0.06018518518518518
0 0.30572916666666666 0.3902777777777778 0.03125 0.03796296296296296
0 0.21822916666666667 0.11018518518518519 0.020833333333333332 0.020370370370370372
0 0.30572916666666666 0.023148148148148147 0.017708333333333333 0.018518518518518517
0 0.6057291666666667 0.7023148148148148 0.046875 0.06574074074074074
0 0.6205729166666667 0.6773148148148148 0.044270833333333336 0.05648148148148148
0 0.85 0.37407407407407406 0.027083333333333334 0.03888888888888889
0 0.8796875 0.35462962962962963 0.034375 0.03518518518518519
0 0.9119791666666667 0.33287037037037037 0.03333333333333333 0.03796296296296296
0 0.9049479166666666 0.2518518518518518 0.027604166666666666 0.027777777777777776
0 0.9276041666666667 0.23796296296296296 0.03125 0.027777777777777776
