0 0.04739583333333333 1.0694444444444444 0.05520833333333333 0.04814814814814815
0 0.03697916666666667 1.1287037037037038 0.07395833333333333 0.08148148148148149
0 0.06770833333333333 0.7810185185185186 0.0375 0.03425925925925926
0 0.5833333333333334 1.0166666666666666 0.030208333333333334 0.06666666666666667
0 0.5338541666666666 1.0157407407407408 0.03125 0.06111111111111111
0 0.5989583333333334 0.6592592592592592 0.015625 0.025925925925925925
0 0.5161458333333333 0.6412037037037037 0.013541666666666667 0.023148148148148147
0 0.5369791666666667 0.6439814814814815 0.0125 0.021296296296296296
0 0.54453125 0.624537037037037 0.013020833333333334 0.023148148148148147
0 0.5270833333333333 0.6236111111111111 0.013541666666666667 0.019444444444444445
0 0.5364583333333334 0.5972222222222222 0.009375 0.018518518518518517
0 0.54375 0.5671296296296297 0.010416666666666666 0.017592592592592594
0 0.5583333333333333 0.5671296296296297 0.011458333333333333 0.017592592592592594
0 0.5598958333333334 0.5509259259259259 0.009375 0.014814814814814815
0 0.5640625 0.5342592592592592 0.007291666666666667 0.014814814814814815
0 0.6192708333333333 0.49907407407407406 0.017708333333333333 0.012962962962962963
0 0.6385416666666667 0.5009259259259259 0.013541666666666667 0.011111111111111112
0 0.5815104166666667 0.46064814814814814 0.005729166666666666 0.010185185185185186
0 0.6385416666666667 0.4449074074074074 0.010416666666666666 0.008333333333333333
0 0.5911458333333334 0.41805555555555557 0.004166666666666667 0.006481481481481481
0 0.5947916666666667 0.4111111111111111 0.004166666666666667 0.005555555555555556
0 0.6078125 0.4078703703703704 0.003125 0.006481481481481481
0 0.6067708333333334 0.4027777777777778 0.007291666666666667 0.005555555555555556
0 0.5989583333333334 0.3990740740740741 0.003125 0.005555555555555556
0 0.61484375 0.39537037037037037 0.0036458333333333334 0.005555555555555556
0 0.61171875 0.3925925925925926 0.0026041666666666665 0.005555555555555556
0 0.6010416666666667 0.3875 0.003125 0.004629629629629629
0 0.60078125 0.387037037037037 0.0046875 0.007407407407407408
0 0.6 0.38055555555555554 0.0020833333333333333 0.003703703703703704
0 0.60625 0.3731481481481482 0.003125 0.003703703703703704
0 0.6046875 0.3638888888888889 0.0020833333333333333 0.003703703703703704
0 0.6080729166666666 0.3625 0.0015625 0.002777777777777778
0 0.08671875 0.7185185185185186 0.0453125 0.025925925925925925
