4 0.16744791666666667 1.0833333333333333 0.16302083333333334 0.13518518518518519
4 0.359375 0.7101851851851851 0.08958333333333333 0.11481481481481481
4 1.015625 0.2759259259259259 0.03958333333333333 0.05555555555555555
4 0.5666666666666667 0.12916666666666668 0.04375 0.032407407407407406
4 0.5223958333333333 0.19768518518518519 0.041666666666666664 0.04537037037037037
4 0.5973958333333333 0.11805555555555555 0.028125 0.032407407407407406
4 0.6260416666666667 0.12731481481481483 0.04375 0.03611111111111111
4 0.5963541666666666 0.075 0.041666666666666664 0.03333333333333333
4 0.6557291666666667 0.25416666666666665 0.06770833333333333 0.041666666666666664
4 0.6697916666666667 0.2740740740740741 0.04791666666666667 0.040740740740740744
4 0.6645833333333333 0.29444444444444445 0.0625 0.04814814814814815
4 0.66328125 0.32407407407407407 0.0703125 0.04814814814814815
4 0.6619791666666667 0.35138888888888886 0.07395833333333333 0.05092592592592592
4 0.6565104166666667 0.3837962962962963 0.0890625 0.058333333333333334
4 0.6661458333333333 0.4546296296296296 0.084375 0.05925925925925926
4 0.6713541666666667 0.4976851851851852 0.08020833333333334 0.06759259259259259
4 0.6588541666666666 0.5546296296296296 0.09791666666666667 0.06111111111111111
4 0.6684895833333333 0.5981481481481481 0.10677083333333333 0.07037037037037037
4 0.675 0.6509259259259259 0.10729166666666666 0.08888888888888889
4 0.6708333333333333 0.7305555555555555 0.125 0.0962962962962963
4 0.6700520833333333 0.8138888888888889 0.1296875 0.11481481481481481
4 0.6598958333333333 0.9171296296296296 0.14479166666666668 0.14166666666666666
4 0.6653645833333334 1.0361111111111112 0.15989583333333332 0.13333333333333333
4 0.6799479166666667 1.1513888888888888 0.15052083333333333 0.14722222222222223
4 0.67109375 1.3106481481481482 0.1921875 0.15462962962962962
