4 0.021875 0.4587962962962963 0.029166666666666667 0.075
4 0.03619791666666667 0.5787037037037037 0.05260416666666667 0.044444444444444446
4 0.012760416666666666 0.6513888888888889 0.025520833333333333 0.0824074074074074
4 0.01953125 0.6671296296296296 0.0359375 0.075
4 0.08411458333333334 0.5953703703703703 0.0296875 0.07407407407407407
4 0.20677083333333332 0.15833333333333333 0.015625 0.040740740740740744
4 0.23958333333333334 0.2652777777777778 0.036458333333333336 0.030555555555555555
4 0.2390625 0.2898148148148148 0.03333333333333333 0.03148148148148148
4 0.24114583333333334 0.3148148148148148 0.036458333333333336 0.03148148148148148
4 0.23645833333333333 0.36944444444444446 0.040625 0.037037037037037035
