0 0.1171875 0.3101851851851852 0.023958333333333335 0.040740740740740744
0 0.12604166666666666 0.2712962962962963 0.01875 0.040740740740740744
0 0.2638020833333333 0.425462962962963 0.0203125 0.058333333333333334
0 0.3888020833333333 0.412962962962963 0.0203125 0.05185185185185185
0 0.48385416666666664 0.3731481481481482 0.020833333333333332 0.053703703703703705
0 0.5059895833333333 0.362962962962963 0.022395833333333334 0.053703703703703705
0 0.5471354166666667 0.35138888888888886 0.022395833333333334 0.05277777777777778
0 0.3809895833333333 0.5782407407407407 0.0203125 0.06388888888888888
0 0.5072916666666667 0.5231481481481481 0.022916666666666665 0.05555555555555555
0 0.5346354166666667 0.5226851851851851 0.0234375 0.062037037037037036
0 0.5622395833333333 0.5199074074074074 0.025520833333333333 0.062037037037037036
0 0.6372395833333333 0.49907407407407406 0.027604166666666666 0.05555555555555555
0 0.6627604166666666 0.5009259259259259 0.027604166666666666 0.06111111111111111
0 0.715625 0.48564814814814816 0.022916666666666665 0.05462962962962963
0 0.6171875 0.33240740740740743 0.026041666666666668 0.05185185185185185
0 0.27005208333333336 0.6064814814814815 0.022395833333333334 0.06111111111111111
0 0.24140625 0.6157407407407407 0.0265625 0.07222222222222222
