4 0.17369791666666667 0.7592592592592593 0.09427083333333333 0.25
4 0.5057291666666667 0.5805555555555556 0.15104166666666666 0.12222222222222222
4 0.459375 0.4236111111111111 0.11458333333333333 0.09351851851851851
4 0.4557291666666667 0.3486111111111111 0.10833333333333334 0.08055555555555556
4 0.4549479166666667 0.2763888888888889 0.08385416666666666 0.06759259259259259
4 0.38619791666666664 0.19722222222222222 0.0390625 0.06296296296296296
4 0.25677083333333334 0.24722222222222223 0.046875 0.08703703703703704
4 0.09036458333333333 0.40185185185185185 0.0796875 0.11666666666666667
4 0.171875 0.2310185185185185 0.04791666666666667 0.09166666666666666
4 0.4515625 0.21574074074074073 0.08229166666666667 0.06296296296296296
4 0.24375 0.12777777777777777 0.042708333333333334 0.07037037037037037
4 0.35052083333333334 0.09490740740740741 0.03333333333333333 0.05092592592592592
4 0.2520833333333333 0.02638888888888889 0.036458333333333336 0.03981481481481482
4 0.23046875 0.025925925925925925 0.034895833333333334 0.03888888888888889
4 0.35052083333333334 0.040740740740740744 0.035416666666666666 0.03888888888888889
4 0.39791666666666664 0.07407407407407407 0.029166666666666667 0.040740740740740744
4 0.38776041666666666 0.05462962962962963 0.0328125 0.03888888888888889
4 0.4166666666666667 0.05277777777777778 0.022916666666666665 0.03888888888888889
4 0.43359375 0.03194444444444444 0.030729166666666665 0.03981481481481482
4 0.3859375 0.016203703703703703 0.03125 0.032407407407407406
4 0.5765625 0.08981481481481482 0.030208333333333334 0.046296296296296294
4 0.6088541666666667 0.0962962962962963 0.026041666666666668 0.05
4 0.6140625 0.04583333333333333 0.023958333333333335 0.05092592592592592
4 0.5877604166666667 0.03888888888888889 0.0296875 0.04814814814814815
4 0.03125 0.5351851851851852 0.0625 0.16666666666666666
