4 0.534375 0.28055555555555556 0.016666666666666666 0.016666666666666666
4 0.54296875 0.28425925925925927 0.013020833333333334 0.012962962962962963
4 0.5528645833333333 0.28564814814814815 0.0171875 0.013888888888888888
4 0.5348958333333333 0.30092592592592593 0.015625 0.018518518518518517
4 0.5666666666666667 0.28703703703703703 0.015625 0.014814814814814815
4 0.57734375 0.2884259259259259 0.0171875 0.01574074074074074
4 0.5901041666666667 0.29259259259259257 0.015625 0.014814814814814815
4 0.6036458333333333 0.29583333333333334 0.017708333333333333 0.01574074074074074
4 0.62421875 0.2972222222222222 0.0203125 0.014814814814814815
4 0.49895833333333334 0.5013888888888889 0.034375 0.03981481481481482
4 0.36666666666666664 0.6319444444444444 0.05520833333333333 0.07314814814814814
4 0.39895833333333336 0.3787037037037037 0.016666666666666666 0.025925925925925925
4 0.3143229166666667 0.4597222222222222 0.0390625 0.03611111111111111
4 0.41510416666666666 0.4222222222222222 0.023958333333333335 0.037037037037037035
4 0.4734375 0.4537037037037037 0.036458333333333336 0.037037037037037035
4 0.3065104166666667 0.7074074074074074 0.0671875 0.08518518518518518
