0 0.48411458333333335 0.2351851851851852 0.016145833333333335 0.044444444444444446
0 0.475 0.10046296296296296 0.015625 0.03796296296296296
0 0.4518229166666667 0.5805555555555556 0.0203125 0.09259259259259259
0 0.40286458333333336 0.6402777777777777 0.022395833333333334 0.0824074074074074
0 0.17630208333333333 0.5768518518518518 0.0453125 0.06296296296296296
0 0.06796875 0.700462962962963 0.0453125 0.05648148148148148
0 0.35703125 0.17824074074074073 0.034895833333333334 0.05277777777777778
0 0.23854166666666668 0.2902777777777778 0.03854166666666667 0.06388888888888888
0 0.44609375 0.014814814814814815 0.021354166666666667 0.02962962962962963
0 0.1171875 0.2412037037037037 0.021875 0.032407407407407406
0 0.08515625 0.18101851851851852 0.019270833333333334 0.026851851851851852
0 0.12578125 0.04351851851851852 0.019270833333333334 0.020370370370370372
0 0.10546875 0.10555555555555556 0.025520833333333333 0.02962962962962963
0 0.11197916666666667 0.12222222222222222 0.026041666666666668 0.025925925925925925
0 0.14166666666666666 0.17916666666666667 0.03125 0.03611111111111111
0 0.13828125 0.16342592592592592 0.0328125 0.03796296296296296
0 0.11901041666666666 0.12731481481481483 0.0265625 0.026851851851851852
0 0.057291666666666664 0.1259259259259259 0.016666666666666666 0.022222222222222223
0 0.042708333333333334 0.13240740740740742 0.013541666666666667 0.022222222222222223
0 0.040364583333333336 0.16111111111111112 0.019270833333333334 0.03518518518518519
0 0.017708333333333333 0.15 0.016666666666666666 0.02962962962962963
0 0.012239583333333333 0.17453703703703705 0.0203125 0.03425925925925926
0 0.11692708333333333 0.03518518518518519 0.022395833333333334 0.024074074074074074
0 0.11276041666666667 0.02962962962962963 0.018229166666666668 0.020370370370370372
0 0.10677083333333333 0.022685185185185187 0.019791666666666666 0.023148148148148147
0 0.10546875 0.012962962962962963 0.021354166666666667 0.018518518518518517
0 0.07369791666666667 0.0625 0.022395833333333334 0.023148148148148147
0 0.06666666666666667 0.04675925925925926 0.022916666666666665 0.023148148148148147
0 0.07864583333333333 0.0699074074074074 0.025 0.023148148148148147
0 0.046614583333333334 0.07592592592592592 0.0296875 0.025925925925925925
0 0.04375 0.06712962962962964 0.023958333333333335 0.021296296296296296
0 0.04088541666666667 0.06018518518518518 0.025520833333333333 0.024074074074074074
0 0.03411458333333333 0.04490740740740741 0.0203125 0.021296296296296296
0 0.059895833333333336 0.03518518518518519 0.023958333333333335 0.022222222222222223
0 0.030729166666666665 0.04027777777777778 0.022916666666666665 0.023148148148148147
0 0.05364583333333333 0.02638888888888889 0.021875 0.021296296296296296
0 0.04791666666666667 0.0125 0.021875 0.019444444444444445
0 0.025 0.03194444444444444 0.023958333333333335 0.023148148148148147
0 0.019791666666666666 0.016203703703703703 0.021875 0.019444444444444445
0 0.13125 0.5296296296296297 0.03229166666666667 0.044444444444444446
0 0.15 0.5027777777777778 0.03229166666666667 0.05555555555555555
