0 0.04114583333333333 0.7736111111111111 0.065625 0.13240740740740742
0 0.018489583333333334 0.750462962962963 0.03697916666666667 0.12129629629629629
0 0.018489583333333334 0.4648148148148148 0.03697916666666667 0.08148148148148149
0 0.059375 0.47129629629629627 0.042708333333333334 0.10555555555555556
0 0.13671875 0.4685185185185185 0.043229166666666666 0.09444444444444444
0 0.4322916666666667 0.4439814814814815 0.028125 0.10648148148148148
0 0.35833333333333334 0.5638888888888889 0.026041666666666668 0.11296296296296296
0 0.30494791666666665 0.5347222222222222 0.03697916666666667 0.11944444444444445
0 0.2981770833333333 0.08518518518518518 0.0265625 0.08703703703703704
0 0.2903645833333333 0.18194444444444444 0.024479166666666666 0.08981481481481482
0 0.534375 0.17731481481481481 0.027083333333333334 0.08796296296296297
0 0.5395833333333333 0.40370370370370373 0.030208333333333334 0.10555555555555556
0 0.5401041666666667 0.5319444444444444 0.03125 0.11388888888888889
0 0.5421875 0.8490740740740741 0.03229166666666667 0.13703703703703704
0 0.5419270833333333 0.6828703703703703 0.0328125 0.12314814814814815
0 0.5377604166666666 0.2810185185185185 0.027604166666666666 0.08981481481481482
0 0.53359375 0.07453703703703704 0.025520833333333333 0.08055555555555556
