4 0.23619791666666667 0.09953703703703703 0.0026041666666666665 0.006481481481481481
4 0.23177083333333334 0.1337962962962963 0.003125 0.006481481481481481
4 0.22135416666666666 0.12962962962962962 0.003125 0.007407407407407408
4 0.171875 0.34120370370370373 0.008333333333333333 0.013888888888888888
4 0.18645833333333334 0.29259259259259257 0.005208333333333333 0.012962962962962963
4 0.21041666666666667 0.2726851851851852 0.005208333333333333 0.010185185185185186
4 0.22291666666666668 0.23055555555555557 0.004166666666666667 0.007407407407407408
4 0.196875 0.24768518518518517 0.004166666666666667 0.010185185185185186
4 0.23072916666666668 0.18009259259259258 0.003125 0.006481481481481481
4 0.20052083333333334 0.6763888888888889 0.009375 0.026851851851851852
4 0.2046875 0.6449074074074074 0.009375 0.026851851851851852
4 0.19166666666666668 0.7555555555555555 0.010416666666666666 0.03333333333333333
4 0.25 0.5574074074074075 0.014583333333333334 0.012962962962962963
4 0.234375 0.5333333333333333 0.00625 0.018518518518518517
4 0.24192708333333332 0.5319444444444444 0.0067708333333333336 0.01574074074074074
4 0.2513020833333333 0.5282407407407408 0.0067708333333333336 0.01574074074074074
4 0.51484375 0.3976851851851852 0.0078125 0.01574074074074074
4 0.5338541666666666 0.48148148148148145 0.011458333333333333 0.011111111111111112
4 0.51640625 0.4703703703703704 0.013020833333333334 0.014814814814814815
4 0.5166666666666667 0.462037037037037 0.0125 0.012962962962962963
4 0.5161458333333333 0.4546296296296296 0.0125 0.012962962962962963
4 0.5140625 0.44675925925925924 0.010416666666666666 0.010185185185185186
4 0.5119791666666667 0.43842592592592594 0.0125 0.013888888888888888
4 0.5114583333333333 0.42824074074074076 0.010416666666666666 0.012037037037037037
4 0.534375 0.4898148148148148 0.010416666666666666 0.009259259259259259
4 0.5408854166666667 0.47175925925925927 0.0078125 0.013888888888888888
4 0.53828125 0.45925925925925926 0.005729166666666666 0.009259259259259259
