4 0.48463541666666665 0.7768518518518519 0.03697916666666667 0.12777777777777777
4 0.4393229166666667 0.7842592592592592 0.033854166666666664 0.12407407407407407
4 0.3919270833333333 0.7875 0.033854166666666664 0.12685185185185185
4 0.34348958333333335 0.7837962962962963 0.033854166666666664 0.1287037037037037
4 0.5330729166666667 0.8208333333333333 0.034895833333333334 0.1361111111111111
4 0.42864583333333334 0.6185185185185185 0.03229166666666667 0.12777777777777777
4 0.3734375 0.46435185185185185 0.03125 0.1287037037037037
4 0.4197916666666667 0.46064814814814814 0.034375 0.13425925925925927
4 0.4661458333333333 0.4583333333333333 0.034375 0.1425925925925926
4 0.5231770833333333 0.5175925925925926 0.034895833333333334 0.14444444444444443
4 0.39609375 0.09027777777777778 0.0390625 0.13240740740740742
4 0.40572916666666664 0.2564814814814815 0.03333333333333333 0.13333333333333333
4 0.45260416666666664 0.24259259259259258 0.036458333333333336 0.1388888888888889
