4 0.29140625 0.525 0.03177083333333333 0.022222222222222223
4 0.2911458333333333 0.49074074074074076 0.029166666666666667 0.024074074074074074
4 0.27786458333333336 0.45694444444444443 0.030729166666666665 0.023148148148148147
4 0.24609375 0.48842592592592593 0.03177083333333333 0.023148148148148147
4 0.22395833333333334 0.5194444444444445 0.03229166666666667 0.022222222222222223
4 0.15260416666666668 0.48564814814814816 0.03125 0.023148148148148147
4 0.10911458333333333 0.48009259259259257 0.030729166666666665 0.025
4 0.04114583333333333 0.4847222222222222 0.03333333333333333 0.023148148148148147
4 0.7143229166666667 0.5555555555555556 0.0296875 0.027777777777777776
4 0.6734375 0.5592592592592592 0.03229166666666667 0.027777777777777776
4 0.575 0.562037037037037 0.03229166666666667 0.027777777777777776
4 0.5361979166666667 0.5634259259259259 0.033854166666666664 0.025
4 0.50390625 0.4393518518518518 0.030729166666666665 0.028703703703703703
4 0.41640625 0.4388888888888889 0.0171875 0.05555555555555555
4 0.4557291666666667 0.38564814814814813 0.025 0.05092592592592592
4 0.43645833333333334 0.2865740740740741 0.014583333333333334 0.04722222222222222
4 0.3875 0.32731481481481484 0.015625 0.049074074074074076
4 0.39479166666666665 0.2050925925925926 0.0125 0.04537037037037037
4 0.42916666666666664 0.2023148148148148 0.013541666666666667 0.04722222222222222
4 0.3963541666666667 0.14074074074074075 0.011458333333333333 0.03518518518518519
4 0.42421875 0.1 0.0109375 0.040740740740740744
4 0.39427083333333335 0.030555555555555555 0.011458333333333333 0.03888888888888889
