4 0.5869791666666667 0.9092592592592592 0.17083333333333334 0.1259259259259259
4 0.5802083333333333 0.7625 0.17708333333333334 0.1175925925925926
4 0.5716145833333334 0.6342592592592593 0.14114583333333333 0.12037037037037036
4 0.48411458333333335 0.425462962962963 0.1265625 0.10092592592592593
4 0.47369791666666666 0.28379629629629627 0.10052083333333334 0.09351851851851851
4 0.47213541666666664 0.21481481481481482 0.09427083333333333 0.07222222222222222
4 0.29739583333333336 0.5675925925925925 0.07291666666666667 0.1962962962962963
4 0.31302083333333336 0.36666666666666664 0.05520833333333333 0.15
4 0.3385416666666667 0.15 0.040625 0.10555555555555556
4 0.34036458333333336 0.04861111111111111 0.034895833333333334 0.09166666666666666
4 0.45625 0.02361111111111111 0.07083333333333333 0.04722222222222222
4 0.12083333333333333 0.049074074074074076 0.05520833333333333 0.09259259259259259
4 0.2375 0.03564814814814815 0.040625 0.0712962962962963
