0 0.20390625 0.425 0.025520833333333333 0.025925925925925925
0 0.3645833333333333 0.41203703703703703 0.020833333333333332 0.025925925925925925
0 0.4934895833333333 0.3 0.018229166666666668 0.018518518518518517
0 0.5317708333333333 0.26481481481481484 0.017708333333333333 0.018518518518518517
0 0.575 0.26342592592592595 0.01875 0.017592592592592594
0 0.6640625 0.21342592592592594 0.015625 0.01574074074074074
0 0.6580729166666667 0.5527777777777778 0.0234375 0.027777777777777776
0 0.6596354166666667 0.5407407407407407 0.024479166666666666 0.027777777777777776
0 0.70390625 0.5634259259259259 0.013020833333333334 0.03425925925925926
0 0.7247395833333333 0.5810185185185185 0.008854166666666666 0.03611111111111111
