4 0.12473958333333333 0.37962962962962965 0.03177083333333333 0.024074074074074074
4 0.21953125 0.6356481481481482 0.0140625 0.05462962962962963
4 0.2390625 0.6342592592592593 0.014583333333333334 0.044444444444444446
4 0.25677083333333334 0.6425925925925926 0.016666666666666666 0.05925925925925926
4 0.27708333333333335 0.6351851851851852 0.013541666666666667 0.05
4 0.25286458333333334 0.7097222222222223 0.015104166666666667 0.03796296296296296
4 0.27057291666666666 0.7129629629629629 0.013020833333333334 0.03148148148148148
4 0.275 0.26064814814814813 0.020833333333333332 0.04537037037037037
4 0.325 0.22916666666666666 0.011458333333333333 0.041666666666666664
4 0.2877604166666667 0.15046296296296297 0.015104166666666667 0.05277777777777778
