4 1.0135416666666666 0.9157407407407407 0.042708333333333334 0.09444444444444444
4 0.9565104166666667 0.899537037037037 0.04010416666666667 0.09166666666666666
4 0.8997395833333334 0.899074074074074 0.050520833333333334 0.0962962962962963
4 0.85234375 0.8893518518518518 0.05260416666666667 0.09537037037037037
4 0.7544270833333333 0.8828703703703704 0.05260416666666667 0.09351851851851851
4 0.7169270833333333 1.1157407407407407 0.0453125 0.13703703703703704
4 0.6791666666666667 1.1425925925925926 0.03854166666666667 0.13703703703703704
4 0.540625 1.25 0.03229166666666667 0.13148148148148148
4 0.31796875 1.2717592592592593 0.0421875 0.15648148148148147
4 0.05182291666666667 1.2055555555555555 0.05260416666666667 0.13148148148148148
4 0.1515625 0.7356481481481482 0.03958333333333333 0.10092592592592593
4 0.18645833333333334 0.575 0.036458333333333336 0.08703703703703704
4 0.20442708333333334 0.49953703703703706 0.03177083333333333 0.07314814814814814
4 0.22760416666666666 0.37453703703703706 0.030208333333333334 0.0712962962962963
4 0.24401041666666667 0.3055555555555556 0.024479166666666666 0.04814814814814815
4 0.25833333333333336 0.24166666666666667 0.027083333333333334 0.05185185185185185
4 0.4484375 0.9879629629629629 0.03854166666666667 0.12962962962962962
4 0.4010416666666667 1.0069444444444444 0.022916666666666665 0.09351851851851851
4 0.24557291666666667 1.0087962962962962 0.0453125 0.13240740740740742
4 0.4546875 0.7814814814814814 0.03854166666666667 0.1037037037037037
4 0.5442708333333334 0.7819444444444444 0.022916666666666665 0.08425925925925926
4 0.54375 0.6777777777777778 0.027083333333333334 0.08148148148148149
4 0.46875 0.5972222222222222 0.025 0.07962962962962963
4 0.4778645833333333 0.4546296296296296 0.0234375 0.07962962962962963
4 0.4359375 0.39305555555555555 0.025 0.075
4 0.48072916666666665 0.29814814814814816 0.019791666666666666 0.05740740740740741
4 0.3328125 0.16666666666666666 0.026041666666666668 0.06111111111111111
4 0.4901041666666667 0.18287037037037038 0.019791666666666666 0.04722222222222222
4 0.66953125 0.03194444444444444 0.03697916666666667 0.030555555555555555
4 0.5455729166666666 0.4837962962962963 0.021354166666666667 0.06944444444444445
