4 0.06197916666666667 0.7902777777777777 0.052083333333333336 0.11018518518518519
4 0.16197916666666667 0.9097222222222222 0.06354166666666666 0.0712962962962963
4 0.14140625 0.7731481481481481 0.0515625 0.09814814814814815
4 0.16979166666666667 0.7375 0.04895833333333333 0.10277777777777777
4 0.19869791666666667 0.6916666666666667 0.0453125 0.10740740740740741
4 0.23541666666666666 0.8462962962962963 0.05625 0.1
4 0.40130208333333334 0.9097222222222222 0.024479166666666666 0.11574074074074074
4 0.41380208333333335 0.6175925925925926 0.0296875 0.1
4 0.39895833333333336 0.48564814814814816 0.034375 0.09722222222222222
4 0.42578125 0.39490740740740743 0.027604166666666666 0.10462962962962963
4 0.22239583333333332 0.6435185185185185 0.046875 0.09259259259259259
4 0.3098958333333333 0.5106481481481482 0.027083333333333334 0.10092592592592593
4 0.4317708333333333 0.2722222222222222 0.023958333333333335 0.1
4 0.44375 0.1425925925925926 0.028125 0.09259259259259259
4 0.33125 0.2523148148148148 0.029166666666666667 0.10833333333333334
4 0.27578125 0.2523148148148148 0.028645833333333332 0.08981481481481482
4 0.2671875 0.4439814814814815 0.05625 0.049074074074074076
4 0.11171875 0.5361111111111111 0.0421875 0.0962962962962963
4 0.07552083333333333 0.5856481481481481 0.03958333333333333 0.10648148148148148
4 0.045572916666666664 0.6351851851851852 0.04114583333333333 0.11666666666666667
