4 0.23515625 0.22314814814814815 0.058854166666666666 0.053703703703703705
4 0.22109375 0.5018518518518519 0.06614583333333333 0.04814814814814815
4 0.453125 0.5087962962962963 0.0625 0.05648148148148148
4 0.6653645833333334 0.5120370370370371 0.06302083333333333 0.044444444444444446
4 0.7515625 0.5194444444444445 0.06770833333333333 0.04814814814814815
4 0.890625 0.5175925925925926 0.06770833333333333 0.04814814814814815
4 0.21875 0.6907407407407408 0.07916666666666666 0.06111111111111111
4 0.10885416666666667 0.7828703703703703 0.051041666666666666 0.09907407407407408
4 0.26536458333333335 0.812962962962963 0.050520833333333334 0.09814814814814815
4 0.7747395833333334 0.9171296296296296 0.04010416666666667 0.11388888888888889
