4 0.023177083333333334 0.2689814814814815 0.015104166666666667 0.012037037037037037
4 0.07838541666666667 0.2722222222222222 0.011979166666666667 0.009259259259259259
4 0.09479166666666666 0.26944444444444443 0.013541666666666667 0.012962962962962963
4 0.12369791666666667 0.2708333333333333 0.0109375 0.008333333333333333
4 0.11276041666666667 0.2601851851851852 0.0036458333333333334 0.007407407407407408
4 0.140625 0.27361111111111114 0.011458333333333333 0.010185185185185186
4 0.18255208333333334 0.274537037037037 0.011979166666666667 0.010185185185185186
4 0.39166666666666666 0.5412037037037037 0.0125 0.03611111111111111
4 0.3078125 0.4847222222222222 0.020833333333333332 0.021296296296296296
4 0.3184895833333333 0.41944444444444445 0.018229166666666668 0.016666666666666666
4 0.3138020833333333 0.3888888888888889 0.0078125 0.018518518518518517
4 0.3875 0.3486111111111111 0.008333333333333333 0.013888888888888888
4 0.37005208333333334 0.3398148148148148 0.0078125 0.016666666666666666
4 0.2682291666666667 0.27546296296296297 0.0125 0.010185185185185186
4 0.29296875 0.26481481481481484 0.0109375 0.009259259259259259
4 0.35390625 0.04212962962962963 0.0026041666666666665 0.004629629629629629
4 0.35859375 0.060648148148148145 0.0026041666666666665 0.008333333333333333
4 0.3580729166666667 0.075 0.0036458333333333334 0.005555555555555556
4 0.35963541666666665 0.08518518518518518 0.0026041666666666665 0.005555555555555556
4 0.35651041666666666 0.09907407407407408 0.0036458333333333334 0.005555555555555556
4 0.35703125 0.1050925925925926 0.0026041666666666665 0.004629629629629629
4 0.3578125 0.1125 0.004166666666666667 0.006481481481481481
4 0.39401041666666664 0.12685185185185185 0.0036458333333333334 0.009259259259259259
4 0.434375 0.18472222222222223 0.00625 0.006481481481481481
4 0.3619791666666667 0.21157407407407408 0.005208333333333333 0.010185185185185186
4 0.37005208333333334 0.23425925925925925 0.0046875 0.007407407407407408
4 0.37057291666666664 0.24722222222222223 0.0046875 0.009259259259259259
4 0.37135416666666665 0.25787037037037036 0.004166666666666667 0.006481481481481481
4 0.36276041666666664 0.25787037037037036 0.005729166666666666 0.012037037037037037
4 0.5252604166666667 0.22361111111111112 0.005729166666666666 0.008333333333333333
4 0.5533854166666666 0.22314814814814815 0.0078125 0.005555555555555556
4 0.5424479166666667 0.21388888888888888 0.0046875 0.009259259259259259
4 0.5166666666666667 0.21064814814814814 0.005208333333333333 0.008333333333333333
4 0.47760416666666666 0.3768518518518518 0.013541666666666667 0.014814814814814815
4 0.46145833333333336 0.43333333333333335 0.017708333333333333 0.018518518518518517
4 0.47760416666666666 0.4625 0.019791666666666666 0.017592592592592594
4 0.48125 0.4773148148148148 0.013541666666666667 0.012037037037037037
4 0.49140625 0.5157407407407407 0.021354166666666667 0.022222222222222223
4 0.49635416666666665 0.5462962962962963 0.027083333333333334 0.027777777777777776
4 0.5041666666666667 0.6083333333333333 0.027083333333333334 0.025925925925925925
4 0.52109375 0.6393518518518518 0.033854166666666664 0.028703703703703703
4 0.5169270833333334 0.6273148148148148 0.0296875 0.028703703703703703
4 0.525 0.6671296296296296 0.042708333333333334 0.030555555555555555
4 0.5239583333333333 0.6930555555555555 0.040625 0.030555555555555555
4 0.54609375 0.7824074074074074 0.04010416666666667 0.03888888888888889
4 0.5377604166666666 0.7597222222222222 0.033854166666666664 0.03611111111111111
4 0.5627604166666667 0.8171296296296297 0.04010416666666667 0.04537037037037037
4 0.5734375 0.8513888888888889 0.036458333333333336 0.04537037037037037
4 0.44583333333333336 0.7699074074074074 0.020833333333333332 0.05277777777777778
4 0.47994791666666664 0.27824074074074073 0.0171875 0.017592592592592594
4 0.5028645833333333 0.2740740740740741 0.013020833333333334 0.012962962962962963
4 0.6643229166666667 0.9351851851851852 0.034895833333333334 0.07407407407407407
