0 0.27421875 0.5310185185185186 0.0234375 0.05092592592592592
0 0.31536458333333334 0.44675925925925924 0.015104166666666667 0.03611111111111111
0 0.15885416666666666 0.35694444444444445 0.021875 0.017592592592592594
0 0.0375 0.8194444444444444 0.052083333333333336 0.10185185185185185
0 0.37473958333333335 0.22870370370370371 0.005729166666666666 0.009259259259259259
0 0.5611979166666666 0.2361111111111111 0.009895833333333333 0.009259259259259259
0 0.5544270833333333 0.26851851851851855 0.009895833333333333 0.009259259259259259
0 0.2625 0.24953703703703703 0.0125 0.010185185185185186
0 0.28098958333333335 0.2671296296296296 0.015104166666666667 0.010185185185185186
0 0.2859375 0.262037037037037 0.011458333333333333 0.009259259259259259
0 0.2903645833333333 0.2537037037037037 0.015104166666666667 0.012962962962962963
0 0.28671875 0.25 0.013020833333333334 0.011111111111111112
0 0.29713541666666665 0.2490740740740741 0.011979166666666667 0.012962962962962963
0 0.30364583333333334 0.20694444444444443 0.009375 0.008333333333333333
0 0.3234375 0.19074074074074074 0.007291666666666667 0.007407407407407408
0 0.33828125 0.19907407407407407 0.008854166666666666 0.007407407407407408
0 0.33932291666666664 0.19675925925925927 0.008854166666666666 0.008333333333333333
