0 0.33958333333333335 0.6578703703703703 0.009375 0.03981481481481482
0 0.35 0.6578703703703703 0.009375 0.03611111111111111
0 0.3580729166666667 0.5902777777777778 0.009895833333333333 0.03611111111111111
0 0.06145833333333333 0.4111111111111111 0.017708333333333333 0.016666666666666666
0 0.13333333333333333 0.3625 0.017708333333333333 0.01574074074074074
0 0.15130208333333334 0.3861111111111111 0.018229166666666668 0.014814814814814815
0 0.03046875 0.006944444444444444 0.015104166666666667 0.012037037037037037
0 0.06458333333333334 0.1625 0.015625 0.013888888888888888
0 0.0359375 0.1675925925925926 0.017708333333333333 0.014814814814814815
0 0.03359375 0.17962962962962964 0.018229166666666668 0.012962962962962963
0 0.03046875 0.19305555555555556 0.019270833333333334 0.013888888888888888
0 0.026302083333333334 0.20416666666666666 0.0171875 0.013888888888888888
0 0.023958333333333335 0.2162037037037037 0.01875 0.013888888888888888
0 0.11510416666666666 0.2726851851851852 0.016666666666666666 0.010185185185185186
0 0.11171875 0.28425925925925927 0.018229166666666668 0.012962962962962963
0 0.11015625 0.2972222222222222 0.0171875 0.011111111111111112
0 0.12109375 0.3013888888888889 0.009895833333333333 0.017592592592592594
0 0.14088541666666668 0.28379629629629627 0.013020833333333334 0.012037037037037037
0 0.13984375 0.29814814814814816 0.0140625 0.011111111111111112
0 0.19270833333333334 0.3638888888888889 0.017708333333333333 0.014814814814814815
0 0.21380208333333334 0.36574074074074076 0.016145833333333335 0.014814814814814815
0 0.23385416666666667 0.36666666666666664 0.016666666666666666 0.014814814814814815
0 0.25442708333333336 0.3675925925925926 0.016145833333333335 0.012962962962962963
0 0.29713541666666665 0.3680555555555556 0.013020833333333334 0.013888888888888888
0 0.3078125 0.021296296296296296 0.011458333333333333 0.012962962962962963
0 0.30755208333333334 0.06018518518518518 0.011979166666666667 0.011111111111111112
0 0.30364583333333334 0.13055555555555556 0.015625 0.012962962962962963
0 0.3026041666666667 0.17083333333333334 0.0125 0.010185185185185186
0 0.30026041666666664 0.19212962962962962 0.0140625 0.012037037037037037
0 0.2989583333333333 0.2361111111111111 0.016666666666666666 0.012962962962962963
0 0.29609375 0.26157407407407407 0.015104166666666667 0.013888888888888888
0 0.26588541666666665 0.30694444444444446 0.005729166666666666 0.019444444444444445
0 0.2484375 0.26944444444444443 0.010416666666666666 0.024074074074074074
0 0.3182291666666667 0.3699074074074074 0.017708333333333333 0.013888888888888888
0 0.3385416666666667 0.37083333333333335 0.015625 0.01574074074074074
0 0.3575520833333333 0.37222222222222223 0.0171875 0.014814814814814815
0 0.3809895833333333 0.3731481481481482 0.0171875 0.014814814814814815
0 0.3690104166666667 0.4203703703703704 0.0171875 0.016666666666666666
0 0.40234375 0.375 0.018229166666666668 0.014814814814814815
0 0.4127604166666667 0.30462962962962964 0.0067708333333333336 0.024074074074074074
0 0.37734375 0.1824074074074074 0.0078125 0.025925925925925925
0 0.36822916666666666 0.18333333333333332 0.00625 0.024074074074074074
0 0.41822916666666665 0.01898148148148148 0.013541666666666667 0.017592592592592594
0 0.42864583333333334 0.10138888888888889 0.015625 0.013888888888888888
0 0.42083333333333334 0.12129629629629629 0.014583333333333334 0.014814814814814815
0 0.42135416666666664 0.15462962962962962 0.014583333333333334 0.014814814814814815
0 0.42291666666666666 0.1837962962962963 0.014583333333333334 0.012037037037037037
0 0.4236979166666667 0.19722222222222222 0.0140625 0.012962962962962963
0 0.42421875 0.22175925925925927 0.016145833333333335 0.012037037037037037
0 0.4234375 0.2351851851851852 0.015625 0.011111111111111112
0 0.42682291666666666 0.24722222222222223 0.016145833333333335 0.011111111111111112
0 0.42552083333333335 0.25833333333333336 0.016666666666666666 0.012962962962962963
0 0.5026041666666666 0.017592592592592594 0.013541666666666667 0.012962962962962963
0 0.5151041666666667 0.04351851851851852 0.007291666666666667 0.022222222222222223
0 0.5359375 0.10694444444444444 0.017708333333333333 0.013888888888888888
0 0.5395833333333333 0.13240740740740742 0.014583333333333334 0.014814814814814815
0 0.54609375 0.1712962962962963 0.016145833333333335 0.012962962962962963
0 0.5494791666666666 0.24351851851851852 0.015625 0.020370370370370372
0 0.55 0.2310185185185185 0.015625 0.023148148148148147
0 0.5549479166666667 0.30972222222222223 0.0109375 0.028703703703703703
0 0.42578125 0.37592592592592594 0.016145833333333335 0.014814814814814815
0 0.4484375 0.37592592592592594 0.017708333333333333 0.014814814814814815
0 0.46770833333333334 0.37592592592592594 0.017708333333333333 0.016666666666666666
0 0.48932291666666666 0.3787037037037037 0.0171875 0.012962962962962963
0 0.5109375 0.37962962962962965 0.017708333333333333 0.014814814814814815
0 0.5528645833333333 0.3800925925925926 0.019270833333333334 0.01574074074074074
0 0.5736979166666667 0.38101851851851853 0.0171875 0.013888888888888888
0 0.5947916666666667 0.3824074074074074 0.019791666666666666 0.016666666666666666
0 0.6145833333333334 0.3837962962962963 0.01875 0.01574074074074074
0 0.6591145833333333 0.38564814814814813 0.0171875 0.01574074074074074
0 0.6825520833333333 0.38657407407407407 0.019270833333333334 0.01574074074074074
0 0.6684895833333333 0.4351851851851852 0.018229166666666668 0.014814814814814815
0 0.7041666666666667 0.387037037037037 0.019791666666666666 0.016666666666666666
0 0.721875 0.38796296296296295 0.014583333333333334 0.014814814814814815
0 0.66953125 0.2726851851851852 0.018229166666666668 0.013888888888888888
0 0.6630208333333333 0.23564814814814813 0.017708333333333333 0.012037037037037037
0 0.6591145833333333 0.22314814814814815 0.0171875 0.014814814814814815
0 0.6541666666666667 0.1962962962962963 0.014583333333333334 0.020370370370370372
0 0.6526041666666667 0.17824074074074073 0.014583333333333334 0.012037037037037037
0 0.6513020833333333 0.16712962962962963 0.013020833333333334 0.012037037037037037
0 0.6486979166666667 0.15601851851851853 0.0140625 0.012037037037037037
0 0.6393229166666666 0.1125 0.013020833333333334 0.012037037037037037
0 0.6315104166666666 0.075 0.015104166666666667 0.014814814814814815
0 0.6276041666666666 0.04537037037037037 0.013541666666666667 0.012962962962962963
0 0.6216145833333333 0.008796296296296297 0.011979166666666667 0.013888888888888888
0 0.42864583333333334 0.7754629629629629 0.020833333333333332 0.017592592592592594
0 0.38984375 0.5875 0.008854166666666666 0.03611111111111111
0 0.4036458333333333 0.5902777777777778 0.009375 0.03611111111111111
0 0.42578125 0.5884259259259259 0.008854166666666666 0.030555555555555555
0 0.43802083333333336 0.5879629629629629 0.009375 0.03148148148148148
0 0.3846354166666667 0.662962962962963 0.008854166666666666 0.037037037037037035
0 0.41171875 0.662962962962963 0.008854166666666666 0.03518518518518519
0 0.478125 0.6699074074074074 0.010416666666666666 0.03425925925925926
0 0.49453125 0.5898148148148148 0.008854166666666666 0.037037037037037035
0 0.5088541666666667 0.5925925925925926 0.010416666666666666 0.03333333333333333
0 0.49375 0.6717592592592593 0.010416666666666666 0.03611111111111111
0 0.50625 0.674074074074074 0.008333333333333333 0.03333333333333333
0 0.6075520833333333 0.5976851851851852 0.011979166666666667 0.03611111111111111
0 0.61953125 0.6013888888888889 0.0109375 0.03611111111111111
0 0.6302083333333334 0.6013888888888889 0.010416666666666666 0.03611111111111111
0 0.6528645833333333 0.600925925925926 0.0109375 0.03518518518518519
0 0.66484375 0.6013888888888889 0.013020833333333334 0.03796296296296296
0 0.5989583333333334 0.674537037037037 0.013541666666666667 0.03796296296296296
0 0.6109375 0.6773148148148148 0.011458333333333333 0.028703703703703703
0 0.6244791666666667 0.674537037037037 0.0125 0.03981481481481482
0 0.6380208333333334 0.6754629629629629 0.014583333333333334 0.03981481481481482
0 0.6575520833333334 0.6754629629629629 0.0140625 0.03796296296296296
0 0.67109375 0.6759259259259259 0.015104166666666667 0.040740740740740744
0 0.6859375 0.6787037037037037 0.013541666666666667 0.037037037037037035
0 0.7067708333333333 0.6791666666666667 0.014583333333333334 0.03796296296296296
0 0.7169270833333333 0.6611111111111111 0.018229166666666668 0.037037037037037035
0 0.71171875 0.6023148148148149 0.0140625 0.030555555555555555
0 0.6671875 0.5217592592592593 0.0125 0.03425925925925926
