4 0.3841145833333333 1.2032407407407408 0.04114583333333333 0.07314814814814814
4 0.0484375 0.8564814814814815 0.022916666666666665 0.04259259259259259
4 0.010677083333333334 0.8157407407407408 0.021354166666666667 0.022222222222222223
4 0.019270833333333334 0.7967592592592593 0.035416666666666666 0.028703703703703703
4 0.026041666666666668 0.775 0.022916666666666665 0.027777777777777776
4 0.058333333333333334 0.42962962962962964 0.015625 0.016666666666666666
4 0.35104166666666664 0.5782407407407407 0.022916666666666665 0.017592592592592594
4 0.4161458333333333 0.5833333333333334 0.020833333333333332 0.016666666666666666
4 0.4466145833333333 0.5847222222222223 0.0234375 0.021296296296296296
4 0.7721354166666666 0.6689814814814815 0.0140625 0.025
4 1.0138020833333334 0.875462962962963 0.028645833333333332 0.04351851851851852
