0 0.4895833333333333 0.875 0.06041666666666667 0.07037037037037037
0 0.3065104166666667 0.6759259259259259 0.0515625 0.03888888888888889
0 0.34140625 0.4652777777777778 0.0265625 0.026851851851851852
0 0.34869791666666666 0.43842592592592594 0.03177083333333333 0.021296296296296296
0 0.4513020833333333 0.4546296296296296 0.027604166666666666 0.027777777777777776
0 0.36692708333333335 0.37962962962962965 0.0234375 0.020370370370370372
0 0.36302083333333335 0.37083333333333335 0.022916666666666665 0.017592592592592594
0 0.3609375 0.36342592592592593 0.021875 0.023148148148148147
0 0.3614583333333333 0.3300925925925926 0.020833333333333332 0.01574074074074074
0 0.36666666666666664 0.30462962962962964 0.019791666666666666 0.016666666666666666
0 0.36822916666666666 0.30092592592592593 0.020833333333333332 0.016666666666666666
0 0.4401041666666667 0.3351851851851852 0.01875 0.020370370370370372
0 0.43854166666666666 0.32916666666666666 0.019791666666666666 0.017592592592592594
0 0.43359375 0.3212962962962963 0.0171875 0.016666666666666666
0 0.43515625 0.3143518518518518 0.016145833333333335 0.01574074074074074
0 0.43307291666666664 0.2611111111111111 0.0140625 0.012962962962962963
0 0.43125 0.25092592592592594 0.013541666666666667 0.011111111111111112
0 0.428125 0.22268518518518518 0.010416666666666666 0.008333333333333333
0 0.42135416666666664 0.14537037037037037 0.00625 0.005555555555555556
0 0.40729166666666666 0.15694444444444444 0.004166666666666667 0.008333333333333333
0 0.39427083333333335 0.1648148148148148 0.007291666666666667 0.007407407407407408
0 0.3932291666666667 0.17083333333333334 0.007291666666666667 0.006481481481481481
0 0.3927083333333333 0.14537037037037037 0.00625 0.007407407407407408
0 0.6375 0.6185185185185185 0.025 0.06111111111111111
0 0.5721354166666667 0.3824074074074074 0.013020833333333334 0.022222222222222223
0 0.6869791666666667 0.4078703703703704 0.016666666666666666 0.028703703703703703
