0 0.36276041666666664 0.5847222222222223 0.0734375 0.05648148148148148
0 0.2635416666666667 0.5907407407407408 0.08125 0.05740740740740741
0 0.15989583333333332 0.5995370370370371 0.07604166666666666 0.05648148148148148
0 0.0640625 0.6074074074074074 0.08125 0.05740740740740741
0 0.57421875 0.6023148148148149 0.07760416666666667 0.05648148148148148
0 0.66328125 0.7310185185185185 0.0921875 0.07314814814814814
0 0.40390625 0.513425925925926 0.06302083333333333 0.0787037037037037
0 0.5208333333333334 0.562962962962963 0.065625 0.05555555555555555
0 0.3625 0.42407407407407405 0.06458333333333334 0.053703703703703705
0 0.28984375 0.425462962962963 0.05572916666666667 0.05092592592592592
0 0.22057291666666667 0.42916666666666664 0.05572916666666667 0.05277777777777778
0 0.13802083333333334 0.4310185185185185 0.06458333333333334 0.04722222222222222
0 0.052083333333333336 0.4361111111111111 0.06041666666666667 0.053703703703703705
0 0.12578125 0.5287037037037037 0.0765625 0.07962962962962963
0 0.05390625 0.5277777777777778 0.08177083333333333 0.0962962962962963
0 0.47291666666666665 0.5041666666666667 0.06458333333333334 0.06574074074074074
0 0.5059895833333333 0.4444444444444444 0.06614583333333333 0.05
0 0.5877604166666667 0.41064814814814815 0.0609375 0.05648148148148148
