4 0.7796875 0.12777777777777777 0.00625 0.011111111111111112
4 0.7763020833333333 0.13703703703703704 0.0067708333333333336 0.012962962962962963
4 0.76953125 0.1337962962962963 0.005729166666666666 0.010185185185185186
4 0.7703125 0.14305555555555555 0.007291666666666667 0.010185185185185186
4 0.7635416666666667 0.16944444444444445 0.007291666666666667 0.012962962962962963
4 0.4036458333333333 0.4476851851851852 0.041666666666666664 0.03981481481481482
4 0.45755208333333336 0.462037037037037 0.03802083333333333 0.037037037037037035
4 0.47734375 0.4337962962962963 0.044270833333333336 0.03981481481481482
4 0.440625 0.5796296296296296 0.04375 0.07222222222222222
4 0.5497395833333333 0.29953703703703705 0.025520833333333333 0.021296296296296296
4 0.5713541666666667 0.2814814814814815 0.022916666666666665 0.024074074074074074
4 0.7403645833333333 0.20046296296296295 0.0078125 0.01574074074074074
4 0.7270833333333333 0.2875 0.015625 0.021296296296296296
