0 0.08125 0.6587962962962963 0.021875 0.025
0 0.17473958333333334 0.5837962962962963 0.0171875 0.03796296296296296
0 0.19322916666666667 0.5796296296296296 0.019791666666666666 0.027777777777777776
0 0.21744791666666666 0.5625 0.0203125 0.021296296296296296
0 0.23072916666666668 0.6388888888888888 0.016666666666666666 0.020370370370370372
0 0.29010416666666666 0.5962962962962963 0.019791666666666666 0.018518518518518517
0 0.26614583333333336 0.537962962962963 0.019791666666666666 0.020370370370370372
0 0.2903645833333333 0.5277777777777778 0.0203125 0.020370370370370372
0 0.31692708333333336 0.5916666666666667 0.022395833333333334 0.018518518518518517
0 0.3484375 0.5875 0.021875 0.017592592592592594
0 0.3763020833333333 0.5842592592592593 0.0203125 0.016666666666666666
0 0.4283854166666667 0.5995370370370371 0.021354166666666667 0.025
0 0.5059895833333333 0.5657407407407408 0.021354166666666667 0.037037037037037035
0 0.48046875 0.4981481481481482 0.0140625 0.03888888888888889
0 0.45807291666666666 0.45416666666666666 0.013020833333333334 0.03611111111111111
0 0.45703125 0.37592592592592594 0.011979166666666667 0.03888888888888889
0 0.42526041666666664 0.37453703703703706 0.011979166666666667 0.041666666666666664
0 0.4356770833333333 0.3365740740740741 0.013020833333333334 0.03611111111111111
0 0.41822916666666665 0.24768518518518517 0.013541666666666667 0.03981481481481482
0 0.4315104166666667 0.2351851851851852 0.0140625 0.037037037037037035
0 0.5513020833333333 0.5972222222222222 0.022395833333333334 0.022222222222222223
0 0.5971354166666667 0.5689814814814815 0.021354166666666667 0.021296296296296296
0 0.5830729166666667 0.5324074074074074 0.021354166666666667 0.018518518518518517
0 0.63671875 0.5842592592592593 0.021354166666666667 0.022222222222222223
0 0.6630208333333333 0.5722222222222222 0.023958333333333335 0.025925925925925925
0 0.6861979166666666 0.5606481481481481 0.0203125 0.023148148148148147
0 0.6479166666666667 0.5449074074074074 0.023958333333333335 0.021296296296296296
0 0.70859375 0.5481481481481482 0.0234375 0.025925925925925925
0 0.7190104166666667 0.4810185185185185 0.0171875 0.026851851851851852
