0 0.46145833333333336 0.16435185185185186 0.003125 0.006481481481481481
0 0.46640625 0.15462962962962962 0.005729166666666666 0.005555555555555556
0 0.48515625 0.20601851851851852 0.0078125 0.006481481481481481
0 0.4903645833333333 0.21388888888888888 0.0078125 0.007407407407407408
0 0.4890625 0.21064814814814814 0.008333333333333333 0.006481481481481481
0 0.4708333333333333 0.2263888888888889 0.009375 0.008333333333333333
0 0.46901041666666665 0.2412037037037037 0.0109375 0.008333333333333333
0 0.46927083333333336 0.23564814814814813 0.011458333333333333 0.008333333333333333
0 0.47213541666666664 0.2337962962962963 0.0109375 0.008333333333333333
0 0.4744791666666667 0.22361111111111112 0.009375 0.008333333333333333
0 0.47369791666666666 0.22037037037037038 0.008854166666666666 0.007407407407407408
0 0.40729166666666666 0.18796296296296297 0.003125 0.007407407407407408
0 0.409375 0.18425925925925926 0.003125 0.005555555555555556
0 0.08723958333333333 0.5064814814814815 0.019270833333333334 0.018518518518518517
0 0.09947916666666666 0.4888888888888889 0.023958333333333335 0.018518518518518517
0 0.10833333333333334 0.47824074074074074 0.017708333333333333 0.01574074074074074
0 0.6565104166666667 0.23564814814814813 0.011979166666666667 0.008333333333333333
0 0.61875 0.2175925925925926 0.011458333333333333 0.007407407407407408
