0 0.17708333333333334 0.4217592592592593 0.013541666666666667 0.026851851851851852
0 0.0453125 0.41712962962962963 0.016666666666666666 0.026851851851851852
0 0.07005208333333333 0.41944444444444445 0.016145833333333335 0.027777777777777776
0 0.0828125 0.4203703703703704 0.014583333333333334 0.025925925925925925
0 0.12864583333333332 0.42268518518518516 0.017708333333333333 0.028703703703703703
0 0.09557291666666666 0.4199074074074074 0.008854166666666666 0.023148148148148147
0 0.10572916666666667 0.4217592592592593 0.010416666666666666 0.026851851851851852
0 0.11875 0.4217592592592593 0.0125 0.025
0 0.33255208333333336 0.2898148148148148 0.0067708333333333336 0.020370370370370372
0 0.34140625 0.2763888888888889 0.005729166666666666 0.01574074074074074
0 0.3765625 0.3523148148148148 0.017708333333333333 0.017592592592592594
0 0.40625 0.3527777777777778 0.019791666666666666 0.014814814814814815
0 0.23802083333333332 0.031018518518518518 0.00625 0.008333333333333333
0 0.24505208333333334 0.020833333333333332 0.0046875 0.006481481481481481
0 0.24088541666666666 0.03796296296296296 0.0078125 0.007407407407407408
