4 0.05234375 0.27824074074074073 0.008854166666666666 0.008333333333333333
4 0.041666666666666664 0.22546296296296298 0.005208333333333333 0.008333333333333333
4 0.05026041666666667 0.22453703703703703 0.0036458333333333334 0.008333333333333333
4 0.04635416666666667 0.22592592592592592 0.003125 0.007407407407407408
4 0.0546875 0.22314814814814815 0.007291666666666667 0.011111111111111112
4 0.2638020833333333 0.17314814814814813 0.0078125 0.007407407407407408
4 0.29973958333333334 0.5981481481481481 0.011979166666666667 0.022222222222222223
4 0.3046875 0.6550925925925926 0.014583333333333334 0.023148148148148147
4 0.12916666666666668 0.3875 0.00625 0.012037037037037037
4 0.46796875 0.2449074074074074 0.0036458333333333334 0.006481481481481481
4 0.46953125 0.2388888888888889 0.0036458333333333334 0.007407407407407408
4 0.33203125 0.8740740740740741 0.0171875 0.027777777777777776
4 0.3953125 0.8532407407407407 0.01875 0.025
4 0.22421875 0.7837962962962963 0.018229166666666668 0.03425925925925926
