0 0.40208333333333335 0.763425925925926 0.03125 0.06574074074074074
0 0.46145833333333336 0.4777777777777778 0.020833333333333332 0.012962962962962963
0 0.53203125 0.43657407407407406 0.008854166666666666 0.01574074074074074
0 0.5416666666666666 0.4101851851851852 0.009375 0.014814814814814815
0 0.55078125 0.3888888888888889 0.005729166666666666 0.009259259259259259
0 0.5541666666666667 0.38287037037037036 0.005208333333333333 0.008333333333333333
0 0.5627604166666667 0.35833333333333334 0.0046875 0.009259259259259259
0 0.5145833333333333 0.3958333333333333 0.007291666666666667 0.008333333333333333
0 0.4791666666666667 0.5740740740740741 0.015625 0.027777777777777776
0 0.4705729166666667 0.5944444444444444 0.0171875 0.02962962962962963
0 0.43697916666666664 0.6731481481481482 0.022916666666666665 0.044444444444444446
0 0.5440104166666667 0.6990740740740741 0.0203125 0.05
0 0.55625 0.5476851851851852 0.016666666666666666 0.032407407407407406
0 0.553125 0.637962962962963 0.015625 0.03888888888888889
0 0.5604166666666667 0.586574074074074 0.014583333333333334 0.028703703703703703
0 0.559375 0.4699074074074074 0.011458333333333333 0.017592592592592594
0 0.5765625 0.39351851851851855 0.00625 0.011111111111111112
0 0.58671875 0.38425925925925924 0.0078125 0.011111111111111112
0 0.5981770833333333 0.40555555555555556 0.0067708333333333336 0.007407407407407408
0 0.5981770833333333 0.36342592592592593 0.0046875 0.006481481481481481
0 0.5911458333333334 0.3523148148148148 0.005208333333333333 0.006481481481481481
0 0.5979166666666667 0.3398148148148148 0.004166666666666667 0.005555555555555556
0 0.590625 0.3384259259259259 0.005208333333333333 0.004629629629629629
0 0.5932291666666667 0.33287037037037037 0.004166666666666667 0.004629629629629629
0 0.5903645833333333 0.32037037037037036 0.0036458333333333334 0.005555555555555556
0 0.59375 0.32592592592592595 0.004166666666666667 0.005555555555555556
0 0.5950520833333334 0.3162037037037037 0.0026041666666666665 0.004629629629629629
0 0.5953125 0.32083333333333336 0.004166666666666667 0.004629629629629629
0 0.59375 0.3101851851851852 0.003125 0.003703703703703704
0 0.5955729166666667 0.45555555555555555 0.009895833333333333 0.012962962962962963
0 0.5953125 0.5055555555555555 0.011458333333333333 0.014814814814814815
0 0.56953125 0.5152777777777777 0.0140625 0.021296296296296296
0 0.5734375 0.48009259259259257 0.010416666666666666 0.017592592592592594
0 0.6067708333333334 0.38981481481481484 0.005208333333333333 0.009259259259259259
0 0.6088541666666667 0.37546296296296294 0.004166666666666667 0.006481481481481481
0 0.6002604166666666 0.3726851851851852 0.0046875 0.008333333333333333
0 0.6098958333333333 0.38564814814814813 0.005208333333333333 0.008333333333333333
0 0.5765625 0.4675925925925926 0.008333333333333333 0.012962962962962963
0 0.6122395833333333 0.5263888888888889 0.011979166666666667 0.019444444444444445
0 0.6208333333333333 0.4634259259259259 0.021875 0.01574074074074074
0 0.6731770833333334 0.5722222222222222 0.0171875 0.022222222222222223
0 0.6666666666666666 0.5421296296296296 0.011458333333333333 0.021296296296296296
0 0.6934895833333333 0.662962962962963 0.019270833333333334 0.03148148148148148
0 0.6877604166666667 0.6342592592592593 0.016145833333333335 0.025925925925925925
0 0.6565104166666667 0.4981481481481482 0.009895833333333333 0.016666666666666666
0 0.609375 0.6462962962962963 0.01875 0.03518518518518519
0 0.6627604166666666 0.4722222222222222 0.0078125 0.012962962962962963
0 0.6453125 0.44722222222222224 0.008333333333333333 0.011111111111111112
0 0.6434895833333333 0.4398148148148148 0.009895833333333333 0.011111111111111112
0 0.64140625 0.4287037037037037 0.008854166666666666 0.011111111111111112
0 0.6614583333333334 0.5125 0.010416666666666666 0.012037037037037037
0 0.63125 0.3875 0.005208333333333333 0.006481481481481481
0 0.6299479166666667 0.3814814814814815 0.005729166666666666 0.005555555555555556
0 0.6294270833333333 0.3773148148148148 0.0046875 0.006481481481481481
0 0.6286458333333333 0.3731481481481482 0.005208333333333333 0.007407407407407408
0 0.62734375 0.36666666666666664 0.0046875 0.003703703703703704
0 0.6255208333333333 0.362962962962963 0.004166666666666667 0.005555555555555556
0 0.625 0.3574074074074074 0.004166666666666667 0.005555555555555556
0 0.6236979166666666 0.35324074074074074 0.0046875 0.004629629629629629
0 0.603125 0.3037037037037037 0.003125 0.003703703703703704
0 0.6528645833333333 0.37592592592592594 0.005729166666666666 0.005555555555555556
0 0.6502604166666667 0.3699074074074074 0.0036458333333333334 0.004629629629629629
0 0.6502604166666667 0.36666666666666664 0.005729166666666666 0.003703703703703704
0 0.6486979166666667 0.36157407407407405 0.0036458333333333334 0.004629629629629629
0 0.6486979166666667 0.3560185185185185 0.0036458333333333334 0.004629629629629629
0 0.6489583333333333 0.35185185185185186 0.004166666666666667 0.003703703703703704
0 0.6536458333333334 0.3439814814814815 0.004166666666666667 0.004629629629629629
0 0.6447916666666667 0.34305555555555556 0.004166666666666667 0.004629629629629629
0 0.66640625 0.3814814814814815 0.0078125 0.007407407407407408
0 0.665625 0.3972222222222222 0.007291666666666667 0.007407407407407408
0 0.6705729166666666 0.42453703703703705 0.0078125 0.004629629629629629
0 0.6690104166666667 0.4199074074074074 0.005729166666666666 0.004629629629629629
0 0.67734375 0.44074074074074077 0.0067708333333333336 0.007407407407407408
