4 0.28515625 0.01898148148148148 0.024479166666666666 0.03796296296296296
4 0.2796875 0.15787037037037038 0.03854166666666667 0.03981481481481482
4 0.2791666666666667 0.2212962962962963 0.040625 0.04259259259259259
4 0.36875 0.08101851851851852 0.040625 0.03796296296296296
4 0.3768229166666667 0.11064814814814815 0.03802083333333333 0.03611111111111111
4 0.37734375 0.15324074074074073 0.0421875 0.03796296296296296
4 0.3770833333333333 0.18564814814814815 0.04479166666666667 0.03981481481481482
4 0.37447916666666664 0.21898148148148147 0.04375 0.04351851851851852
4 0.37578125 0.25555555555555554 0.04635416666666667 0.040740740740740744
4 0.2921875 0.5069444444444444 0.053125 0.04722222222222222
4 0.39765625 0.6481481481481481 0.027604166666666666 0.08518518518518518
4 0.30963541666666666 0.8083333333333333 0.05572916666666667 0.053703703703703705
4 0.44505208333333335 0.9268518518518518 0.0296875 0.1
4 0.48125 0.9384259259259259 0.03125 0.10648148148148148
4 0.5744791666666667 0.8898148148148148 0.058333333333333334 0.05740740740740741
4 0.6072916666666667 0.7277777777777777 0.026041666666666668 0.1
4 0.6403645833333333 0.6078703703703704 0.05677083333333333 0.058333333333333334
4 0.0140625 0.9708333333333333 0.028125 0.05277777777777778
4 0.7458333333333333 0.05462962962962963 0.0375 0.06296296296296296
4 0.8596354166666667 0.09861111111111111 0.04114583333333333 0.03796296296296296
4 0.8653645833333333 0.1310185185185185 0.044270833333333336 0.04351851851851852
