4 0.47682291666666665 0.7055555555555556 0.019270833333333334 0.046296296296296294
4 0.5916666666666667 0.7013888888888888 0.022916666666666665 0.05462962962962963
4 0.3880208333333333 0.5805555555555556 0.017708333333333333 0.04814814814814815
4 0.44947916666666665 0.4837962962962963 0.01875 0.04537037037037037
4 0.49244791666666665 0.4199074074074074 0.018229166666666668 0.041666666666666664
4 0.4890625 0.33935185185185185 0.017708333333333333 0.03796296296296296
4 0.5296875 0.387037037037037 0.017708333333333333 0.046296296296296294
4 0.50546875 0.3037037037037037 0.018229166666666668 0.03333333333333333
4 0.390625 0.29583333333333334 0.015625 0.030555555555555555
4 0.3736979166666667 0.2388888888888889 0.016145833333333335 0.03333333333333333
4 0.35 0.21851851851851853 0.014583333333333334 0.027777777777777776
4 0.4166666666666667 0.23657407407407408 0.015625 0.028703703703703703
4 0.4747395833333333 0.21712962962962962 0.016145833333333335 0.028703703703703703
4 0.37421875 0.09861111111111111 0.0140625 0.026851851851851852
4 0.35651041666666666 0.09490740740740741 0.0140625 0.023148148148148147
4 0.32734375 0.07824074074074074 0.0140625 0.023148148148148147
4 0.26484375 0.11805555555555555 0.0140625 0.021296296296296296
4 0.253125 0.0587962962962963 0.013541666666666667 0.019444444444444445
