4 0.40989583333333335 0.3490740740740741 0.029166666666666667 0.0962962962962963
4 0.25416666666666665 0.7476851851851852 0.03854166666666667 0.1638888888888889
4 0.25546875 0.5930555555555556 0.034895833333333334 0.13425925925925927
4 0.26276041666666666 0.41435185185185186 0.033854166666666664 0.10092592592592593
4 0.27265625 0.2675925925925926 0.0328125 0.10185185185185185
4 0.27447916666666666 0.17731481481481481 0.023958333333333335 0.08425925925925926
4 0.27291666666666664 0.08657407407407407 0.028125 0.08055555555555556
4 0.27057291666666666 0.0125 0.0171875 0.025
4 0.6002604166666666 0.25972222222222224 0.0609375 0.04351851851851852
4 0.6052083333333333 0.30416666666666664 0.065625 0.05277777777777778
4 0.6171875 0.3453703703703704 0.0625 0.044444444444444446
4 0.6307291666666667 0.3851851851851852 0.058333333333333334 0.04814814814814815
4 0.6575520833333334 0.4930555555555556 0.0796875 0.05277777777777778
4 0.6700520833333333 0.5587962962962963 0.0765625 0.06759259259259259
4 0.68359375 0.6157407407407407 0.07760416666666667 0.05740740740740741
4 0.6958333333333333 0.6842592592592592 0.06666666666666667 0.06851851851851852
