4 0.26510416666666664 0.052314814814814814 0.011458333333333333 0.013888888888888888
4 0.2791666666666667 0.07916666666666666 0.008333333333333333 0.017592592592592594
4 0.296875 0.09351851851851851 0.005208333333333333 0.016666666666666666
4 0.2877604166666667 0.15046296296296297 0.005729166666666666 0.019444444444444445
4 0.296875 0.1925925925925926 0.007291666666666667 0.020370370370370372
4 0.315625 0.3587962962962963 0.008333333333333333 0.026851851851851852
4 0.31302083333333336 0.42824074074074076 0.008333333333333333 0.030555555555555555
4 0.31588541666666664 0.7087962962962963 0.016145833333333335 0.03981481481481482
4 0.5205729166666667 0.4824074074074074 0.0203125 0.018518518518518517
4 0.5236979166666667 0.5009259259259259 0.019270833333333334 0.016666666666666666
4 0.5888020833333333 0.47453703703703703 0.021354166666666667 0.017592592592592594
