0 0.1921875 0.6976851851851852 0.16354166666666667 0.14166666666666666
0 0.5411458333333333 0.6648148148148149 0.09375 0.17222222222222222
0 0.71328125 0.525 0.15885416666666666 0.10185185185185185
0 0.62734375 0.4527777777777778 0.1328125 0.10555555555555556
0 0.37994791666666666 0.4083333333333333 0.06822916666666666 0.11481481481481481
0 0.2421875 0.48935185185185187 0.14166666666666666 0.09537037037037037
0 0.278125 0.4305555555555556 0.140625 0.10555555555555556
0 0.67578125 0.3384259259259259 0.11822916666666666 0.08981481481481482
0 0.6520833333333333 0.29398148148148145 0.10833333333333334 0.075
0 0.6484375 0.2662037037037037 0.10833333333333334 0.075
0 0.6361979166666667 0.2263888888888889 0.09322916666666667 0.06388888888888888
0 0.6171875 0.15092592592592594 0.08645833333333333 0.05740740740740741
0 0.6161458333333333 0.12685185185185185 0.07916666666666666 0.04259259259259259
0 0.59921875 0.05185185185185185 0.06510416666666667 0.040740740740740744
0 0.5421875 0.09907407407407408 0.034375 0.06111111111111111
0 0.48203125 0.07592592592592592 0.034895833333333334 0.05925925925925926
0 0.37005208333333334 0.1625 0.08697916666666666 0.062037037037037036
0 0.3625 0.12962962962962962 0.08645833333333333 0.06111111111111111
0 0.3734375 0.10138888888888889 0.08125 0.05092592592592592
0 0.3984375 0.08009259259259259 0.08125 0.05092592592592592
0 0.39609375 0.049074074074074076 0.0734375 0.05185185185185185
0 0.3880208333333333 0.02962962962962963 0.06145833333333333 0.03333333333333333
