4 0.32838541666666665 0.5671296296296297 0.03697916666666667 0.03425925925925926
4 0.33255208333333336 0.5319444444444444 0.03697916666666667 0.03425925925925926
4 0.42161458333333335 0.38935185185185184 0.0296875 0.026851851851851852
4 0.346875 0.3625 0.029166666666666667 0.026851851851851852
4 0.41484375 0.3333333333333333 0.033854166666666664 0.024074074074074074
4 0.41901041666666666 0.30416666666666664 0.0265625 0.023148148148148147
4 0.38567708333333334 0.26064814814814813 0.0140625 0.032407407407407406
4 0.36822916666666666 0.2638888888888889 0.016666666666666666 0.037037037037037035
4 0.3536458333333333 0.2550925925925926 0.019791666666666666 0.032407407407407406
4 0.3494791666666667 0.3060185185185185 0.021875 0.025
4 0.34791666666666665 0.324537037037037 0.030208333333333334 0.026851851851851852
4 0.4205729166666667 0.43842592592592594 0.0421875 0.030555555555555555
4 0.3338541666666667 0.49907407407407406 0.03854166666666667 0.027777777777777776
4 0.49557291666666664 0.2351851851851852 0.0109375 0.027777777777777776
4 0.49244791666666665 0.20787037037037037 0.011979166666666667 0.028703703703703703
4 0.48020833333333335 0.12777777777777777 0.010416666666666666 0.020370370370370372
4 0.47630208333333335 0.1111111111111111 0.0109375 0.022222222222222223
4 0.46875 0.09398148148148149 0.0125 0.019444444444444445
4 0.42916666666666664 0.19814814814814816 0.011458333333333333 0.024074074074074074
4 0.4270833333333333 0.13796296296296295 0.009375 0.02962962962962963
4 0.4276041666666667 0.11481481481481481 0.010416666666666666 0.024074074074074074
4 0.42630208333333336 0.09398148148148149 0.009895833333333333 0.019444444444444445
4 0.42291666666666666 0.07407407407407407 0.008333333333333333 0.016666666666666666
4 0.42161458333333335 0.06296296296296296 0.0078125 0.016666666666666666
4 0.4239583333333333 0.022222222222222223 0.015625 0.014814814814814815
4 0.37057291666666664 0.04351851851851852 0.008854166666666666 0.016666666666666666
4 0.384375 0.00787037037037037 0.009375 0.013888888888888888
4 0.3536458333333333 0.020833333333333332 0.014583333333333334 0.01574074074074074
4 0.48333333333333334 0.38055555555555554 0.015625 0.05185185185185185
4 0.3111979166666667 0.027777777777777776 0.0078125 0.014814814814814815
4 0.29244791666666664 0.017592592592592594 0.0171875 0.014814814814814815
4 0.29192708333333334 0.012962962962962963 0.016145833333333335 0.012962962962962963
4 0.4046875 0.04212962962962963 0.017708333333333333 0.012037037037037037
4 0.40520833333333334 0.04675925925925926 0.017708333333333333 0.012037037037037037
4 0.4036458333333333 0.05138888888888889 0.017708333333333333 0.012037037037037037
4 0.40546875 0.058333333333333334 0.016145833333333335 0.009259259259259259
4 0.40598958333333335 0.06388888888888888 0.018229166666666668 0.011111111111111112
4 0.40546875 0.07037037037037037 0.0203125 0.011111111111111112
4 0.40859375 0.07592592592592592 0.0203125 0.011111111111111112
4 0.40677083333333336 0.08148148148148149 0.016666666666666666 0.009259259259259259
4 0.40651041666666665 0.08796296296296297 0.019270833333333334 0.011111111111111112
4 0.40598958333333335 0.09675925925925925 0.0203125 0.012037037037037037
4 0.40546875 0.10231481481481482 0.0203125 0.012037037037037037
4 0.4075520833333333 0.1087962962962963 0.0203125 0.012037037037037037
4 0.4075520833333333 0.11712962962962963 0.0203125 0.012037037037037037
4 0.40703125 0.12453703703703704 0.0203125 0.012037037037037037
4 0.4075520833333333 0.1337962962962963 0.022395833333333334 0.012037037037037037
4 0.40703125 0.14027777777777778 0.0171875 0.012037037037037037
4 0.4083333333333333 0.15 0.021875 0.014814814814814815
4 0.4088541666666667 0.16064814814814815 0.020833333333333332 0.013888888888888888
4 0.41041666666666665 0.16805555555555557 0.020833333333333332 0.013888888888888888
4 0.40598958333333335 0.17916666666666667 0.0234375 0.01574074074074074
4 0.4080729166666667 0.18888888888888888 0.025520833333333333 0.014814814814814815
4 0.4080729166666667 0.19953703703703704 0.024479166666666666 0.01574074074074074
4 0.4075520833333333 0.20879629629629629 0.0234375 0.01574074074074074
4 0.40546875 0.21944444444444444 0.0234375 0.016666666666666666
4 0.4080729166666667 0.2337962962962963 0.0234375 0.019444444444444445
4 0.353125 0.050462962962962966 0.013541666666666667 0.013888888888888888
4 0.35208333333333336 0.056018518518518516 0.017708333333333333 0.013888888888888888
4 0.3533854166666667 0.06481481481481481 0.019270833333333334 0.014814814814814815
4 0.35260416666666666 0.07037037037037037 0.019791666666666666 0.014814814814814815
4 0.35494791666666664 0.07777777777777778 0.019270833333333334 0.014814814814814815
4 0.35963541666666665 0.0875 0.0171875 0.01574074074074074
4 0.36432291666666666 0.09490740740740741 0.0171875 0.01574074074074074
4 0.36328125 0.10787037037037037 0.0171875 0.01574074074074074
4 0.36276041666666664 0.11944444444444445 0.018229166666666668 0.016666666666666666
4 0.353125 0.23657407407407408 0.023958333333333335 0.028703703703703703
4 0.3611979166666667 0.17731481481481481 0.022395833333333334 0.028703703703703703
4 0.3580729166666667 0.1935185185185185 0.0203125 0.022222222222222223
4 0.36015625 0.20416666666666666 0.022395833333333334 0.017592592592592594
4 0.37057291666666664 0.004166666666666667 0.0078125 0.008333333333333333
