4 0.596875 0.49537037037037035 0.03125 0.025925925925925925
4 0.5841145833333333 0.449537037037037 0.030729166666666665 0.021296296296296296
4 0.4947916666666667 0.39675925925925926 0.028125 0.023148148148148147
4 0.45416666666666666 0.4810185185185185 0.025 0.021296296296296296
4 0.340625 0.40185185185185185 0.014583333333333334 0.03518518518518519
4 0.39817708333333335 0.39351851851851855 0.025520833333333333 0.024074074074074074
4 0.3533854166666667 0.3106481481481482 0.009895833333333333 0.028703703703703703
4 0.3375 0.28888888888888886 0.009375 0.024074074074074074
4 0.3484375 0.25277777777777777 0.009375 0.022222222222222223
4 0.30911458333333336 0.19166666666666668 0.0078125 0.020370370370370372
4 0.32760416666666664 0.06944444444444445 0.007291666666666667 0.016666666666666666
4 0.31223958333333335 0.07175925925925926 0.0078125 0.013888888888888888
4 0.3106770833333333 0.04537037037037037 0.0067708333333333336 0.012962962962962963
4 0.33098958333333334 0.03518518518518519 0.009895833333333333 0.014814814814814815
4 0.30911458333333336 0.02638888888888889 0.005729166666666666 0.012037037037037037
4 0.3182291666666667 0.022685185185185187 0.00625 0.013888888888888888
4 0.35 0.01898148148148148 0.0125 0.013888888888888888
4 0.3216145833333333 0.005555555555555556 0.008854166666666666 0.011111111111111112
4 0.225 0.5069444444444444 0.029166666666666667 0.032407407407407406
4 0.21171875 0.44907407407407407 0.028645833333333332 0.024074074074074074
4 0.21328125 0.4324074074074074 0.027604166666666666 0.022222222222222223
4 0.22578125 0.39490740740740743 0.025520833333333333 0.021296296296296296
4 0.1765625 0.4351851851851852 0.029166666666666667 0.022222222222222223
4 0.14739583333333334 0.43194444444444446 0.025 0.021296296296296296
