4 0.31953125 0.7722222222222223 0.025520833333333333 0.09259259259259259
4 0.3611979166666667 0.8861111111111111 0.0265625 0.11481481481481481
4 0.31145833333333334 0.624537037037037 0.020833333333333332 0.07314814814814814
4 0.3 0.5101851851851852 0.017708333333333333 0.05740740740740741
4 0.2947916666666667 0.449537037037037 0.015625 0.04351851851851852
4 0.29375 0.12962962962962962 0.015625 0.027777777777777776
4 0.1890625 0.13333333333333333 0.026041666666666668 0.014814814814814815
4 0.18463541666666666 0.125 0.025520833333333333 0.016666666666666666
4 0.18723958333333332 0.11342592592592593 0.025520833333333333 0.017592592592592594
4 0.18828125 0.10324074074074074 0.024479166666666666 0.013888888888888888
4 0.18880208333333334 0.09953703703703703 0.021354166666666667 0.01574074074074074
4 0.1875 0.09351851851851851 0.01875 0.014814814814814815
4 0.19453125 0.08472222222222223 0.0234375 0.019444444444444445
4 0.18958333333333333 0.07314814814814814 0.01875 0.014814814814814815
4 0.1921875 0.06666666666666667 0.023958333333333335 0.018518518518518517
4 0.19114583333333332 0.05740740740740741 0.020833333333333332 0.014814814814814815
4 0.18932291666666667 0.04861111111111111 0.0171875 0.012037037037037037
4 0.1921875 0.04212962962962963 0.020833333333333332 0.017592592592592594
4 0.19010416666666666 0.03333333333333333 0.020833333333333332 0.016666666666666666
4 0.19088541666666667 0.025 0.021354166666666667 0.018518518518518517
4 0.19505208333333332 0.019444444444444445 0.021354166666666667 0.018518518518518517
4 0.19427083333333334 0.011111111111111112 0.021875 0.016666666666666666
4 0.19635416666666666 0.005092592592592593 0.017708333333333333 0.008333333333333333
4 0.11979166666666667 0.07546296296296297 0.015625 0.025
4 0.10703125 0.0912037037037037 0.0203125 0.019444444444444445
4 0.08203125 0.11481481481481481 0.0203125 0.024074074074074074
4 0.13411458333333334 0.14675925925925926 0.0109375 0.026851851851851852
4 0.10208333333333333 0.1486111111111111 0.009375 0.026851851851851852
4 0.11796875 0.1476851851851852 0.011979166666666667 0.025
4 0.09895833333333333 0.10231481481481482 0.022916666666666665 0.021296296296296296
4 0.259375 0.06666666666666667 0.008333333333333333 0.020370370370370372
4 0.2625 0.11527777777777778 0.010416666666666666 0.026851851851851852
4 0.26119791666666664 0.08981481481481482 0.009895833333333333 0.024074074074074074
4 0.22786458333333334 0.23472222222222222 0.033854166666666664 0.023148148148148147
4 0.16328125 0.2537037037037037 0.0359375 0.022222222222222223
4 0.0890625 0.26435185185185184 0.0375 0.023148148148148147
4 0.020052083333333335 0.25555555555555554 0.0359375 0.025925925925925925
4 0.09557291666666666 0.30694444444444446 0.043229166666666666 0.025
4 0.04453125 0.36574074074074076 0.033854166666666664 0.025925925925925925
4 0.18385416666666668 0.4351851851851852 0.03958333333333333 0.037037037037037035
4 0.19791666666666666 0.475 0.03958333333333333 0.040740740740740744
4 0.18723958333333332 0.49953703703703706 0.044270833333333336 0.05092592592592592
4 0.184375 0.6050925925925926 0.03958333333333333 0.04722222222222222
4 0.18177083333333333 0.6856481481481481 0.041666666666666664 0.07685185185185185
4 0.19375 0.8245370370370371 0.040625 0.08611111111111111
4 0.19401041666666666 0.9287037037037037 0.04739583333333333 0.08703703703703704
4 0.2869791666666667 0.018055555555555554 0.009375 0.019444444444444445
4 0.2859375 0.007407407407407408 0.008333333333333333 0.012962962962962963
4 0.35885416666666664 0.012037037037037037 0.00625 0.011111111111111112
4 0.4075520833333333 0.21481481481481482 0.03177083333333333 0.022222222222222223
4 0.45234375 0.10740740740740741 0.015104166666666667 0.014814814814814815
4 0.4278645833333333 0.06666666666666667 0.0203125 0.014814814814814815
4 0.45416666666666666 0.3143518518518518 0.03229166666666667 0.025
4 0.4786458333333333 0.36342592592592593 0.0375 0.030555555555555555
4 0.5932291666666667 0.29583333333333334 0.029166666666666667 0.025
4 0.5130208333333334 0.6055555555555555 0.035416666666666666 0.06666666666666667
4 0.5356770833333333 0.5717592592592593 0.03697916666666667 0.05648148148148148
4 0.62734375 0.29074074074074074 0.0296875 0.024074074074074074
4 0.6197916666666666 0.13657407407407407 0.020833333333333332 0.017592592592592594
4 0.6322916666666667 0.1287037037037037 0.016666666666666666 0.018518518518518517
4 0.646875 0.1300925925925926 0.0125 0.017592592592592594
4 0.6958333333333333 0.12546296296296297 0.029166666666666667 0.025
