4 0.4203125 0.6560185185185186 0.12291666666666666 0.175
4 0.42239583333333336 0.4898148148148148 0.11458333333333333 0.1685185185185185
4 0.48671875 0.2814814814814815 0.11197916666666667 0.16111111111111112
4 0.44895833333333335 0.19583333333333333 0.10625 0.16018518518518518
4 0.3484375 0.0699074074074074 0.10520833333333333 0.13796296296296295
4 0.3455729166666667 0.3384259259259259 0.1171875 0.16944444444444445
4 0.28880208333333335 0.23194444444444445 0.10989583333333333 0.16018518518518518
4 0.275 0.03518518518518519 0.10833333333333334 0.07037037037037037
4 0.11145833333333334 0.8226851851851852 0.11770833333333333 0.2324074074074074
4 0.7033854166666667 0.020833333333333332 0.0671875 0.041666666666666664
