0 0.42604166666666665 0.5717592592592593 0.03229166666666667 0.03425925925925926
0 0.4278645833333333 0.5226851851851851 0.0265625 0.030555555555555555
0 0.42890625 0.49166666666666664 0.025520833333333333 0.027777777777777776
0 0.39401041666666664 0.5231481481481481 0.0265625 0.02962962962962963
0 0.49765625 0.6055555555555555 0.030729166666666665 0.03148148148148148
0 0.40208333333333335 0.7083333333333334 0.017708333333333333 0.06111111111111111
0 0.40208333333333335 0.7902777777777777 0.01875 0.07685185185185185
0 0.4825520833333333 0.31342592592592594 0.0171875 0.01574074074074074
0 0.5229166666666667 0.4023148148148148 0.022916666666666665 0.021296296296296296
0 0.4005208333333333 0.39814814814814814 0.008333333333333333 0.020370370370370372
0 0.14322916666666666 0.7509259259259259 0.03333333333333333 0.06481481481481481
0 0.18125 0.6620370370370371 0.030208333333333334 0.04814814814814815
0 0.3958333333333333 0.3486111111111111 0.013541666666666667 0.019444444444444445
0 0.415625 0.19675925925925927 0.005208333333333333 0.008333333333333333
0 0.41484375 0.21435185185185185 0.0046875 0.010185185185185186
