4 0.06354166666666666 0.08703703703703704 0.03125 0.06296296296296296
4 0.05546875 0.14629629629629629 0.034895833333333334 0.07037037037037037
4 0.03463541666666667 0.3055555555555556 0.04114583333333333 0.1
4 0.08255208333333333 0.3351851851851852 0.0421875 0.10925925925925926
4 0.16171875 0.2569444444444444 0.033854166666666664 0.09907407407407408
4 0.021875 0.43657407407407406 0.04375 0.125
4 0.25807291666666665 0.19212962962962962 0.03177083333333333 0.07685185185185185
4 0.3177083333333333 0.10555555555555556 0.030208333333333334 0.05740740740740741
4 0.34479166666666666 0.09583333333333334 0.028125 0.05462962962962963
4 0.39036458333333335 0.029166666666666667 0.049479166666666664 0.03796296296296296
4 0.4109375 0.058333333333333334 0.04791666666666667 0.05
4 0.38984375 0.3189814814814815 0.04739583333333333 0.09351851851851851
4 0.35182291666666665 0.4305555555555556 0.04114583333333333 0.11296296296296296
4 0.45390625 0.3851851851851852 0.049479166666666664 0.09814814814814815
4 0.48046875 0.32175925925925924 0.05260416666666667 0.10648148148148148
4 0.47578125 0.17314814814814813 0.05572916666666667 0.05740740740740741
4 0.4947916666666667 0.21064814814814814 0.057291666666666664 0.05462962962962963
4 0.6166666666666667 0.4976851851851852 0.08333333333333333 0.14537037037037037
4 0.515625 0.7439814814814815 0.0875 0.18981481481481483
4 0.42083333333333334 0.6476851851851851 0.059375 0.15462962962962962
4 0.016927083333333332 0.5694444444444444 0.033854166666666664 0.12037037037037036
4 0.011197916666666667 0.7212962962962963 0.022395833333333334 0.18888888888888888
4 0.009375 0.9064814814814814 0.01875 0.12777777777777777
4 0.5015625 0.9157407407407407 0.07708333333333334 0.11296296296296296
4 0.5822916666666667 0.9435185185185185 0.071875 0.05555555555555555
