0 0.22890625 0.7592592592592593 0.0703125 0.05185185185185185
0 0.24296875 0.6712962962962963 0.05677083333333333 0.05
0 0.24166666666666667 0.5953703703703703 0.052083333333333336 0.04259259259259259
0 0.23541666666666666 0.5685185185185185 0.04791666666666667 0.04259259259259259
0 0.23385416666666667 0.5430555555555555 0.04791666666666667 0.03611111111111111
0 0.240625 0.7101851851851851 0.04583333333333333 0.05
0 0.38307291666666665 0.5990740740740741 0.0453125 0.04814814814814815
0 0.36484375 0.5337962962962963 0.04635416666666667 0.03425925925925926
0 0.3536458333333333 0.5027777777777778 0.03958333333333333 0.037037037037037035
0 0.6744791666666666 0.39305555555555555 0.013541666666666667 0.026851851851851852
0 0.715625 0.35555555555555557 0.022916666666666665 0.024074074074074074
0 0.6380208333333334 0.36944444444444446 0.028125 0.022222222222222223
0 0.23880208333333333 0.5027777777777778 0.04635416666666667 0.037037037037037035
0 0.24296875 0.6263888888888889 0.044270833333333336 0.04537037037037037
