0 0.5453125 0.8138888888888889 0.051041666666666666 0.08148148148148149
0 0.6481770833333333 0.6754629629629629 0.04635416666666667 0.05277777777777778
0 0.71328125 0.6680555555555555 0.04114583333333333 0.05092592592592592
0 0.8645833333333334 0.6166666666666667 0.03854166666666667 0.053703703703703705
0 0.26223958333333336 0.575 0.027604166666666666 0.05
0 0.23489583333333333 0.6060185185185185 0.021875 0.05277777777777778
0 0.20703125 0.5907407407407408 0.0265625 0.04814814814814815
0 0.19296875 0.5555555555555556 0.019270833333333334 0.04259259259259259
0 0.1828125 0.5041666666666667 0.01875 0.03425925925925926
0 0.22213541666666667 0.4462962962962963 0.018229166666666668 0.037037037037037035
0 0.26484375 0.43425925925925923 0.018229166666666668 0.037037037037037035
0 0.1734375 0.4648148148148148 0.015625 0.040740740740740744
0 0.18359375 0.4041666666666667 0.0171875 0.03611111111111111
0 0.16458333333333333 0.42685185185185187 0.020833333333333332 0.03148148148148148
0 0.17473958333333334 0.36944444444444446 0.015104166666666667 0.027777777777777776
0 0.15338541666666666 0.3976851851851852 0.015104166666666667 0.030555555555555555
0 0.14739583333333334 0.35509259259259257 0.015625 0.03611111111111111
0 0.17786458333333333 0.3101851851851852 0.016145833333333335 0.024074074074074074
0 0.15234375 0.2967592592592593 0.013020833333333334 0.025
0 0.1328125 0.2935185185185185 0.0125 0.022222222222222223
0 0.12447916666666667 0.2125 0.0125 0.017592592592592594
0 0.1078125 0.25462962962962965 0.011458333333333333 0.018518518518518517
0 0.14348958333333334 0.4537037037037037 0.019270833333333334 0.04259259259259259
