4 0.04244791666666667 0.5967592592592592 0.08489583333333334 0.08425925925925926
4 0.10598958333333333 0.5467592592592593 0.0734375 0.0787037037037037
4 0.24765625 0.40694444444444444 0.08385416666666666 0.06018518518518518
4 0.31875 0.3125 0.06458333333333334 0.049074074074074076
4 0.39947916666666666 0.2212962962962963 0.053125 0.03888888888888889
4 0.409375 0.18425925925925926 0.041666666666666664 0.03333333333333333
4 0.51640625 0.021296296296296296 0.022395833333333334 0.018518518518518517
4 0.5825520833333333 0.09444444444444444 0.034895833333333334 0.025925925925925925
4 0.6268229166666667 0.005555555555555556 0.022395833333333334 0.011111111111111112
4 0.46536458333333336 0.4222222222222222 0.07552083333333333 0.06111111111111111
4 0.5020833333333333 0.325 0.059375 0.05
4 0.7322916666666667 0.33240740740740743 0.06145833333333333 0.05185185185185185
4 0.72578125 0.2898148148148148 0.0578125 0.046296296296296294
4 0.7177083333333333 0.09398148148148149 0.015625 0.028703703703703703
