0 0.4859375 0.3675925925925926 0.030208333333333334 0.08888888888888889
0 0.3841145833333333 0.2972222222222222 0.04114583333333333 0.044444444444444446
0 0.33619791666666665 0.20694444444444443 0.030729166666666665 0.06574074074074074
0 0.31953125 0.18472222222222223 0.034895833333333334 0.06574074074074074
0 0.2828125 0.13425925925925927 0.03229166666666667 0.06111111111111111
0 0.25 0.08796296296296297 0.03229166666666667 0.05925925925925926
0 0.25234375 0.3490740740740741 0.04635416666666667 0.03518518518518519
0 0.2557291666666667 0.38981481481481484 0.03854166666666667 0.03333333333333333
0 0.25625 0.4310185185185185 0.04479166666666667 0.03425925925925926
0 0.25494791666666666 0.4703703703703704 0.0421875 0.02962962962962963
0 0.19635416666666666 0.5574074074074075 0.029166666666666667 0.08148148148148149
0 0.2520833333333333 0.5171296296296296 0.041666666666666664 0.032407407407407406
0 0.18984375 0.24305555555555555 0.021354166666666667 0.08425925925925926
0 0.1921875 0.06527777777777778 0.01875 0.07314814814814814
