0 0.7325520833333333 0.9361111111111111 0.05260416666666667 0.08148148148148149
0 0.6549479166666666 0.9393518518518519 0.0484375 0.06944444444444445
0 0.6153645833333333 0.9412037037037037 0.050520833333333334 0.075
0 0.59296875 0.8134259259259259 0.050520833333333334 0.03796296296296296
0 0.5950520833333334 1.0398148148148147 0.06822916666666666 0.05185185185185185
0 0.60234375 1.0912037037037037 0.06927083333333334 0.05092592592592592
0 0.6065104166666667 1.1402777777777777 0.0671875 0.058333333333333334
0 0.5135416666666667 1.063425925925926 0.028125 0.09722222222222222
0 0.3971354166666667 1.186574074074074 0.07135416666666666 0.06574074074074074
0 0.41015625 1.1398148148148148 0.07135416666666666 0.05555555555555555
0 0.4265625 1.036574074074074 0.06041666666666667 0.05648148148148148
0 0.4200520833333333 0.9902777777777778 0.05572916666666667 0.03611111111111111
0 0.4010416666666667 0.9268518518518518 0.04791666666666667 0.06481481481481481
0 0.31744791666666666 0.924537037037037 0.04010416666666667 0.06388888888888888
0 0.2786458333333333 0.9106481481481481 0.04583333333333333 0.062037037037037036
