0 0.24114583333333334 0.8449074074074074 0.10833333333333334 0.08796296296296297
0 0.23359375 0.7412037037037037 0.10572916666666667 0.08611111111111111
0 0.12838541666666667 0.3282407407407407 0.0484375 0.12129629629629629
0 0.25442708333333336 0.22685185185185186 0.08489583333333334 0.07222222222222222
0 0.25338541666666664 0.1574074074074074 0.0796875 0.07222222222222222
0 0.2559895833333333 0.08935185185185185 0.08385416666666666 0.0787037037037037
0 0.15182291666666667 0.025925925925925925 0.03802083333333333 0.05185185185185185
0 0.0546875 0.32222222222222224 0.053125 0.15
0 0.013020833333333334 0.24166666666666667 0.026041666666666668 0.14814814814814814
0 0.08828125 0.6907407407407408 0.059895833333333336 0.18703703703703703
0 0.49166666666666664 0.9291666666666667 0.11041666666666666 0.08611111111111111
0 0.48020833333333335 0.4324074074074074 0.09270833333333334 0.07592592592592592
0 0.2515625 0.45416666666666666 0.08854166666666667 0.08055555555555556
