0 0.059895833333333336 0.9138888888888889 0.08229166666666667 0.08518518518518518
0 0.08125 0.7333333333333333 0.04583333333333333 0.1
0 0.4791666666666667 0.43333333333333335 0.03125 0.08148148148148149
0 0.6044270833333333 0.32407407407407407 0.033854166666666664 0.06296296296296296
0 0.653125 0.37777777777777777 0.03333333333333333 0.06296296296296296
0 0.4432291666666667 0.8347222222222223 0.034375 0.13796296296296295
0 0.4140625 0.5458333333333333 0.026041666666666668 0.08055555555555556
0 0.3763020833333333 0.08287037037037037 0.016145833333333335 0.03981481481481482
0 0.4109375 0.42962962962962964 0.025 0.08148148148148149
0 0.40260416666666665 0.35138888888888886 0.021875 0.07314814814814814
0 0.3875 0.3013888888888889 0.036458333333333336 0.049074074074074076
0 0.61640625 0.18287037037037038 0.0265625 0.05462962962962963
0 0.7119791666666667 0.4152777777777778 0.034375 0.06759259259259259
0 0.19713541666666667 0.04212962962962963 0.0171875 0.03425925925925926
0 0.20052083333333334 0.012962962962962963 0.009375 0.025925925925925925
0 0.20885416666666667 0.12546296296296297 0.03854166666666667 0.021296296296296296
0 0.4708333333333333 0.024074074074074074 0.019791666666666666 0.02962962962962963
0 0.44765625 0.0125 0.0109375 0.025
0 0.10572916666666667 0.5189814814814815 0.034375 0.0787037037037037
0 0.38619791666666664 0.1361111111111111 0.0171875 0.044444444444444446
0 0.37578125 0.03657407407407407 0.013020833333333334 0.03981481481481482
0 0.71171875 0.325 0.0265625 0.06111111111111111
