0 0.0067708333333333336 0.11574074074074074 0.013541666666666667 0.016666666666666666
0 0.36354166666666665 0.03425925925925926 0.005208333333333333 0.012962962962962963
0 0.36041666666666666 0.12314814814814815 0.00625 0.014814814814814815
0 0.36041666666666666 0.16018518518518518 0.007291666666666667 0.014814814814814815
0 0.3377604166666667 0.1726851851851852 0.013020833333333334 0.013888888888888888
0 0.36015625 0.1935185185185185 0.018229166666666668 0.014814814814814815
0 0.35130208333333335 0.20277777777777778 0.019270833333333334 0.014814814814814815
0 0.31875 0.225 0.008333333333333333 0.018518518518518517
0 0.30520833333333336 0.22777777777777777 0.007291666666666667 0.018518518518518517
0 0.29322916666666665 0.21898148148148147 0.008333333333333333 0.019444444444444445
0 0.315625 0.25787037037037036 0.009375 0.021296296296296296
0 0.30234375 0.2537037037037037 0.008854166666666666 0.022222222222222223
0 0.2994791666666667 0.2884259259259259 0.009375 0.023148148148148147
0 0.31197916666666664 0.32175925925925924 0.009375 0.026851851851851852
0 0.31015625 0.35648148148148145 0.009895833333333333 0.027777777777777776
0 0.30859375 0.39490740740740743 0.0109375 0.028703703703703703
0 0.6197916666666666 0.09722222222222222 0.010416666666666666 0.012962962962962963
