0 0.35182291666666665 0.23703703703703705 0.009895833333333333 0.03333333333333333
0 0.478125 0.19768518518518519 0.019791666666666666 0.021296296296296296
0 0.29375 0.5018518518518519 0.009375 0.03518518518518519
0 0.2994791666666667 0.6129629629629629 0.010416666666666666 0.03888888888888889
0 0.29583333333333334 0.6486111111111111 0.015625 0.032407407407407406
0 0.35572916666666665 0.7782407407407408 0.009375 0.03611111111111111
0 0.26145833333333335 0.8949074074074074 0.008333333333333333 0.028703703703703703
0 0.25 0.8921296296296296 0.009375 0.025
0 0.19401041666666666 0.9032407407407408 0.008854166666666666 0.03425925925925926
0 0.16875 0.9060185185185186 0.010416666666666666 0.032407407407407406
0 0.1578125 0.9069444444444444 0.009375 0.032407407407407406
0 0.13411458333333334 0.8958333333333334 0.008854166666666666 0.03611111111111111
0 0.0421875 0.9638888888888889 0.017708333333333333 0.016666666666666666
0 0.08151041666666667 0.5717592592592593 0.013020833333333334 0.030555555555555555
0 0.18151041666666667 0.7666666666666667 0.013020833333333334 0.03148148148148148
0 0.20416666666666666 0.7694444444444445 0.0125 0.03333333333333333
0 0.21640625 0.7675925925925926 0.011979166666666667 0.03333333333333333
0 0.23072916666666668 0.7694444444444445 0.016666666666666666 0.03518518518518519
0 0.24375 0.7685185185185185 0.0125 0.03148148148148148
0 0.4315104166666667 0.2833333333333333 0.008854166666666666 0.037037037037037035
0 0.4713541666666667 0.2814814814814815 0.01875 0.018518518518518517
0 0.47109375 0.30277777777777776 0.021354166666666667 0.018518518518518517
0 0.47109375 0.32407407407407407 0.021354166666666667 0.020370370370370372
0 0.4778645833333333 0.3574074074074074 0.0203125 0.018518518518518517
0 0.47369791666666666 0.3768518518518518 0.019270833333333334 0.016666666666666666
0 0.43645833333333334 0.39490740740740743 0.009375 0.03611111111111111
0 0.4739583333333333 0.5254629629629629 0.01875 0.01574074074074074
0 0.4296875 0.6402777777777777 0.009375 0.03611111111111111
0 0.5359375 0.7143518518518519 0.020833333333333332 0.017592592592592594
0 0.58671875 0.7166666666666667 0.021354166666666667 0.016666666666666666
0 0.4309895833333333 0.009259259259259259 0.008854166666666666 0.018518518518518517
