0 0.3919270833333333 0.7055555555555556 0.0140625 0.03333333333333333
0 0.3815104166666667 0.6569444444444444 0.0140625 0.032407407407407406
0 0.35833333333333334 0.6638888888888889 0.015625 0.037037037037037035
0 0.34791666666666665 0.625 0.013541666666666667 0.03518518518518519
0 0.35 0.6023148148148149 0.016666666666666666 0.03425925925925926
0 0.35963541666666665 0.5916666666666667 0.015104166666666667 0.03148148148148148
0 0.36666666666666664 0.5708333333333333 0.016666666666666666 0.030555555555555555
0 0.35520833333333335 0.5402777777777777 0.015625 0.028703703703703703
0 0.34036458333333336 0.5402777777777777 0.016145833333333335 0.030555555555555555
0 0.34140625 0.5115740740740741 0.015104166666666667 0.026851851851851852
0 0.33046875 0.48703703703703705 0.015104166666666667 0.027777777777777776
0 0.30572916666666666 0.4375 0.015625 0.028703703703703703
0 0.2830729166666667 0.4689814814814815 0.015104166666666667 0.026851851851851852
0 0.29713541666666665 0.49074074074074076 0.015104166666666667 0.024074074074074074
0 0.32135416666666666 0.36944444444444446 0.015625 0.020370370370370372
0 0.2703125 0.3597222222222222 0.014583333333333334 0.025
0 0.2578125 0.3347222222222222 0.0125 0.021296296296296296
0 0.24791666666666667 0.31342592592592594 0.0125 0.021296296296296296
0 0.17916666666666667 0.15046296296296297 0.010416666666666666 0.019444444444444445
0 0.47291666666666665 0.30324074074074076 0.011458333333333333 0.021296296296296296
0 0.4640625 0.2800925925925926 0.010416666666666666 0.025
0 0.43385416666666665 0.2361111111111111 0.010416666666666666 0.020370370370370372
0 0.42682291666666666 0.1597222222222222 0.009895833333333333 0.019444444444444445
0 0.43333333333333335 0.1787037037037037 0.010416666666666666 0.022222222222222223
0 0.43984375 0.20092592592592592 0.009895833333333333 0.018518518518518517
0 0.44557291666666665 0.21898148148148147 0.009895833333333333 0.023148148148148147
0 0.4393229166666667 0.0962962962962963 0.011979166666666667 0.014814814814814815
