4 0.2825520833333333 0.44583333333333336 0.018229166666666668 0.049074074074074076
4 0.40078125 0.27314814814814814 0.015104166666666667 0.044444444444444446
4 0.31979166666666664 0.2884259259259259 0.017708333333333333 0.03796296296296296
4 0.40546875 0.14166666666666666 0.0140625 0.03518518518518519
4 0.42630208333333336 0.03287037037037037 0.013020833333333334 0.025
4 0.38046875 0.10740740740740741 0.013020833333333334 0.03333333333333333
4 0.2908854166666667 0.1587962962962963 0.0140625 0.030555555555555555
4 0.3453125 0.08564814814814815 0.014583333333333334 0.026851851851851852
4 0.27421875 0.07037037037037037 0.0140625 0.024074074074074074
4 0.35520833333333335 0.016666666666666666 0.014583333333333334 0.025925925925925925
4 0.3888020833333333 0.010185185185185186 0.013020833333333334 0.020370370370370372
4 0.2390625 0.04675925925925926 0.021875 0.019444444444444445
