0 0.30026041666666664 0.5199074074074074 0.0140625 0.03796296296296296
0 0.4713541666666667 0.46805555555555556 0.025 0.019444444444444445
0 0.43776041666666665 0.4462962962962963 0.024479166666666666 0.020370370370370372
0 0.4359375 0.4273148148148148 0.023958333333333335 0.019444444444444445
0 0.4625 0.38935185185185184 0.021875 0.01574074074074074
0 0.4596354166666667 0.3699074074074074 0.019270833333333334 0.01574074074074074
0 0.36614583333333334 0.15046296296296297 0.005208333333333333 0.008333333333333333
0 0.4708333333333333 0.45185185185185184 0.023958333333333335 0.018518518518518517
0 0.46953125 0.43842592592592594 0.0234375 0.01574074074074074
0 0.4666666666666667 0.4263888888888889 0.022916666666666665 0.01574074074074074
0 0.4361979166666667 0.4134259259259259 0.019270833333333334 0.01574074074074074
0 0.43671875 0.40185185185185185 0.022395833333333334 0.016666666666666666
0 0.4356770833333333 0.3768518518518518 0.0203125 0.016666666666666666
0 0.43463541666666666 0.3662037037037037 0.018229166666666668 0.01574074074074074
0 0.43359375 0.3560185185185185 0.0203125 0.01574074074074074
0 0.4591145833333333 0.3578703703703704 0.019270833333333334 0.01574074074074074
0 0.3859375 0.32916666666666666 0.019791666666666666 0.017592592592592594
0 0.3807291666666667 0.4310185185185185 0.020833333333333332 0.01574074074074074
0 0.38046875 0.4111111111111111 0.0203125 0.018518518518518517
