0 0.18411458333333333 0.9263888888888889 0.06197916666666667 0.05092592592592592
0 0.25625 0.8388888888888889 0.057291666666666664 0.09259259259259259
0 0.571875 0.6805555555555556 0.051041666666666666 0.07962962962962963
0 0.5473958333333333 0.9171296296296296 0.06041666666666667 0.05648148148148148
0 0.7114583333333333 0.6861111111111111 0.035416666666666666 0.09444444444444444
0 0.684375 0.6972222222222222 0.034375 0.09444444444444444
0 0.35598958333333336 0.5319444444444444 0.0234375 0.08425925925925926
0 0.37578125 0.02361111111111111 0.04010416666666667 0.03425925925925926
0 0.40390625 0.06851851851851852 0.0390625 0.03518518518518519
0 0.3854166666666667 0.12175925925925926 0.041666666666666664 0.03981481481481482
0 0.33541666666666664 0.06944444444444445 0.016666666666666666 0.053703703703703705
0 0.33541666666666664 0.12314814814814815 0.01875 0.05740740740740741
