4 0.4947916666666667 1.364814814814815 0.027083333333333334 0.04814814814814815
4 0.19973958333333333 1.2166666666666666 0.0578125 0.046296296296296294
4 0.6953125 1.3435185185185186 0.059375 0.06481481481481481
4 0.6739583333333333 1.2671296296296297 0.058333333333333334 0.06574074074074074
4 0.6747395833333333 1.2050925925925926 0.0515625 0.062037037037037036
4 0.6770833333333334 1.1416666666666666 0.05416666666666667 0.05555555555555555
4 0.6572916666666667 1.0967592592592592 0.051041666666666666 0.05462962962962963
4 0.6609375 1.025462962962963 0.04583333333333333 0.05277777777777778
4 0.6236979166666666 0.9162037037037037 0.0453125 0.03981481481481482
4 0.6192708333333333 0.8791666666666667 0.0375 0.04351851851851852
4 0.58125 0.8939814814814815 0.01875 0.05462962962962963
4 0.4825520833333333 0.9439814814814815 0.043229166666666666 0.04537037037037037
4 0.49609375 0.9152777777777777 0.03802083333333333 0.03796296296296296
4 0.5114583333333333 0.8523148148148149 0.0375 0.041666666666666664
4 0.5986979166666667 0.8236111111111111 0.028645833333333332 0.03611111111111111
4 0.58984375 0.7902777777777777 0.03177083333333333 0.03796296296296296
4 0.5864583333333333 0.7532407407407408 0.030208333333333334 0.03796296296296296
4 0.5098958333333333 0.7902777777777777 0.034375 0.03611111111111111
4 0.51328125 0.7689814814814815 0.0328125 0.032407407407407406
4 0.5130208333333334 0.7453703703703703 0.03333333333333333 0.03148148148148148
4 0.5138020833333333 0.7212962962962963 0.0328125 0.02962962962962963
4 0.5143229166666666 0.6944444444444444 0.0296875 0.03148148148148148
4 0.5138020833333333 0.6759259259259259 0.0265625 0.024074074074074074
4 0.5161458333333333 0.6606481481481481 0.03125 0.026851851851851852
4 0.515625 0.6462962962962963 0.027083333333333334 0.02962962962962963
4 0.5200520833333333 0.6287037037037037 0.0265625 0.022222222222222223
4 0.51640625 0.6106481481481482 0.024479166666666666 0.021296296296296296
4 0.51796875 0.5962962962962963 0.024479166666666666 0.024074074074074074
4 0.51640625 0.575462962962963 0.024479166666666666 0.021296296296296296
4 0.5901041666666667 0.6949074074074074 0.015625 0.03425925925925926
4 0.58203125 0.6560185185185186 0.0171875 0.028703703703703703
4 0.58046875 0.6300925925925925 0.021354166666666667 0.028703703703703703
4 0.57578125 0.5949074074074074 0.018229166666666668 0.025
4 0.5729166666666666 0.5412037037037037 0.011458333333333333 0.021296296296296296
4 0.5143229166666666 0.5523148148148148 0.0109375 0.026851851851851852
4 0.5703125 0.5189814814814815 0.016666666666666666 0.019444444444444445
4 0.5669270833333333 0.5041666666666667 0.016145833333333335 0.017592592592592594
4 0.5658854166666667 0.4898148148148148 0.016145833333333335 0.018518518518518517
4 0.56640625 0.45601851851851855 0.009895833333333333 0.017592592592592594
4 0.5197916666666667 0.42962962962962964 0.008333333333333333 0.020370370370370372
4 0.5643229166666667 0.4027777777777778 0.0078125 0.012962962962962963
4 0.5221354166666666 0.38055555555555554 0.0078125 0.012962962962962963
4 0.53671875 0.3300925925925926 0.0067708333333333336 0.013888888888888888
