4 0.06692708333333333 0.07916666666666666 0.0078125 0.013888888888888888
4 0.1125 0.1712962962962963 0.010416666666666666 0.014814814814814815
4 0.140625 0.2273148148148148 0.010416666666666666 0.017592592592592594
4 0.16770833333333332 0.2800925925925926 0.0125 0.025
4 0.19140625 0.33240740740740743 0.0140625 0.024074074074074074
4 0.23307291666666666 0.40925925925925927 0.016145833333333335 0.03518518518518519
4 0.37447916666666664 0.7023148148148148 0.042708333333333334 0.041666666666666664
4 0.32005208333333335 0.6527777777777778 0.034895833333333334 0.05185185185185185
4 0.27734375 0.700462962962963 0.03802083333333333 0.05462962962962963
4 0.27005208333333336 0.4791666666666667 0.022395833333333334 0.03981481481481482
4 0.24921875 0.42777777777777776 0.0234375 0.03148148148148148
4 0.19010416666666666 0.28564814814814815 0.013541666666666667 0.023148148148148147
4 0.18072916666666666 0.30787037037037035 0.013541666666666667 0.023148148148148147
