4 0.31692708333333336 0.20092592592592592 0.018229166666666668 0.04259259259259259
4 0.34609375 0.13703703703703704 0.018229166666666668 0.04814814814814815
4 0.36354166666666665 0.13148148148148148 0.017708333333333333 0.05185185185185185
4 0.33671875 0.2337962962962963 0.0234375 0.03796296296296296
4 0.34401041666666665 0.3106481481481482 0.0296875 0.025
4 0.34661458333333334 0.37453703703703706 0.0296875 0.026851851851851852
4 0.34713541666666664 0.40046296296296297 0.03177083333333333 0.025
4 0.34739583333333335 0.4263888888888889 0.03125 0.026851851851851852
4 0.3463541666666667 0.45092592592592595 0.028125 0.024074074074074074
4 0.34713541666666664 0.5046296296296297 0.03177083333333333 0.027777777777777776
4 0.378125 0.1439814814814815 0.0125 0.03981481481481482
4 0.4083333333333333 0.1884259259259259 0.025 0.025
4 0.41067708333333336 0.21388888888888888 0.027604166666666666 0.024074074074074074
4 0.41432291666666665 0.23935185185185184 0.030729166666666665 0.026851851851851852
4 0.41119791666666666 0.2671296296296296 0.025520833333333333 0.025
4 0.41171875 0.287962962962963 0.027604166666666666 0.022222222222222223
4 0.41171875 0.3138888888888889 0.028645833333333332 0.025925925925925925
4 0.41302083333333334 0.3574074074074074 0.03229166666666667 0.02962962962962963
4 0.4153645833333333 0.38425925925925924 0.0296875 0.025925925925925925
4 0.41640625 0.4074074074074074 0.0328125 0.027777777777777776
4 0.42291666666666666 0.4828703703703704 0.03125 0.025
4 0.42291666666666666 0.5101851851851852 0.03333333333333333 0.025925925925925925
4 0.42265625 0.5398148148148149 0.033854166666666664 0.025925925925925925
4 0.4265625 0.5958333333333333 0.034375 0.026851851851851852
4 0.42682291666666666 0.6231481481481481 0.0359375 0.027777777777777776
4 0.42604166666666665 0.6541666666666667 0.03125 0.025
4 0.37526041666666665 0.7143518518518519 0.015104166666666667 0.028703703703703703
4 0.6385416666666667 0.20324074074074075 0.025 0.026851851851851852
4 0.6401041666666667 0.1824074074074074 0.023958333333333335 0.024074074074074074
4 0.6447916666666667 0.1675925925925926 0.026041666666666668 0.025925925925925925
4 0.6869791666666667 0.1337962962962963 0.028125 0.021296296296296296
4 0.69453125 0.15185185185185185 0.028645833333333332 0.025925925925925925
4 0.69765625 0.17546296296296296 0.025520833333333333 0.021296296296296296
4 0.7018229166666666 0.2125 0.0296875 0.021296296296296296
4 0.71328125 0.2708333333333333 0.024479166666666666 0.023148148148148147
4 0.7171875 0.2912037037037037 0.023958333333333335 0.021296296296296296
4 0.63359375 0.2800925925925926 0.024479166666666666 0.021296296296296296
