0 0.5494791666666666 0.36064814814814816 0.03958333333333333 0.0712962962962963
0 0.521875 0.287962962962963 0.035416666666666666 0.05740740740740741
0 0.50390625 0.22824074074074074 0.0328125 0.05462962962962963
0 0.61875 0.5555555555555556 0.053125 0.10185185185185185
0 0.5776041666666667 0.4527777777777778 0.04479166666666667 0.07777777777777778
0 0.66796875 0.6907407407407408 0.0671875 0.1259259259259259
0 0.3125 0.7208333333333333 0.03854166666666667 0.13055555555555556
0 0.30625 0.44305555555555554 0.030208333333333334 0.09907407407407408
0 0.2953125 0.35324074074074074 0.027083333333333334 0.0824074074074074
0 0.2877604166666667 0.27361111111111114 0.025520833333333333 0.0712962962962963
0 0.09401041666666667 0.44814814814814813 0.0484375 0.09444444444444444
0 0.049479166666666664 0.449537037037037 0.05416666666666667 0.10092592592592593
0 0.1140625 0.20879629629629629 0.058333333333333334 0.03796296296296296
0 0.12161458333333333 0.16898148148148148 0.05677083333333333 0.03611111111111111
0 0.12864583333333332 0.1287037037037037 0.04895833333333333 0.03518518518518519
0 0.08072916666666667 0.3300925925925926 0.06354166666666666 0.04722222222222222
0 0.23880208333333333 0.6828703703703703 0.07552083333333333 0.12314814814814815
0 0.24296875 0.5504629629629629 0.07447916666666667 0.09537037037037037
0 0.23958333333333334 0.4597222222222222 0.07395833333333333 0.0824074074074074
0 0.23072916666666668 0.4101851851851852 0.058333333333333334 0.07407407407407407
0 0.23697916666666666 0.3574074074074074 0.057291666666666664 0.06111111111111111
0 0.240625 0.2953703703703704 0.058333333333333334 0.05
0 0.23151041666666666 0.25324074074074077 0.049479166666666664 0.058333333333333334
0 0.578125 0.337037037037037 0.04791666666666667 0.06666666666666667
0 0.6536458333333334 0.5092592592592593 0.07708333333333334 0.08148148148148149
0 0.6890625 0.6069444444444444 0.078125 0.10462962962962963
0 0.6557291666666667 0.3625 0.052083333333333336 0.07314814814814814
0 0.5890625 0.23564814814814813 0.034375 0.04722222222222222
0 0.5018229166666667 0.1527777777777778 0.03802083333333333 0.040740740740740744
0 0.46979166666666666 0.14305555555555555 0.022916666666666665 0.03796296296296296
0 0.4510416666666667 0.09722222222222222 0.026041666666666668 0.037037037037037035
0 0.44244791666666666 0.07037037037037037 0.019270833333333334 0.03518518518518519
0 0.47604166666666664 0.09074074074074075 0.03125 0.040740740740740744
0 0.5421875 0.13657407407407407 0.026041666666666668 0.05092592592592592
0 0.5208333333333334 0.10416666666666667 0.026041666666666668 0.03796296296296296
0 0.32395833333333335 0.06481481481481481 0.019791666666666666 0.04814814814814815
0 0.2903645833333333 0.22314814814814815 0.022395833333333334 0.06111111111111111
0 0.2833333333333333 0.1712962962962963 0.021875 0.05555555555555555
0 0.28515625 0.11851851851851852 0.0203125 0.05
0 0.2828125 0.08472222222222223 0.017708333333333333 0.04537037037037037
0 0.28072916666666664 0.05787037037037037 0.015625 0.03796296296296296
0 0.24713541666666666 0.23148148148148148 0.050520833333333334 0.05740740740740741
0 0.23489583333333333 0.1912037037037037 0.04375 0.049074074074074076
0 0.23541666666666666 0.16435185185185186 0.0375 0.04722222222222222
0 0.24348958333333334 0.13842592592592592 0.03802083333333333 0.04722222222222222
0 0.24427083333333333 0.10925925925925926 0.034375 0.04259259259259259
0 0.23802083333333332 0.07731481481481481 0.034375 0.03981481481481482
0 0.23932291666666666 0.06342592592592593 0.034895833333333334 0.041666666666666664
0 0.23697916666666666 0.046296296296296294 0.03958333333333333 0.037037037037037035
0 0.2390625 0.03425925925925926 0.035416666666666666 0.05
0 0.13203125 0.09351851851851851 0.04635416666666667 0.037037037037037035
0 0.13854166666666667 0.075 0.036458333333333336 0.03518518518518519
0 0.14270833333333333 0.059722222222222225 0.041666666666666664 0.03796296296296296
0 0.14791666666666667 0.04351851851851852 0.04583333333333333 0.03888888888888889
0 0.15859375 0.020370370370370372 0.04114583333333333 0.03518518518518519
0 0.0140625 0.4685185185185185 0.028125 0.11296296296296296
0 0.28020833333333334 0.01712962962962963 0.015625 0.03425925925925926
0 0.19088541666666667 0.010185185185185186 0.015104166666666667 0.020370370370370372
0 0.484375 0.027314814814814816 0.020833333333333332 0.032407407407407406
0 0.696875 0.4532407407407407 0.051041666666666666 0.08055555555555556
0 0.7130208333333333 0.8606481481481482 0.03229166666666667 0.11944444444444445
0 0.21067708333333332 0.9490740740740741 0.07239583333333334 0.046296296296296294
0 0.31744791666666666 0.9018518518518519 0.05260416666666667 0.14074074074074075
