4 0.33932291666666664 0.5509259259259259 0.07552083333333333 0.07037037037037037
4 0.21484375 0.6833333333333333 0.08385416666666666 0.10555555555555556
4 0.14635416666666667 0.7981481481481482 0.058333333333333334 0.15555555555555556
4 0.2513020833333333 0.3814814814814815 0.058854166666666666 0.05555555555555555
4 0.10026041666666667 0.4050925925925926 0.06197916666666667 0.05092592592592592
4 0.39479166666666665 0.3337962962962963 0.04479166666666667 0.03796296296296296
4 0.534375 0.4546296296296296 0.029166666666666667 0.07037037037037037
4 0.5458333333333333 0.3199074074074074 0.042708333333333334 0.03796296296296296
4 0.6486979166666667 0.32731481481481484 0.04635416666666667 0.041666666666666664
4 0.6825520833333333 0.2800925925925926 0.0390625 0.03425925925925926
4 0.5333333333333333 0.24305555555555555 0.027083333333333334 0.028703703703703703
4 0.2604166666666667 0.28888888888888886 0.021875 0.03888888888888889
4 0.21484375 0.27037037037037037 0.015104166666666667 0.03888888888888889
4 0.19296875 0.27175925925925926 0.015104166666666667 0.03796296296296296
4 0.06901041666666667 0.27546296296296297 0.025520833333333333 0.03796296296296296
4 0.26328125 0.2273148148148148 0.0171875 0.030555555555555555
4 0.3580729166666667 0.18611111111111112 0.016145833333333335 0.027777777777777776
4 0.43385416666666665 0.18796296296296297 0.016666666666666666 0.022222222222222223
4 0.4828125 0.21898148148148147 0.019791666666666666 0.025
4 0.5109375 0.21805555555555556 0.019791666666666666 0.025
4 0.5934895833333333 0.22314814814814815 0.025520833333333333 0.022222222222222223
4 0.6471354166666666 0.25277777777777777 0.04010416666666667 0.02962962962962963
4 0.1234375 0.3194444444444444 0.046875 0.037037037037037035
4 0.020833333333333332 0.3592592592592593 0.041666666666666664 0.037037037037037035
4 0.02890625 0.32731481481481484 0.050520833333333334 0.03796296296296296
4 0.024739583333333332 0.8430555555555556 0.049479166666666664 0.15833333333333333
4 0.02265625 0.3962962962962963 0.0453125 0.04259259259259259
4 0.2578125 0.21157407407407408 0.013541666666666667 0.025
4 0.2703125 0.2675925925925926 0.026041666666666668 0.03148148148148148
4 0.31276041666666665 0.19027777777777777 0.0140625 0.025
4 0.3385416666666667 0.08518518518518518 0.007291666666666667 0.011111111111111112
4 0.41302083333333334 0.16620370370370371 0.0125 0.017592592592592594
4 0.40390625 0.15416666666666667 0.011979166666666667 0.01574074074074074
4 0.39479166666666665 0.14722222222222223 0.011458333333333333 0.016666666666666666
4 0.3880208333333333 0.13564814814814816 0.011458333333333333 0.01574074074074074
4 0.3809895833333333 0.1300925925925926 0.0109375 0.012037037037037037
4 0.3770833333333333 0.11990740740740741 0.010416666666666666 0.013888888888888888
4 0.37395833333333334 0.11481481481481481 0.008333333333333333 0.011111111111111112
4 0.3690104166666667 0.11018518518518519 0.008854166666666666 0.011111111111111112
4 0.36432291666666666 0.1037037037037037 0.0078125 0.011111111111111112
4 0.36015625 0.09814814814814815 0.008854166666666666 0.012962962962962963
4 0.3546875 0.09398148148148149 0.008333333333333333 0.012037037037037037
4 0.35130208333333335 0.08888888888888889 0.0067708333333333336 0.011111111111111112
4 0.34791666666666665 0.08564814814814815 0.007291666666666667 0.010185185185185186
4 0.34609375 0.08148148148148149 0.0067708333333333336 0.012962962962962963
4 0.49635416666666665 0.20092592592592592 0.01875 0.024074074074074074
4 0.4828125 0.18333333333333332 0.01875 0.027777777777777776
4 0.5583333333333333 0.21064814814814814 0.019791666666666666 0.025
4 0.5734375 0.21898148148148147 0.022916666666666665 0.023148148148148147
4 0.6223958333333334 0.24212962962962964 0.034375 0.028703703703703703
4 0.709375 0.20972222222222223 0.03229166666666667 0.030555555555555555
