0 0.07083333333333333 0.6273148148148148 0.065625 0.04722222222222222
0 0.11536458333333334 0.5513888888888889 0.05677083333333333 0.04351851851851852
0 0.14192708333333334 0.5120370370370371 0.0578125 0.04259259259259259
0 0.1484375 0.500462962962963 0.052083333333333336 0.041666666666666664
0 0.16822916666666668 0.4666666666666667 0.04791666666666667 0.03888888888888889
0 0.19817708333333334 0.44212962962962965 0.043229166666666666 0.03611111111111111
0 0.2015625 0.43194444444444446 0.03958333333333333 0.03796296296296296
0 0.21354166666666666 0.41574074074074074 0.03958333333333333 0.04259259259259259
0 0.6697916666666667 0.9092592592592592 0.084375 0.10925925925925926
0 0.64140625 0.5875 0.0546875 0.04722222222222222
0 0.6223958333333334 0.5675925925925925 0.057291666666666664 0.040740740740740744
0 0.7041666666666667 0.687962962962963 0.04791666666666667 0.05
0 0.5755208333333334 0.45416666666666666 0.040625 0.03425925925925926
0 0.221875 0.39444444444444443 0.03958333333333333 0.04259259259259259
0 0.2674479166666667 0.29583333333333334 0.009895833333333333 0.01574074074074074
0 0.2596354166666667 0.28055555555555556 0.009895833333333333 0.012962962962962963
0 0.27109375 0.2712962962962963 0.009895833333333333 0.012962962962962963
0 0.2875 0.2564814814814815 0.008333333333333333 0.012962962962962963
0 0.27760416666666665 0.26342592592592595 0.009375 0.010185185185185186
0 0.24322916666666666 0.2810185185185185 0.013541666666666667 0.013888888888888888
0 0.24713541666666666 0.27546296296296297 0.011979166666666667 0.01574074074074074
0 0.19895833333333332 0.3509259259259259 0.020833333333333332 0.022222222222222223
0 0.40338541666666666 0.30324074074074076 0.009895833333333333 0.01574074074074074
0 0.36432291666666666 0.2824074074074074 0.009895833333333333 0.014814814814814815
0 0.33880208333333334 0.2884259259259259 0.009895833333333333 0.013888888888888888
0 0.365625 0.26342592592592595 0.007291666666666667 0.013888888888888888
0 0.36666666666666664 0.22916666666666666 0.005208333333333333 0.010185185185185186
0 0.40286458333333336 0.22870370370370371 0.0046875 0.009259259259259259
0 0.3984375 0.22546296296296298 0.004166666666666667 0.008333333333333333
0 0.39088541666666665 0.21157407407407408 0.0036458333333333334 0.006481481481481481
0 0.37447916666666664 0.21388888888888888 0.004166666666666667 0.009259259259259259
0 0.37109375 0.19907407407407407 0.0036458333333333334 0.005555555555555556
0 0.3671875 0.1962962962962963 0.003125 0.005555555555555556
0 0.39609375 0.20462962962962963 0.0036458333333333334 0.005555555555555556
0 0.39166666666666666 0.19907407407407407 0.003125 0.005555555555555556
0 0.40963541666666664 0.22314814814814815 0.005729166666666666 0.007407407407407408
0 0.40234375 0.21203703703703702 0.0036458333333333334 0.007407407407407408
0 0.39765625 0.20092592592592592 0.0036458333333333334 0.007407407407407408
0 0.39505208333333336 0.19675925925925927 0.0036458333333333334 0.006481481481481481
0 0.37994791666666666 0.1912037037037037 0.0036458333333333334 0.006481481481481481
0 0.4015625 0.19907407407407407 0.003125 0.005555555555555556
0 0.3802083333333333 0.18101851851851852 0.0020833333333333333 0.002777777777777778
0 0.378125 0.17731481481481481 0.0020833333333333333 0.004629629629629629
0 0.37083333333333335 0.18518518518518517 0.0020833333333333333 0.005555555555555556
0 0.38177083333333334 0.17222222222222222 0.0020833333333333333 0.003703703703703704
0 0.40963541666666664 0.20833333333333334 0.0046875 0.005555555555555556
0 0.40703125 0.1986111111111111 0.0036458333333333334 0.006481481481481481
0 0.35052083333333334 0.2513888888888889 0.00625 0.012037037037037037
0 0.3484375 0.2564814814814815 0.00625 0.012962962962962963
0 0.34479166666666666 0.2625 0.008333333333333333 0.012037037037037037
0 0.34140625 0.27314814814814814 0.008854166666666666 0.014814814814814815
