4 0.6419270833333334 0.387037037037037 0.12552083333333333 0.1
4 0.29973958333333334 0.3611111111111111 0.13697916666666668 0.09444444444444444
4 0.31484375 0.2824074074074074 0.13697916666666668 0.09444444444444444
4 0.3216145833333333 0.21944444444444444 0.11927083333333334 0.08888888888888889
4 0.33567708333333335 0.16342592592592592 0.11822916666666666 0.0787037037037037
4 0.35078125 0.10740740740740741 0.11822916666666666 0.07777777777777778
4 0.5151041666666667 0.1388888888888889 0.06354166666666666 0.11481481481481481
4 0.6322916666666667 0.13240740740740742 0.11354166666666667 0.07777777777777778
4 0.6302083333333334 0.08564814814814815 0.10208333333333333 0.0824074074074074
4 0.6265625 0.04259259259259259 0.08645833333333333 0.06851851851851852
