0 0.8072916666666666 0.9032407407407408 0.07291666666666667 0.14722222222222223
0 0.5908854166666667 0.9537037037037037 0.0609375 0.16296296296296298
0 0.6911458333333333 0.5 0.05520833333333333 0.05555555555555555
0 0.6799479166666667 0.4648148148148148 0.0515625 0.046296296296296294
0 0.6489583333333333 0.3638888888888889 0.041666666666666664 0.037037037037037035
0 0.6158854166666666 0.1986111111111111 0.009895833333333333 0.017592592592592594
0 0.6067708333333334 0.18101851851851852 0.014583333333333334 0.017592592592592594
0 0.6028645833333334 0.17083333333333334 0.024479166666666666 0.01574074074074074
0 0.6057291666666667 0.16018518518518518 0.010416666666666666 0.012962962962962963
0 0.6052083333333333 0.15185185185185185 0.009375 0.016666666666666666
0 0.6135416666666667 0.14305555555555555 0.010416666666666666 0.017592592592592594
0 0.6 0.14074074074074075 0.008333333333333333 0.011111111111111112
0 0.6 0.13564814814814816 0.00625 0.008333333333333333
0 0.5984375 0.13287037037037036 0.008333333333333333 0.012037037037037037
0 0.5963541666666666 0.12731481481481483 0.008333333333333333 0.01574074074074074
0 0.5947916666666667 0.12268518518518519 0.007291666666666667 0.01574074074074074
0 0.5921875 0.11481481481481481 0.007291666666666667 0.012962962962962963
0 0.5916666666666667 0.10972222222222222 0.00625 0.012037037037037037
0 0.5966145833333333 0.10092592592592593 0.011979166666666667 0.011111111111111112
0 0.5921875 0.09814814814814815 0.0125 0.007407407407407408
0 0.5872395833333334 0.09722222222222222 0.0046875 0.007407407407407408
0 0.5877604166666667 0.09537037037037037 0.0067708333333333336 0.012962962962962963
0 0.58671875 0.09490740740740741 0.0067708333333333336 0.012037037037037037
0 0.5861979166666667 0.1287037037037037 0.0067708333333333336 0.014814814814814815
0 0.5966145833333333 0.08425925925925926 0.013020833333333334 0.009259259259259259
0 0.5611979166666666 0.056018518518518516 0.0046875 0.008333333333333333
0 0.565625 0.041666666666666664 0.004166666666666667 0.007407407407407408
0 0.55390625 0.08009259259259259 0.005729166666666666 0.010185185185185186
0 0.5505208333333333 0.16157407407407406 0.010416666666666666 0.017592592592592594
0 0.5755208333333334 0.30324074074074076 0.01875 0.030555555555555555
0 0.5705729166666667 0.27037037037037037 0.0171875 0.027777777777777776
0 0.56328125 0.23333333333333334 0.0171875 0.025925925925925925
0 0.53984375 0.21064814814814814 0.015104166666666667 0.021296296296296296
0 0.24427083333333333 1.0097222222222222 0.10416666666666667 0.21388888888888888
0 0.24375 0.7537037037037037 0.07916666666666666 0.12962962962962962
0 0.04114583333333333 0.7810185185185186 0.08229166666666667 0.13055555555555556
0 0.0453125 0.6837962962962963 0.084375 0.09722222222222222
0 0.16197916666666667 0.5930555555555556 0.058333333333333334 0.0824074074074074
0 0.29973958333333334 0.38842592592592595 0.0359375 0.04351851851851852
0 0.4393229166666667 0.31574074074074077 0.024479166666666666 0.03888888888888889
0 0.34713541666666664 0.31203703703703706 0.027604166666666666 0.037037037037037035
0 0.38776041666666666 0.25555555555555554 0.021354166666666667 0.027777777777777776
0 0.46197916666666666 0.2212962962962963 0.014583333333333334 0.024074074074074074
0 0.47630208333333335 0.18472222222222223 0.013020833333333334 0.023148148148148147
0 0.42083333333333334 0.1685185185185185 0.0125 0.018518518518518517
0 0.4471354166666667 0.1625 0.0109375 0.017592592592592594
0 0.4591145833333333 0.15046296296296297 0.008854166666666666 0.013888888888888888
0 0.45859375 0.14444444444444443 0.0078125 0.014814814814814815
0 0.4661458333333333 0.14027777777777778 0.010416666666666666 0.013888888888888888
0 0.47161458333333334 0.12731481481481483 0.0078125 0.012037037037037037
0 0.47317708333333336 0.12314814814814815 0.0078125 0.011111111111111112
0 0.47708333333333336 0.1175925925925926 0.007291666666666667 0.012962962962962963
0 0.48385416666666664 0.10046296296296296 0.013541666666666667 0.012037037037037037
0 0.49322916666666666 0.09675925925925925 0.007291666666666667 0.012037037037037037
0 0.49244791666666665 0.08981481481481482 0.005729166666666666 0.011111111111111112
0 0.5265625 0.09444444444444444 0.00625 0.011111111111111112
0 0.5166666666666667 0.08981481481481482 0.005208333333333333 0.009259259259259259
0 0.52890625 0.08888888888888889 0.0078125 0.011111111111111112
0 0.5127604166666667 0.07407407407407407 0.0046875 0.007407407407407408
