0 0.2625 0.9555555555555556 0.020833333333333332 0.03333333333333333
0 0.21666666666666667 0.325 0.014583333333333334 0.012962962962962963
0 0.22864583333333333 0.31527777777777777 0.008333333333333333 0.012037037037037037
0 0.24192708333333332 0.34675925925925927 0.011979166666666667 0.012037037037037037
0 0.32760416666666664 0.35324074074074074 0.007291666666666667 0.01574074074074074
0 0.30572916666666666 0.17916666666666667 0.004166666666666667 0.006481481481481481
0 0.30130208333333336 0.17824074074074073 0.0046875 0.006481481481481481
0 0.3098958333333333 0.17916666666666667 0.004166666666666667 0.006481481481481481
0 0.3463541666666667 0.1884259259259259 0.004166666666666667 0.006481481481481481
0 0.415625 0.21296296296296297 0.007291666666666667 0.009259259259259259
0 0.365625 0.1638888888888889 0.003125 0.005555555555555556
0 0.35572916666666665 0.11805555555555555 0.003125 0.004629629629629629
0 0.44166666666666665 0.1648148148148148 0.007291666666666667 0.005555555555555556
0 0.45208333333333334 0.17037037037037037 0.005208333333333333 0.005555555555555556
0 0.4471354166666667 0.17175925925925925 0.0036458333333333334 0.006481481481481481
0 0.4432291666666667 0.17083333333333334 0.004166666666666667 0.006481481481481481
0 0.4390625 0.1726851851851852 0.004166666666666667 0.006481481481481481
0 0.42552083333333335 0.1638888888888889 0.005208333333333333 0.005555555555555556
0 0.41744791666666664 0.1712962962962963 0.0036458333333333334 0.007407407407407408
0 0.42109375 0.17037037037037037 0.0036458333333333334 0.005555555555555556
0 0.5268229166666667 0.24351851851851852 0.005729166666666666 0.011111111111111112
0 0.5231770833333333 0.2310185185185185 0.0067708333333333336 0.008333333333333333
0 0.51796875 0.225 0.0067708333333333336 0.009259259259259259
