0 0.13854166666666667 0.8425925925925926 0.115625 0.12962962962962962
0 0.25364583333333335 1.0097222222222222 0.06979166666666667 0.21574074074074073
0 0.6205729166666667 1.1824074074074074 0.14947916666666666 0.1685185185185185
0 0.39010416666666664 1.0856481481481481 0.12916666666666668 0.1398148148148148
0 0.365625 0.6759259259259259 0.078125 0.14074074074074075
0 0.43255208333333334 0.5027777777777778 0.05572916666666667 0.1
0 0.5119791666666667 0.412962962962963 0.08125 0.06481481481481481
0 0.4979166666666667 0.3296296296296296 0.04895833333333333 0.07962962962962963
0 0.5263020833333333 0.25324074074074077 0.0421875 0.0787037037037037
0 0.61796875 0.1111111111111111 0.028645833333333332 0.05740740740740741
