4 0.023697916666666666 0.050462962962962966 0.019270833333333334 0.032407407407407406
4 0.0546875 0.03796296296296296 0.029166666666666667 0.03518518518518519
4 0.1203125 0.13657407407407407 0.0375 0.04537037037037037
4 0.06354166666666666 0.2023148148148148 0.03333333333333333 0.04351851851851852
4 0.09036458333333333 0.23657407407407408 0.0328125 0.041666666666666664
4 0.12942708333333333 0.2851851851851852 0.0484375 0.05740740740740741
4 0.17395833333333333 0.32592592592592595 0.058333333333333334 0.07037037037037037
4 0.14036458333333332 0.07083333333333333 0.027604166666666666 0.032407407407407406
4 0.18932291666666667 0.09722222222222222 0.0359375 0.027777777777777776
4 0.20078125 0.10231481481481482 0.030729166666666665 0.023148148148148147
4 0.21302083333333333 0.11712962962962963 0.040625 0.03425925925925926
4 0.24270833333333333 0.1337962962962963 0.03229166666666667 0.041666666666666664
4 0.21666666666666667 0.22037037037037038 0.04583333333333333 0.05
4 0.265625 0.26064814814814813 0.05 0.05092592592592592
4 0.31640625 0.30185185185185187 0.05364583333333333 0.06481481481481481
4 0.34791666666666665 0.1587962962962963 0.03958333333333333 0.04351851851851852
4 0.38177083333333334 0.16898148148148148 0.041666666666666664 0.041666666666666664
4 0.39817708333333335 0.1449074074074074 0.0328125 0.03425925925925926
4 0.43385416666666665 0.11666666666666667 0.03958333333333333 0.02962962962962963
4 0.43645833333333334 0.18101851851851852 0.040625 0.041666666666666664
4 0.45364583333333336 0.1675925925925926 0.0375 0.03888888888888889
4 0.37213541666666666 0.22453703703703703 0.044270833333333336 0.041666666666666664
4 0.3515625 0.2412037037037037 0.04479166666666667 0.04722222222222222
4 0.4192708333333333 0.1935185185185185 0.046875 0.046296296296296294
4 0.5346354166666667 0.11157407407407408 0.04010416666666667 0.04537037037037037
4 0.5598958333333334 0.05277777777777778 0.03229166666666667 0.03888888888888889
4 0.5864583333333333 0.0837962962962963 0.028125 0.041666666666666664
4 0.6018229166666667 0.05 0.030729166666666665 0.040740740740740744
4 0.39296875 0.36342592592592593 0.0671875 0.07314814814814814
4 0.45989583333333334 0.42314814814814816 0.07291666666666667 0.07962962962962963
4 0.5229166666666667 0.7648148148148148 0.12708333333333333 0.20925925925925926
