0 0.40729166666666666 0.4587962962962963 0.015625 0.06759259259259259
0 0.46510416666666665 0.4949074074074074 0.019791666666666666 0.0712962962962963
0 0.4622395833333333 0.4046296296296296 0.018229166666666668 0.06111111111111111
0 0.45989583333333334 0.3300925925925926 0.017708333333333333 0.062037037037037036
0 0.4674479166666667 0.5944444444444444 0.019270833333333334 0.08148148148148149
0 0.4752604166666667 0.6865740740740741 0.021354166666666667 0.0824074074074074
0 0.45208333333333334 0.19305555555555556 0.017708333333333333 0.05648148148148148
0 0.45026041666666666 0.1287037037037037 0.0140625 0.05185185185185185
0 0.26796875 0.32731481481481484 0.0390625 0.03981481481481482
0 0.26536458333333335 0.2828703703703704 0.0390625 0.03425925925925926
0 0.2708333333333333 0.20879629629629629 0.036458333333333336 0.028703703703703703
0 0.27291666666666664 0.17824074074074073 0.035416666666666666 0.026851851851851852
0 0.278125 0.14722222222222223 0.035416666666666666 0.02962962962962963
0 0.2765625 0.1162037037037037 0.03125 0.026851851851851852
0 0.28489583333333335 0.05462962962962963 0.03229166666666667 0.037037037037037035
0 0.19817708333333334 0.5314814814814814 0.04114583333333333 0.05
0 0.18854166666666666 0.6134259259259259 0.03854166666666667 0.032407407407407406
0 0.19479166666666667 0.4648148148148148 0.04375 0.03148148148148148
0 0.19427083333333334 0.42314814814814816 0.03333333333333333 0.03333333333333333
0 0.20390625 0.36342592592592593 0.04010416666666667 0.030555555555555555
0 0.20572916666666666 0.3300925925925926 0.0375 0.028703703703703703
0 0.21432291666666667 0.26342592592592595 0.0390625 0.030555555555555555
0 0.21692708333333333 0.23425925925925925 0.0328125 0.025925925925925925
0 0.22291666666666668 0.20555555555555555 0.03854166666666667 0.025925925925925925
0 0.22265625 0.18055555555555555 0.03802083333333333 0.025925925925925925
0 0.22317708333333333 0.14953703703703702 0.0390625 0.028703703703703703
0 0.228125 0.1259259259259259 0.035416666666666666 0.022222222222222223
0 0.23541666666666666 0.09212962962962963 0.035416666666666666 0.025
0 0.23463541666666668 0.06527777777777778 0.0359375 0.030555555555555555
0 0.146875 0.25972222222222224 0.021875 0.05648148148148148
0 0.17473958333333334 0.7125 0.050520833333333334 0.032407407407407406
0 0.19739583333333333 0.03657407407407407 0.014583333333333334 0.04722222222222222
0 0.2869791666666667 0.0125 0.03333333333333333 0.025
