0 0.16015625 0.09675925925925925 0.009895833333333333 0.023148148148148147
0 0.17005208333333333 0.15833333333333333 0.009895833333333333 0.022222222222222223
0 0.38776041666666666 0.017592592592592594 0.0078125 0.012962962962962963
0 0.35833333333333334 0.11712962962962963 0.008333333333333333 0.019444444444444445
0 0.32864583333333336 0.1310185185185185 0.008333333333333333 0.019444444444444445
0 0.48203125 0.13796296296296295 0.008854166666666666 0.022222222222222223
0 0.4432291666666667 0.058333333333333334 0.008333333333333333 0.020370370370370372
0 0.46197916666666666 0.053703703703703705 0.008333333333333333 0.018518518518518517
0 0.3932291666666667 0.2 0.010416666666666666 0.025925925925925925
0 0.5192708333333333 0.014351851851851852 0.007291666666666667 0.01574074074074074
0 0.5119791666666667 0.06111111111111111 0.008333333333333333 0.018518518518518517
0 0.6765625 0.10231481481481482 0.013541666666666667 0.021296296296296296
0 0.5372395833333333 0.7050925925925926 0.027604166666666666 0.03796296296296296
0 0.5385416666666667 0.6129629629629629 0.03333333333333333 0.03333333333333333
0 0.5364583333333334 0.5847222222222223 0.03333333333333333 0.030555555555555555
0 0.54765625 0.43796296296296294 0.025520833333333333 0.03888888888888889
0 0.6135416666666667 0.2587962962962963 0.013541666666666667 0.023148148148148147
0 0.5916666666666667 0.2777777777777778 0.011458333333333333 0.025925925925925925
0 0.55234375 0.1638888888888889 0.009895833333333333 0.022222222222222223
0 0.3692708333333333 0.25462962962962965 0.010416666666666666 0.027777777777777776
0 0.4752604166666667 0.42083333333333334 0.011979166666666667 0.041666666666666664
0 0.46380208333333334 0.45601851851851855 0.011979166666666667 0.04537037037037037
0 0.4322916666666667 0.5185185185185185 0.014583333333333334 0.040740740740740744
0 0.3893229166666667 0.5236111111111111 0.0140625 0.05092592592592592
0 0.44583333333333336 0.6314814814814815 0.015625 0.06111111111111111
