0 0.17526041666666667 1.023611111111111 0.12447916666666667 0.08796296296296297
0 0.17734375 0.9472222222222222 0.09947916666666666 0.07962962962962963
0 0.5380208333333333 0.9453703703703704 0.11145833333333334 0.08888888888888889
0 0.56640625 0.899074074074074 0.09427083333333333 0.08518518518518518
0 0.596875 0.8476851851851852 0.075 0.09537037037037037
0 0.11927083333333334 0.8291666666666667 0.05625 0.07314814814814814
0 0.16536458333333334 0.8222222222222222 0.06197916666666667 0.09444444444444444
0 0.3190104166666667 0.7916666666666666 0.03802083333333333 0.07222222222222222
0 0.42161458333333335 0.7763888888888889 0.0390625 0.06388888888888888
0 0.46510416666666665 0.7574074074074074 0.035416666666666666 0.06851851851851852
0 0.53125 0.7398148148148148 0.05625 0.05740740740740741
0 0.4356770833333333 0.6513888888888889 0.04114583333333333 0.04351851851851852
0 0.46380208333333334 0.6541666666666667 0.0328125 0.04351851851851852
0 0.49114583333333334 0.6930555555555555 0.04791666666666667 0.05092592592592592
0 0.49296875 0.6564814814814814 0.04010416666666667 0.04259259259259259
0 0.61640625 0.5472222222222223 0.04010416666666667 0.024074074074074074
0 0.6299479166666667 0.6537037037037037 0.04114583333333333 0.04259259259259259
0 0.671875 0.6097222222222223 0.0375 0.05277777777777778
0 0.7 0.5875 0.026041666666666668 0.04722222222222222
0 0.7221354166666667 0.5689814814814815 0.022395833333333334 0.030555555555555555
0 0.8026041666666667 0.500462962962963 0.020833333333333332 0.026851851851851852
0 0.8205729166666667 0.48935185185185187 0.015104166666666667 0.021296296296296296
0 0.82890625 0.47824074074074074 0.019270833333333334 0.021296296296296296
0 0.8408854166666667 0.47129629629629627 0.015104166666666667 0.018518518518518517
0 0.8494791666666667 0.45555555555555555 0.026041666666666668 0.018518518518518517
0 0.8697916666666666 0.44351851851851853 0.011458333333333333 0.016666666666666666
0 0.87578125 0.4388888888888889 0.0109375 0.014814814814814815
0 1.0057291666666666 0.5449074074074074 0.046875 0.030555555555555555
0 1.01015625 0.5273148148148148 0.04114583333333333 0.025
0 1.0143229166666667 0.5069444444444444 0.0421875 0.028703703703703703
0 1.0151041666666667 0.475 0.03333333333333333 0.024074074074074074
