4 0.309375 0.5930555555555556 0.041666666666666664 0.0787037037037037
4 0.36640625 0.41388888888888886 0.0234375 0.05740740740740741
4 0.31692708333333336 0.3523148148148148 0.043229166666666666 0.062037037037037036
4 0.2598958333333333 0.300462962962963 0.04583333333333333 0.058333333333333334
4 0.40078125 0.30462962962962964 0.03697916666666667 0.04259259259259259
4 0.4265625 0.26435185185185184 0.021875 0.06388888888888888
4 0.40625 0.2611111111111111 0.022916666666666665 0.06481481481481481
4 0.4317708333333333 0.19583333333333333 0.017708333333333333 0.05092592592592592
4 0.23984375 0.20879629629629629 0.0296875 0.03611111111111111
4 0.284375 0.11851851851851852 0.021875 0.05
