4 0.5661458333333333 1.264351851851852 0.10520833333333333 0.1175925925925926
4 0.5864583333333333 1.037037037037037 0.07916666666666666 0.08518518518518518
4 0.5692708333333333 1.1879629629629629 0.103125 0.1037037037037037
4 0.3567708333333333 0.8717592592592592 0.06354166666666666 0.06574074074074074
4 0.49557291666666664 0.7194444444444444 0.05260416666666667 0.053703703703703705
4 0.5557291666666667 0.649537037037037 0.041666666666666664 0.03796296296296296
4 0.6411458333333333 0.7527777777777778 0.06458333333333334 0.05
4 0.6635416666666667 0.55 0.030208333333333334 0.02962962962962963
4 0.6690104166666667 0.5365740740740741 0.0390625 0.026851851851851852
4 0.5955729166666667 0.49444444444444446 0.019270833333333334 0.027777777777777776
4 0.66953125 0.5055555555555555 0.0390625 0.025925925925925925
4 0.6739583333333333 0.49583333333333335 0.036458333333333336 0.025
4 0.9203125 0.6685185185185185 0.03229166666666667 0.053703703703703705
4 0.9572916666666667 0.6597222222222222 0.035416666666666666 0.062037037037037036
4 0.85078125 0.49166666666666664 0.022395833333333334 0.03148148148148148
4 0.83515625 0.4375 0.016145833333333335 0.028703703703703703
4 0.8286458333333333 0.4013888888888889 0.014583333333333334 0.023148148148148147
4 0.67734375 0.46805555555555556 0.0390625 0.032407407407407406
4 0.5994791666666667 0.4444444444444444 0.029166666666666667 0.022222222222222223
4 0.6114583333333333 0.44166666666666665 0.029166666666666667 0.022222222222222223
4 0.6208333333333333 0.4300925925925926 0.03125 0.023148148148148147
4 0.81953125 0.38055555555555554 0.013020833333333334 0.022222222222222223
4 0.8088541666666667 0.3541666666666667 0.010416666666666666 0.017592592592592594
4 0.8091145833333333 0.3296296296296296 0.013020833333333334 0.020370370370370372
4 0.8072916666666666 0.3194444444444444 0.013541666666666667 0.016666666666666666
4 0.7950520833333333 0.2967592592592593 0.0067708333333333336 0.012037037037037037
4 0.790625 0.28425925925925927 0.007291666666666667 0.009259259259259259
4 0.68359375 0.42268518518518516 0.0296875 0.019444444444444445
4 0.6598958333333333 0.3199074074074074 0.007291666666666667 0.012037037037037037
4 0.6682291666666667 0.2763888888888889 0.009375 0.008333333333333333
4 0.6643229166666667 0.31203703703703706 0.0109375 0.012962962962962963
4 0.6893229166666667 0.40324074074074073 0.0296875 0.013888888888888888
4 0.6856770833333333 0.3939814814814815 0.0265625 0.01574074074074074
