0 0.46484375 0.9462962962962963 0.1109375 0.044444444444444446
0 0.7111979166666667 0.11851851851851852 0.0328125 0.08888888888888889
0 0.0578125 0.9287037037037037 0.06666666666666667 0.07777777777777778
0 0.17604166666666668 0.8384259259259259 0.11666666666666667 0.11203703703703703
0 0.19739583333333333 0.7277777777777777 0.10625 0.09259259259259259
0 0.2125 0.6370370370370371 0.09479166666666666 0.09259259259259259
0 0.16953125 0.4773148148148148 0.05260416666666667 0.15462962962962962
0 0.24114583333333334 0.5518518518518518 0.08854166666666667 0.08333333333333333
0 0.25859375 0.4708333333333333 0.0890625 0.08425925925925926
0 0.2625 0.4023148148148148 0.08645833333333333 0.0712962962962963
0 0.0640625 0.3458333333333333 0.06770833333333333 0.075
0 0.4708333333333333 0.08194444444444444 0.028125 0.075
