4 0.6315104166666666 0.8569444444444444 0.1421875 0.23055555555555557
4 0.17786458333333333 0.5689814814814815 0.09114583333333333 0.18981481481481483
4 0.38671875 0.4287037037037037 0.0484375 0.10925925925925926
4 0.44973958333333336 0.3662037037037037 0.0453125 0.075
4 0.41640625 0.32407407407407407 0.049479166666666664 0.07777777777777778
4 0.34739583333333335 0.2949074074074074 0.05 0.06759259259259259
4 0.38776041666666666 0.2449074074074074 0.04010416666666667 0.05648148148148148
4 0.4635416666666667 0.31157407407407406 0.0375 0.06574074074074074
4 0.46822916666666664 0.2689814814814815 0.034375 0.04351851851851852
4 0.16380208333333332 0.37453703703703706 0.0859375 0.07685185185185185
4 0.18229166666666666 0.2828703703703704 0.058333333333333334 0.06944444444444445
4 0.15 0.26805555555555555 0.05416666666666667 0.06018518518518518
4 0.4153645833333333 0.21342592592592594 0.03177083333333333 0.05277777777777778
4 0.55625 0.3592592592592593 0.03958333333333333 0.08518518518518518
4 0.48932291666666666 0.18796296296296297 0.027604166666666666 0.044444444444444446
4 0.4390625 0.1925925925925926 0.026041666666666668 0.03888888888888889
4 0.45234375 0.17685185185185184 0.0203125 0.037037037037037035
4 0.46458333333333335 0.15648148148148147 0.021875 0.03148148148148148
4 0.4744791666666667 0.14351851851851852 0.01875 0.03333333333333333
4 0.5135416666666667 0.15 0.019791666666666666 0.037037037037037035
4 0.5361979166666667 0.15092592592592594 0.016145833333333335 0.03333333333333333
4 0.52265625 0.13055555555555556 0.0171875 0.02962962962962963
4 0.5424479166666667 0.13287037037037036 0.016145833333333335 0.028703703703703703
4 0.5296875 0.11527777777777778 0.015625 0.026851851851851852
4 0.53671875 0.10740740740740741 0.0140625 0.024074074074074074
4 0.5359375 0.09675925925925925 0.014583333333333334 0.025
4 0.5356770833333333 0.08703703703703704 0.013020833333333334 0.020370370370370372
4 0.5528645833333333 0.0912037037037037 0.013020833333333334 0.021296296296296296
4 0.575 0.24259259259259258 0.028125 0.046296296296296294
4 0.5822916666666667 0.2101851851851852 0.021875 0.044444444444444446
4 0.5817708333333333 0.1726851851851852 0.019791666666666666 0.03611111111111111
4 0.58671875 0.1574074074074074 0.0140625 0.03148148148148148
4 0.5854166666666667 0.12916666666666668 0.016666666666666666 0.028703703703703703
4 0.5036458333333333 0.09027777777777778 0.011458333333333333 0.026851851851851852
4 0.49453125 0.07731481481481481 0.021354166666666667 0.019444444444444445
4 0.5322916666666667 0.07407407407407407 0.011458333333333333 0.018518518518518517
4 0.5307291666666667 0.06481481481481481 0.011458333333333333 0.018518518518518517
4 0.5479166666666667 0.08009259259259259 0.0125 0.017592592592592594
4 0.5453125 0.06898148148148148 0.010416666666666666 0.019444444444444445
4 0.7080729166666667 0.27870370370370373 0.0359375 0.06666666666666667
