4 0.36875 0.4722222222222222 0.021875 0.06111111111111111
4 0.3927083333333333 0.45601851851851855 0.01875 0.05277777777777778
4 0.42994791666666665 0.5185185185185185 0.024479166666666666 0.07037037037037037
4 0.44583333333333336 0.38657407407407407 0.020833333333333332 0.05092592592592592
4 0.4203125 0.3578703703703704 0.016666666666666666 0.04722222222222222
4 0.40989583333333335 0.30648148148148147 0.014583333333333334 0.03888888888888889
4 0.38723958333333336 0.29953703703703705 0.0171875 0.04351851851851852
4 0.4075520833333333 0.26435185185185184 0.015104166666666667 0.03796296296296296
4 0.40598958333333335 0.20324074074074075 0.013020833333333334 0.032407407407407406
4 0.4078125 0.1625 0.0125 0.026851851851851852
4 0.38645833333333335 0.21666666666666667 0.013541666666666667 0.03333333333333333
4 0.38515625 0.25462962962962965 0.0140625 0.02962962962962963
4 0.38776041666666666 0.16805555555555557 0.0140625 0.030555555555555555
4 0.5703125 0.16018518518518518 0.030208333333333334 0.024074074074074074
4 0.5643229166666667 0.10185185185185185 0.0265625 0.020370370370370372
4 0.5682291666666667 0.1425925925925926 0.03125 0.022222222222222223
4 0.56484375 0.0824074074074074 0.0265625 0.025925925925925925
4 0.0765625 0.09166666666666666 0.022916666666666665 0.025925925925925925
4 0.2859375 0.006944444444444444 0.017708333333333333 0.013888888888888888
4 0.13098958333333333 0.05555555555555555 0.0203125 0.025925925925925925
