0 0.27890625 0.9333333333333333 0.0140625 0.04259259259259259
0 0.2890625 0.8277777777777777 0.017708333333333333 0.03333333333333333
0 0.5778645833333333 0.3416666666666667 0.0046875 0.009259259259259259
0 0.5809895833333333 0.33240740740740743 0.005729166666666666 0.009259259259259259
0 0.13828125 0.45740740740740743 0.0078125 0.012962962962962963
0 0.1203125 0.2222222222222222 0.004166666666666667 0.007407407407407408
0 0.12473958333333333 0.22175925925925927 0.0046875 0.006481481481481481
0 0.12864583333333332 0.22268518518518518 0.004166666666666667 0.006481481481481481
0 0.1328125 0.22175925925925927 0.004166666666666667 0.006481481481481481
0 0.13671875 0.22268518518518518 0.0046875 0.006481481481481481
