0 0.026041666666666668 0.2111111111111111 0.014583333333333334 0.014814814814814815
0 0.03619791666666667 0.21851851851851853 0.008854166666666666 0.016666666666666666
0 0.019791666666666666 0.1287037037037037 0.010416666666666666 0.016666666666666666
0 0.06380208333333333 0.21157407407407408 0.011979166666666667 0.012037037037037037
0 0.13645833333333332 0.2675925925925926 0.013541666666666667 0.016666666666666666
0 0.11197916666666667 0.2671296296296296 0.013541666666666667 0.017592592592592594
0 0.11458333333333333 0.29259259259259257 0.014583333333333334 0.022222222222222223
0 0.12734375 0.30416666666666664 0.0140625 0.025
0 0.13567708333333334 0.3087962962962963 0.0109375 0.017592592592592594
0 0.15286458333333333 0.33194444444444443 0.0140625 0.023148148148148147
0 0.15911458333333334 0.3388888888888889 0.0140625 0.024074074074074074
0 0.19244791666666666 0.4 0.0171875 0.014814814814814815
0 0.23958333333333334 0.5425925925925926 0.015625 0.02962962962962963
0 0.17604166666666668 0.29768518518518516 0.013541666666666667 0.01574074074074074
0 0.20911458333333333 0.3212962962962963 0.016145833333333335 0.016666666666666666
0 0.20703125 0.3476851851851852 0.015104166666666667 0.019444444444444445
0 0.23541666666666666 0.3398148148148148 0.016666666666666666 0.018518518518518517
0 0.25234375 0.2712962962962963 0.016145833333333335 0.014814814814814815
0 0.27786458333333336 0.412962962962963 0.016145833333333335 0.018518518518518517
0 0.29348958333333336 0.4583333333333333 0.015104166666666667 0.022222222222222223
0 0.3171875 0.49074074074074076 0.016666666666666666 0.024074074074074074
0 0.2760416666666667 0.3662037037037037 0.013541666666666667 0.017592592592592594
0 0.3489583333333333 0.4439814814814815 0.016666666666666666 0.021296296296296296
0 0.3932291666666667 0.3435185185185185 0.016666666666666666 0.016666666666666666
0 0.50390625 0.38287037037037036 0.0171875 0.017592592592592594
0 0.5122395833333333 0.4532407407407407 0.019270833333333334 0.025
0 0.42239583333333336 0.5393518518518519 0.01875 0.025
0 0.4309895833333333 0.5842592592592593 0.011979166666666667 0.020370370370370372
0 0.49635416666666665 0.7129629629629629 0.020833333333333332 0.03148148148148148
0 0.7127604166666667 0.7148148148148148 0.0234375 0.027777777777777776
0 0.7229166666666667 0.6962962962962963 0.0125 0.027777777777777776
0 0.5817708333333333 0.5587962962962963 0.019791666666666666 0.028703703703703703
0 0.6518229166666667 0.5685185185185185 0.0171875 0.024074074074074074
0 0.6190104166666667 0.6023148148148149 0.0203125 0.030555555555555555
0 0.5528645833333333 0.19953703703703704 0.016145833333333335 0.013888888888888888
0 0.46432291666666664 0.19490740740740742 0.015104166666666667 0.013888888888888888
0 0.71328125 0.10277777777777777 0.0140625 0.014814814814814815
