4 0.40572916666666664 0.5796296296296296 0.1 0.2518518518518518
4 0.4640625 0.1736111111111111 0.03125 0.04351851851851852
4 0.5328125 0.18796296296296297 0.03333333333333333 0.04814814814814815
4 0.4901041666666667 0.1449074074074074 0.028125 0.041666666666666664
4 0.4625 0.12361111111111112 0.020833333333333332 0.032407407407407406
4 0.30364583333333334 0.5055555555555555 0.08958333333333333 0.18333333333333332
4 0.34375 0.40046296296296297 0.06458333333333334 0.11203703703703703
4 0.36354166666666665 0.31574074074074077 0.04791666666666667 0.07777777777777778
4 0.36953125 0.2652777777777778 0.043229166666666666 0.06574074074074074
4 0.3763020833333333 0.2199074074074074 0.0359375 0.04722222222222222
4 0.38515625 0.16666666666666666 0.0265625 0.05
4 0.38046875 0.14027777777777778 0.0203125 0.026851851851851852
4 0.375 0.13287037037037036 0.01875 0.032407407407407406
4 0.36640625 0.13055555555555556 0.021354166666666667 0.02962962962962963
4 0.43697916666666664 0.10787037037037037 0.017708333333333333 0.025
4 0.43125 0.10185185185185185 0.013541666666666667 0.025925925925925925
4 0.4203125 0.09907407407407408 0.015625 0.022222222222222223
4 0.35572916666666665 0.10046296296296296 0.014583333333333334 0.019444444444444445
