0 0.04375 0.041666666666666664 0.011458333333333333 0.012962962962962963
0 0.03958333333333333 0.006481481481481481 0.009375 0.011111111111111112
0 0.09114583333333333 0.10324074074074074 0.014583333333333334 0.023148148148148147
0 0.17239583333333333 0.25555555555555554 0.030208333333333334 0.040740740740740744
0 0.15989583333333332 0.23333333333333334 0.030208333333333334 0.03518518518518519
0 0.21328125 0.324537037037037 0.0328125 0.041666666666666664
0 0.0984375 0.3138888888888889 0.026041666666666668 0.05
0 0.16276041666666666 0.38657407407407407 0.030729166666666665 0.06388888888888888
0 0.3104166666666667 0.549537037037037 0.07083333333333333 0.06759259259259259
0 0.6015625 0.33611111111111114 0.034375 0.03518518518518519
0 0.4625 0.42962962962962964 0.04375 0.05
0 0.5947916666666667 0.4810185185185185 0.042708333333333334 0.05277777777777778
0 0.7026041666666667 0.4476851851851852 0.04479166666666667 0.062037037037037036
