4 0.36380208333333336 0.6050925925925926 0.0390625 0.06759259259259259
4 0.34479166666666666 0.5648148148148148 0.034375 0.05740740740740741
4 0.32395833333333335 0.5467592592592593 0.03854166666666667 0.05277777777777778
4 0.3953125 0.538425925925926 0.03125 0.06018518518518518
4 0.3859375 0.5046296296296297 0.03333333333333333 0.053703703703703705
4 0.42864583333333334 0.47962962962962963 0.029166666666666667 0.04814814814814815
4 0.38515625 0.45 0.028645833333333332 0.05
4 0.4041666666666667 0.3819444444444444 0.026041666666666668 0.03796296296296296
4 0.4171875 0.44537037037037036 0.028125 0.040740740740740744
4 0.4549479166666667 0.4305555555555556 0.024479166666666666 0.044444444444444446
4 0.4395833333333333 0.40879629629629627 0.022916666666666665 0.041666666666666664
4 0.5854166666666667 0.16527777777777777 0.009375 0.01574074074074074
4 0.5890625 0.14537037037037037 0.007291666666666667 0.012962962962962963
4 0.68828125 0.20555555555555555 0.011979166666666667 0.022222222222222223
4 0.42291666666666666 0.22361111111111112 0.021875 0.017592592592592594
