0 0.9236979166666667 1.2699074074074075 0.1171875 0.10092592592592593
0 0.8140625 1.0685185185185184 0.078125 0.07407407407407407
0 1.01171875 1.0796296296296297 0.05677083333333333 0.08888888888888889
0 0.9106770833333333 0.9388888888888889 0.06927083333333334 0.053703703703703705
0 0.8354166666666667 0.8587962962962963 0.059375 0.049074074074074076
0 0.76484375 0.975925925925926 0.06510416666666667 0.05740740740740741
0 0.7067708333333333 0.8495370370370371 0.059375 0.05092592592592592
0 0.8111979166666666 0.8138888888888889 0.043229166666666666 0.040740740740740744
0 0.7888020833333333 0.7888888888888889 0.05364583333333333 0.037037037037037035
0 0.6205729166666667 0.7032407407407407 0.0390625 0.032407407407407406
0 0.6520833333333333 0.6287037037037037 0.025 0.024074074074074074
0 0.6096354166666667 0.6337962962962963 0.022395833333333334 0.025
0 0.6479166666666667 0.6152777777777778 0.029166666666666667 0.021296296296296296
0 0.55703125 0.5995370370370371 0.03177083333333333 0.025
0 0.60625 0.5768518518518518 0.025 0.020370370370370372
0 0.60078125 0.5694444444444444 0.0265625 0.016666666666666666
0 0.5372395833333333 0.5689814814814815 0.024479166666666666 0.012037037037037037
0 0.38776041666666666 0.7583333333333333 0.019270833333333334 0.03518518518518519
0 0.6197916666666666 0.5125 0.014583333333333334 0.012037037037037037
0 0.63046875 0.5106481481481482 0.013020833333333334 0.012037037037037037
0 0.521875 0.513425925925926 0.008333333333333333 0.013888888888888888
0 0.49322916666666666 0.49537037037037035 0.01875 0.011111111111111112
0 0.3966145833333333 0.4976851851851852 0.0140625 0.012037037037037037
0 0.38125 0.4912037037037037 0.011458333333333333 0.012037037037037037
0 0.40989583333333335 0.4888888888888889 0.014583333333333334 0.011111111111111112
0 0.4197916666666667 0.48657407407407405 0.011458333333333333 0.010185185185185186
0 0.32447916666666665 0.49907407407407406 0.014583333333333334 0.011111111111111112
0 0.3338541666666667 0.49074074074074076 0.011458333333333333 0.012962962962962963
0 0.321875 0.44351851851851853 0.004166666666666667 0.007407407407407408
