0 0.6822916666666666 0.7300925925925926 0.007291666666666667 0.010185185185185186
0 0.67265625 0.7430555555555556 0.011979166666666667 0.013888888888888888
0 0.6736979166666667 0.7361111111111112 0.011979166666666667 0.011111111111111112
0 0.63671875 0.7347222222222223 0.011979166666666667 0.010185185185185186
0 0.63046875 0.7601851851851852 0.009895833333333333 0.014814814814814815
0 0.6130208333333333 0.7925925925925926 0.0125 0.020370370370370372
0 0.5916666666666667 0.8245370370370371 0.014583333333333334 0.021296296296296296
0 0.5651041666666666 0.8162037037037037 0.014583333333333334 0.019444444444444445
0 0.5502604166666667 0.8162037037037037 0.015104166666666667 0.017592592592592594
0 0.56015625 0.8800925925925925 0.019270833333333334 0.023148148148148147
0 0.5453125 0.9046296296296297 0.021875 0.02962962962962963
0 0.5302083333333333 0.925 0.023958333333333335 0.02962962962962963
0 0.446875 0.9486111111111111 0.03229166666666667 0.030555555555555555
0 0.4864583333333333 0.9972222222222222 0.029166666666666667 0.03888888888888889
0 0.4578125 1.0435185185185185 0.034375 0.044444444444444446
0 0.47734375 1.0763888888888888 0.03802083333333333 0.05277777777777778
0 0.4171875 1.1273148148148149 0.0375 0.08611111111111111
0 0.26666666666666666 1.1185185185185185 0.041666666666666664 0.046296296296296294
0 0.3078125 1.150462962962963 0.053125 0.06944444444444445
0 0.35104166666666664 1.2222222222222223 0.053125 0.08148148148148149
0 0.6510416666666666 1.075925925925926 0.028125 0.05555555555555555
0 0.5466145833333333 1.1365740740740742 0.03802083333333333 0.06388888888888888
