4 0.28671875 0.5208333333333334 0.0109375 0.025
4 0.4010416666666667 0.5189814814814815 0.009375 0.025
4 0.32109375 0.4425925925925926 0.008854166666666666 0.018518518518518517
4 0.3375 0.3902777777777778 0.007291666666666667 0.013888888888888888
4 0.33177083333333335 0.3111111111111111 0.00625 0.009259259259259259
4 0.3658854166666667 0.3148148148148148 0.005729166666666666 0.012962962962962963
4 0.35520833333333335 0.3050925925925926 0.00625 0.012037037037037037
4 0.3640625 0.27546296296296297 0.005208333333333333 0.010185185185185186
4 0.35520833333333335 0.262037037037037 0.004166666666666667 0.007407407407407408
4 0.34479166666666666 0.24351851851851852 0.004166666666666667 0.007407407407407408
4 0.45546875 0.3388888888888889 0.011979166666666667 0.011111111111111112
4 0.4864583333333333 0.3402777777777778 0.014583333333333334 0.010185185185185186
4 0.5044270833333333 0.3111111111111111 0.0078125 0.009259259259259259
4 0.5127604166666667 0.2722222222222222 0.009895833333333333 0.007407407407407408
4 0.509375 0.2962962962962963 0.007291666666666667 0.011111111111111112
4 0.5119791666666667 0.33935185185185185 0.014583333333333334 0.010185185185185186
4 0.5588541666666667 0.3282407407407407 0.011458333333333333 0.010185185185185186
4 0.5989583333333334 0.3333333333333333 0.014583333333333334 0.009259259259259259
4 0.5966145833333333 0.324537037037037 0.015104166666666667 0.010185185185185186
4 0.6135416666666667 0.3143518518518518 0.014583333333333334 0.010185185185185186
