4 0.03854166666666667 0.03888888888888889 0.07708333333333334 0.07407407407407407
4 0.019791666666666666 0.20972222222222223 0.03958333333333333 0.1361111111111111
4 0.30755208333333334 0.05092592592592592 0.034895833333333334 0.10185185185185185
4 0.24140625 0.12222222222222222 0.03802083333333333 0.13333333333333333
4 0.17317708333333334 0.08009259259259259 0.04114583333333333 0.125
4 0.15546875 0.20092592592592592 0.0453125 0.12407407407407407
4 0.13229166666666667 0.38842592592592595 0.053125 0.15092592592592594
4 0.08411458333333334 0.3736111111111111 0.05677083333333333 0.14166666666666666
4 0.11015625 0.5819444444444445 0.05572916666666667 0.1824074074074074
4 0.0375 0.611574074074074 0.075 0.18796296296296297
4 0.0203125 0.8625 0.040625 0.20277777777777778
4 0.08072916666666667 0.8476851851851852 0.071875 0.20462962962962963
4 0.12682291666666667 0.9009259259259259 0.0640625 0.1388888888888889
4 0.36328125 0.14583333333333334 0.030729166666666665 0.11203703703703703
4 0.42291666666666666 0.14444444444444443 0.035416666666666666 0.10740740740740741
4 0.4354166666666667 0.475462962962963 0.04375 0.16574074074074074
4 0.57578125 0.8282407407407407 0.0765625 0.25462962962962965
4 0.63203125 0.6939814814814815 0.0671875 0.20092592592592592
4 0.5515625 0.6092592592592593 0.05520833333333333 0.15925925925925927
4 0.5877604166666667 0.4444444444444444 0.058854166666666666 0.1574074074074074
4 0.5309895833333333 0.41759259259259257 0.0546875 0.1537037037037037
4 0.5125 0.24305555555555555 0.04479166666666667 0.11388888888888889
4 0.5427083333333333 0.10972222222222222 0.036458333333333336 0.10833333333333334
4 0.4953125 0.11342592592592593 0.03958333333333333 0.10648148148148148
4 0.6494791666666667 0.03888888888888889 0.08541666666666667 0.06111111111111111
4 0.665625 0.08611111111111111 0.078125 0.07037037037037037
4 0.67421875 0.14537037037037037 0.0828125 0.06666666666666667
4 0.6864583333333333 0.21435185185185185 0.08541666666666667 0.06944444444444445
4 0.69765625 0.34675925925925927 0.06302083333333333 0.0824074074074074
4 0.70859375 0.4199074074074074 0.04114583333333333 0.0712962962962963
4 0.7161458333333334 0.5041666666666667 0.026041666666666668 0.07314814814814814
4 0.6635416666666667 0.8986111111111111 0.08125 0.14722222222222223
