0 0.053385416666666664 0.04861111111111111 0.03697916666666667 0.09537037037037037
0 0.08151041666666667 0.027777777777777776 0.0328125 0.05555555555555555
0 0.029427083333333333 0.2199074074074074 0.058854166666666666 0.05092592592592592
0 0.01171875 0.2884259259259259 0.022395833333333334 0.049074074074074076
0 0.06901041666666667 0.32685185185185184 0.05677083333333333 0.09259259259259259
0 0.14114583333333333 0.1625 0.046875 0.08611111111111111
0 0.16588541666666667 0.1310185185185185 0.04635416666666667 0.08796296296296297
0 0.1921875 0.09305555555555556 0.03958333333333333 0.08611111111111111
0 0.21276041666666667 0.05416666666666667 0.044270833333333336 0.0824074074074074
0 0.16015625 0.2814814814814815 0.0546875 0.05925925925925926
0 0.2265625 0.22592592592592592 0.051041666666666666 0.08518518518518518
0 0.3859375 0.03657407407407407 0.023958333333333335 0.07314814814814814
0 0.3768229166666667 0.2722222222222222 0.022395833333333334 0.09444444444444444
0 0.3731770833333333 0.39305555555555555 0.024479166666666666 0.09722222222222222
0 0.3372395833333333 0.9078703703703703 0.027604166666666666 0.11574074074074074
0 0.29375 0.8606481481481482 0.029166666666666667 0.13425925925925927
0 0.24739583333333334 0.7194444444444444 0.03125 0.1259259259259259
0 0.20572916666666666 0.7 0.028125 0.08703703703703704
0 0.12864583333333332 0.8231481481481482 0.065625 0.07407407407407407
0 0.12734375 0.6583333333333333 0.06510416666666667 0.07407407407407407
0 0.28463541666666664 0.538425925925926 0.03802083333333333 0.10648148148148148
0 0.14973958333333334 0.5708333333333333 0.06197916666666667 0.075
0 0.15494791666666666 0.4930555555555556 0.06197916666666667 0.07314814814814814
0 0.09166666666666666 0.5388888888888889 0.042708333333333334 0.07592592592592592
0 0.030208333333333334 0.5375 0.058333333333333334 0.05092592592592592
