4 0.9971354166666667 0.8902777777777777 0.0890625 0.08425925925925926
4 0.8854166666666666 0.8208333333333333 0.08645833333333333 0.07685185185185185
4 0.8174479166666667 0.9013888888888889 0.09010416666666667 0.08425925925925926
4 0.7817708333333333 0.7615740740740741 0.07395833333333333 0.06388888888888888
4 0.653125 0.7902777777777777 0.06875 0.062037037037037036
4 0.7125 0.6055555555555555 0.04375 0.03888888888888889
4 0.7307291666666667 0.5930555555555556 0.041666666666666664 0.03425925925925926
4 0.7393229166666667 0.6722222222222223 0.04114583333333333 0.044444444444444446
4 0.7765625 0.6027777777777777 0.03125 0.03888888888888889
4 0.8143229166666667 0.6106481481481482 0.033854166666666664 0.03611111111111111
4 0.8411458333333334 0.6444444444444445 0.059375 0.040740740740740744
4 0.82890625 0.538425925925926 0.04010416666666667 0.03425925925925926
4 0.8513020833333333 0.5291666666666667 0.0421875 0.030555555555555555
4 0.8630208333333333 0.5217592592592593 0.034375 0.030555555555555555
4 0.8760416666666667 0.5180555555555556 0.029166666666666667 0.030555555555555555
4 0.8893229166666666 0.5148148148148148 0.03177083333333333 0.025925925925925925
4 0.90390625 0.513425925925926 0.0359375 0.026851851851851852
4 0.96171875 0.4962962962962963 0.03697916666666667 0.024074074074074074
4 0.5861979166666667 0.6564814814814814 0.04635416666666667 0.040740740740740744
4 0.5380208333333333 0.7111111111111111 0.051041666666666666 0.04814814814814815
4 0.5411458333333333 0.6319444444444444 0.042708333333333334 0.03796296296296296
4 0.49296875 0.6050925925925926 0.03697916666666667 0.03611111111111111
4 0.45859375 0.5861111111111111 0.033854166666666664 0.03148148148148148
4 0.4283854166666667 0.6337962962962963 0.04114583333333333 0.03981481481481482
4 0.39453125 0.6087962962962963 0.03697916666666667 0.03611111111111111
4 0.33125 0.5689814814814815 0.03333333333333333 0.030555555555555555
4 0.3921875 0.5518518518518518 0.028125 0.025925925925925925
4 0.371875 0.5388888888888889 0.027083333333333334 0.025925925925925925
4 0.37734375 0.5064814814814815 0.030729166666666665 0.022222222222222223
4 0.40260416666666665 0.46296296296296297 0.017708333333333333 0.016666666666666666
4 0.41692708333333334 0.4615740740740741 0.019270833333333334 0.017592592592592594
4 0.43072916666666666 0.43842592592592594 0.016666666666666666 0.017592592592592594
4 0.46640625 0.45046296296296295 0.016145833333333335 0.019444444444444445
4 0.4479166666666667 0.3731481481481482 0.014583333333333334 0.011111111111111112
4 0.46328125 0.3851851851851852 0.0109375 0.009259259259259259
4 0.41119791666666666 0.3925925925925926 0.013020833333333334 0.011111111111111112
4 0.40911458333333334 0.37222222222222223 0.008854166666666666 0.011111111111111112
4 0.69453125 0.39675925925925926 0.0140625 0.012037037037037037
4 0.7033854166666667 0.3962962962962963 0.015104166666666667 0.009259259259259259
4 0.69609375 0.4078703703703704 0.016145833333333335 0.012037037037037037
4 0.70625 0.40694444444444444 0.015625 0.012037037037037037
4 0.7104166666666667 0.4041666666666667 0.015625 0.012037037037037037
4 0.9966145833333333 0.8893518518518518 0.0890625 0.08425925925925926
