0 0.2947916666666667 0.7263888888888889 0.03333333333333333 0.05277777777777778
0 0.31979166666666664 0.6134259259259259 0.01875 0.030555555555555555
0 0.3455729166666667 0.575462962962963 0.015104166666666667 0.025
0 0.36640625 0.5467592592592593 0.013020833333333334 0.017592592592592594
0 0.3971354166666667 0.5106481481481482 0.009895833333333333 0.013888888888888888
0 0.4161458333333333 0.49074074074074076 0.010416666666666666 0.018518518518518517
0 0.2559895833333333 0.7449074074074075 0.04010416666666667 0.06018518518518518
0 0.22005208333333334 0.7532407407407408 0.04010416666666667 0.06018518518518518
0 0.31171875 0.6564814814814814 0.024479166666666666 0.03333333333333333
0 0.2872395833333333 0.6875 0.028645833333333332 0.049074074074074076
0 0.26223958333333336 0.6958333333333333 0.0328125 0.049074074074074076
0 0.10729166666666666 0.7643518518518518 0.058333333333333334 0.04537037037037037
0 0.13229166666666667 0.7310185185185185 0.03958333333333333 0.03611111111111111
0 0.17786458333333333 0.7074074074074074 0.033854166666666664 0.046296296296296294
0 0.16041666666666668 0.7018518518518518 0.03333333333333333 0.03888888888888889
0 0.140625 0.700462962962963 0.035416666666666666 0.04722222222222222
0 0.12265625 0.7013888888888888 0.033854166666666664 0.05092592592592592
0 0.22942708333333334 0.6444444444444445 0.0265625 0.03518518518518519
0 0.21302083333333333 0.6421296296296296 0.027083333333333334 0.030555555555555555
0 0.19791666666666666 0.6393518518518518 0.022916666666666665 0.025
0 0.42578125 0.4740740740740741 0.009895833333333333 0.018518518518518517
