0 0.4192708333333333 0.3138888888888889 0.016666666666666666 0.03333333333333333
0 0.44583333333333336 0.2638888888888889 0.0125 0.022222222222222223
0 0.4705729166666667 0.21944444444444444 0.011979166666666667 0.018518518518518517
0 0.4703125 0.14722222222222223 0.008333333333333333 0.014814814814814815
0 0.48984375 0.1361111111111111 0.0078125 0.012962962962962963
0 0.4864583333333333 0.12638888888888888 0.009375 0.01574074074074074
0 0.5291666666666667 0.10694444444444444 0.00625 0.012037037037037037
0 0.6216145833333333 0.11481481481481481 0.0078125 0.011111111111111112
0 0.6291666666666667 0.08611111111111111 0.010416666666666666 0.007407407407407408
0 0.6309895833333333 0.0787037037037037 0.009895833333333333 0.005555555555555556
0 0.6981770833333333 0.12731481481481483 0.015104166666666667 0.012037037037037037
