4 0.2526041666666667 0.38472222222222224 0.034375 0.03425925925925926
4 0.3065104166666667 0.29398148148148145 0.027604166666666666 0.05277777777777778
4 0.36953125 0.075 0.019270833333333334 0.04259259259259259
4 0.37057291666666664 0.041666666666666664 0.013020833333333334 0.03148148148148148
4 0.45729166666666665 0.40555555555555556 0.017708333333333333 0.05185185185185185
4 0.44947916666666665 0.48333333333333334 0.025 0.07037037037037037
4 0.4276041666666667 0.475462962962963 0.027083333333333334 0.07685185185185185
4 0.41953125 0.5231481481481481 0.04114583333333333 0.05185185185185185
4 0.37395833333333334 0.6509259259259259 0.025 0.07222222222222222
4 0.32317708333333334 0.5638888888888889 0.04635416666666667 0.07407407407407407
4 0.265625 0.49074074074074076 0.04895833333333333 0.07037037037037037
