0 0.3145833333333333 0.19675925925925927 0.008333333333333333 0.028703703703703703
0 0.39348958333333334 0.46944444444444444 0.008854166666666666 0.02962962962962963
0 0.21119791666666668 0.9263888888888889 0.0078125 0.030555555555555555
0 0.21927083333333333 0.9296296296296296 0.008333333333333333 0.02962962962962963
0 0.228125 0.9277777777777778 0.008333333333333333 0.02962962962962963
0 0.2375 0.924074074074074 0.008333333333333333 0.02962962962962963
0 0.24609375 0.9263888888888889 0.008854166666666666 0.030555555555555555
0 0.25755208333333335 0.9236111111111112 0.0078125 0.026851851851851852
0 0.26614583333333336 0.9212962962962963 0.007291666666666667 0.02962962962962963
0 0.27447916666666666 0.9212962962962963 0.009375 0.02962962962962963
0 0.44557291666666665 0.9162037037037037 0.015104166666666667 0.017592592592592594
0 0.44635416666666666 0.9319444444444445 0.015625 0.013888888888888888
0 0.4471354166666667 0.9476851851851852 0.0140625 0.01574074074074074
0 0.44765625 0.9662037037037037 0.0171875 0.012037037037037037
0 0.5299479166666666 0.5412037037037037 0.018229166666666668 0.021296296296296296
0 0.5065104166666666 0.524074074074074 0.0078125 0.03148148148148148
0 0.50390625 0.8189814814814815 0.0171875 0.017592592592592594
