4 0.04739583333333333 0.015277777777777777 0.027083333333333334 0.030555555555555555
4 0.14244791666666667 0.018518518518518517 0.025520833333333333 0.037037037037037035
4 0.1703125 0.021296296296296296 0.023958333333333335 0.03518518518518519
4 0.09401041666666667 0.14305555555555555 0.030729166666666665 0.049074074074074076
4 0.54453125 0.13935185185185187 0.028645833333333332 0.041666666666666664
4 0.5390625 0.06111111111111111 0.035416666666666666 0.02962962962962963
4 0.5380208333333333 0.0412037037037037 0.036458333333333336 0.026851851851851852
4 0.5580729166666667 0.006944444444444444 0.024479166666666666 0.013888888888888888
4 0.57890625 0.06157407407407407 0.034895833333333334 0.030555555555555555
4 0.58359375 0.04675925925925926 0.034895833333333334 0.028703703703703703
4 0.6361979166666667 0.30462962962962964 0.0515625 0.04259259259259259
4 0.6333333333333333 0.24861111111111112 0.046875 0.03796296296296296
4 0.6221354166666667 0.21666666666666667 0.0421875 0.03148148148148148
4 0.6127604166666667 0.19027777777777777 0.0453125 0.032407407407407406
4 0.6072916666666667 0.16666666666666666 0.04583333333333333 0.03333333333333333
4 0.59453125 0.1361111111111111 0.04739583333333333 0.03333333333333333
4 0.5927083333333333 0.12037037037037036 0.040625 0.024074074074074074
4 0.5872395833333334 0.09722222222222222 0.028645833333333332 0.027777777777777776
4 0.6822916666666666 0.075 0.03854166666666667 0.03148148148148148
4 0.6799479166666667 0.05694444444444444 0.03802083333333333 0.019444444444444445
4 0.6630208333333333 0.04259259259259259 0.029166666666666667 0.025925925925925925
4 0.7083333333333334 0.020370370370370372 0.03333333333333333 0.027777777777777776
4 0.71484375 0.030555555555555555 0.028645833333333332 0.022222222222222223
4 0.71640625 0.0412037037037037 0.025520833333333333 0.017592592592592594
4 0.7184895833333333 0.056018518518518516 0.021354166666666667 0.025
4 0.703125 0.1476851851851852 0.046875 0.032407407407407406
4 0.7106770833333333 0.20787037037037037 0.03697916666666667 0.028703703703703703
4 0.7190104166666667 0.24027777777777778 0.0203125 0.032407407407407406
4 0.6604166666666667 0.47962962962962963 0.065625 0.06111111111111111
4 0.6703125 0.5685185185185185 0.07708333333333334 0.06296296296296296
4 0.6864583333333333 0.6263888888888889 0.07083333333333333 0.05648148148148148
4 0.6932291666666667 0.6916666666666667 0.071875 0.06851851851851852
