4 0.18177083333333333 0.18009259259259258 0.00625 0.012037037037037037
4 0.24713541666666666 0.24027777777777778 0.008854166666666666 0.013888888888888888
4 0.18463541666666666 0.1361111111111111 0.0046875 0.009259259259259259
4 0.16380208333333332 0.03287037037037037 0.0036458333333333334 0.010185185185185186
4 0.15026041666666667 0.07268518518518519 0.008854166666666666 0.006481481481481481
4 0.15026041666666667 0.06944444444444445 0.009895833333333333 0.005555555555555556
4 0.14973958333333334 0.06527777777777778 0.009895833333333333 0.008333333333333333
4 0.15026041666666667 0.06018518518518518 0.009895833333333333 0.007407407407407408
4 0.15 0.05555555555555555 0.009375 0.005555555555555556
4 0.15052083333333333 0.05185185185185185 0.010416666666666666 0.005555555555555556
4 0.14947916666666666 0.04675925925925926 0.008333333333333333 0.006481481481481481
4 0.14973958333333334 0.04259259259259259 0.009895833333333333 0.005555555555555556
4 0.14869791666666668 0.030555555555555555 0.008854166666666666 0.005555555555555556
4 0.1484375 0.029166666666666667 0.010416666666666666 0.006481481481481481
4 0.15 0.026851851851851852 0.008333333333333333 0.007407407407407408
4 0.15052083333333333 0.018518518518518517 0.005208333333333333 0.009259259259259259
4 0.23880208333333333 0.07916666666666666 0.0046875 0.010185185185185186
4 0.24322916666666666 0.06527777777777778 0.005208333333333333 0.010185185185185186
4 0.26979166666666665 0.1875 0.00625 0.013888888888888888
4 0.27265625 0.3148148148148148 0.011979166666666667 0.018518518518518517
4 0.37604166666666666 0.48564814814814816 0.017708333333333333 0.030555555555555555
