4 0.4200520833333333 0.5398148148148149 0.049479166666666664 0.11666666666666667
4 0.24166666666666667 0.7134259259259259 0.071875 0.14907407407407408
4 0.20338541666666668 0.6847222222222222 0.0828125 0.14722222222222223
4 0.5942708333333333 0.3814814814814815 0.028125 0.07592592592592592
4 0.59609375 0.2875 0.0234375 0.058333333333333334
4 0.59609375 0.21296296296296297 0.021354166666666667 0.044444444444444446
4 0.6106770833333334 0.15462962962962962 0.018229166666666668 0.03148148148148148
4 0.6145833333333334 0.1310185185185185 0.015625 0.028703703703703703
4 0.6096354166666667 0.10185185185185185 0.0171875 0.037037037037037035
4 0.63046875 0.019444444444444445 0.011979166666666667 0.024074074074074074
4 0.721875 0.02361111111111111 0.014583333333333334 0.021296296296296296
4 0.7247395833333333 0.2 0.008854166666666666 0.03148148148148148
4 0.4434895833333333 0.4361111111111111 0.0421875 0.07962962962962963
4 0.3606770833333333 0.31157407407407406 0.0484375 0.05092592592592592
4 0.35859375 0.2773148148148148 0.0484375 0.041666666666666664
4 0.37526041666666665 0.25324074074074077 0.04635416666666667 0.04351851851851852
4 0.31927083333333334 0.2361111111111111 0.036458333333333336 0.044444444444444446
4 0.29348958333333336 0.9004629629629629 0.08697916666666666 0.14166666666666666
4 0.03229166666666667 0.5481481481481482 0.06458333333333334 0.10185185185185185
4 0.01328125 0.5189814814814815 0.0265625 0.0787037037037037
4 0.478125 0.08657407407407407 0.034375 0.03611111111111111
