0 0.6872395833333333 0.8847222222222222 0.07864583333333333 0.175
0 0.6161458333333333 0.18333333333333332 0.06666666666666667 0.09259259259259259
0 0.05520833333333333 0.649537037037037 0.10833333333333334 0.25462962962962965
0 0.10494791666666667 0.7212962962962963 0.1765625 0.2074074074074074
0 0.34010416666666665 0.1875 0.04791666666666667 0.12685185185185185
0 0.40703125 0.09675925925925925 0.0578125 0.13240740740740742
0 0.16197916666666667 0.29907407407407405 0.121875 0.1
0 0.17265625 0.21388888888888888 0.11197916666666667 0.08333333333333333
0 0.16979166666666667 0.15231481481481482 0.10104166666666667 0.07685185185185185
0 0.16875 0.10601851851851851 0.10625 0.0824074074074074
0 0.18697916666666667 0.05185185185185185 0.090625 0.07407407407407407
0 0.17135416666666667 0.024074074074074074 0.078125 0.04814814814814815
