0 0.30416666666666664 0.5939814814814814 0.04479166666666667 0.14166666666666666
0 0.5609375 0.649537037037037 0.08020833333333334 0.15833333333333333
0 0.61875 0.5361111111111111 0.07916666666666666 0.12962962962962962
0 0.6151041666666667 0.275 0.04583333333333333 0.05185185185185185
0 0.5794270833333334 0.23472222222222222 0.033854166666666664 0.03425925925925926
0 0.5229166666666667 0.17962962962962964 0.026041666666666668 0.03148148148148148
0 0.34791666666666665 0.30972222222222223 0.028125 0.05092592592592592
0 0.28411458333333334 0.3472222222222222 0.030729166666666665 0.06666666666666667
0 0.24453125 0.35694444444444445 0.028645833333333332 0.062037037037037036
0 0.2872395833333333 0.2847222222222222 0.0234375 0.05277777777777778
0 0.7083333333333334 0.36712962962962964 0.036458333333333336 0.06018518518518518
0 0.6614583333333334 0.3226851851851852 0.05625 0.05648148148148148
0 0.4109375 0.07407407407407407 0.010416666666666666 0.018518518518518517
0 0.3919270833333333 0.07175925925925926 0.011979166666666667 0.019444444444444445
0 0.26276041666666666 0.18009259259259258 0.016145833333333335 0.028703703703703703
0 0.24739583333333334 0.16018518518518518 0.016666666666666666 0.02962962962962963
0 0.18046875 0.28055555555555556 0.059895833333333336 0.044444444444444446
0 0.18958333333333333 0.36944444444444446 0.05 0.05555555555555555
0 0.20755208333333333 0.24166666666666667 0.0484375 0.02962962962962963
0 0.21276041666666667 0.2111111111111111 0.0484375 0.03333333333333333
0 0.5505208333333333 0.14583333333333334 0.030208333333333334 0.021296296296296296
0 0.5427083333333333 0.13935185185185187 0.029166666666666667 0.028703703703703703
0 0.53828125 0.13148148148148148 0.0359375 0.027777777777777776
0 0.5346354166666667 0.12314814814814815 0.033854166666666664 0.025925925925925925
0 0.5208333333333334 0.11944444444444445 0.04375 0.020370370370370372
0 0.5083333333333333 0.10787037037037037 0.03958333333333333 0.032407407407407406
0 0.4283854166666667 0.07361111111111111 0.008854166666666666 0.013888888888888888
0 0.2671875 0.15833333333333333 0.01875 0.027777777777777776
0 0.6080729166666666 0.08194444444444444 0.019270833333333334 0.013888888888888888
0 0.5981770833333333 0.07962962962962963 0.019270833333333334 0.020370370370370372
0 0.6471354166666666 0.11157407407407408 0.019270833333333334 0.025
0 0.67890625 0.9143518518518519 0.09635416666666667 0.11203703703703703
0 0.20494791666666667 0.16111111111111112 0.0203125 0.03148148148148148
0 0.2578125 0.1439814814814815 0.0375 0.021296296296296296
0 0.34010416666666665 0.0060185185185185185 0.00625 0.010185185185185186
0 0.3645833333333333 0.01574074074074074 0.00625 0.007407407407407408
0 0.37135416666666665 0.024074074074074074 0.007291666666666667 0.012962962962962963
0 0.4361979166666667 0.08194444444444444 0.013020833333333334 0.01574074074074074
0 0.5036458333333333 0.1388888888888889 0.015625 0.024074074074074074
0 0.5861979166666667 0.1037037037037037 0.0296875 0.025925925925925925
0 0.6072916666666667 0.11666666666666667 0.019791666666666666 0.027777777777777776
0 0.6419270833333334 0.13796296296296295 0.03177083333333333 0.03148148148148148
0 0.6380208333333334 0.09953703703703703 0.020833333333333332 0.010185185185185186
0 0.6265625 0.0912037037037037 0.022916666666666665 0.019444444444444445
0 0.7208333333333333 0.15138888888888888 0.016666666666666666 0.025
