0 0.14036458333333332 0.8893518518518518 0.0421875 0.11203703703703703
0 0.4440104166666667 0.8662037037037037 0.0609375 0.08425925925925926
0 0.5671875 0.8625 0.026041666666666668 0.10648148148148148
0 0.68125 0.861574074074074 0.03854166666666667 0.10277777777777777
0 0.7473958333333334 0.8638888888888889 0.03854166666666667 0.10740740740740741
0 0.9877604166666667 0.2523148148148148 0.019270833333333334 0.030555555555555555
0 0.9807291666666667 0.22268518518518518 0.03333333333333333 0.028703703703703703
0 0.4947916666666667 0.4842592592592593 0.014583333333333334 0.03518518518518519
0 0.484375 0.3731481481481482 0.020833333333333332 0.05925925925925926
0 0.45989583333333334 0.3662037037037037 0.019791666666666666 0.06388888888888888
0 0.41484375 0.3611111111111111 0.0203125 0.06111111111111111
0 0.43984375 0.1837962962962963 0.016145833333333335 0.04351851851851852
0 0.3828125 0.18564814814814815 0.015625 0.04351851851851852
0 0.4348958333333333 0.10185185185185185 0.015625 0.04259259259259259
0 0.37578125 0.075 0.0328125 0.027777777777777776
0 0.2986979166666667 0.08148148148148149 0.0328125 0.02962962962962963
0 0.3065104166666667 0.06712962962962964 0.028645833333333332 0.028703703703703703
0 0.31197916666666664 0.05324074074074074 0.023958333333333335 0.025
0 0.32760416666666664 0.027777777777777776 0.022916666666666665 0.022222222222222223
0 0.3307291666666667 0.012962962962962963 0.021875 0.022222222222222223
0 0.33880208333333334 0.0060185185185185185 0.021354166666666667 0.012037037037037037
