4 0.25494791666666666 0.010185185185185186 0.0109375 0.014814814814814815
4 0.215625 0.15324074074074073 0.016666666666666666 0.028703703703703703
4 0.1359375 0.25 0.025 0.03148148148148148
4 0.18776041666666668 0.1398148148148148 0.0171875 0.024074074074074074
4 0.13177083333333334 0.1625 0.021875 0.023148148148148147
4 0.19401041666666666 0.0625 0.0109375 0.013888888888888888
4 0.6151041666666667 0.6694444444444444 0.05 0.044444444444444446
4 0.3890625 0.6916666666666667 0.025 0.07407407407407407
4 0.37265625 0.5125 0.0171875 0.041666666666666664
4 0.3567708333333333 0.1 0.008333333333333333 0.012962962962962963
4 0.36041666666666666 0.09074074074074075 0.008333333333333333 0.014814814814814815
4 0.36354166666666665 0.08194444444444444 0.00625 0.012037037037037037
4 0.3927083333333333 0.03657407407407407 0.00625 0.012037037037037037
4 0.3619791666666667 0.010648148148148148 0.005208333333333333 0.012037037037037037
4 0.36744791666666665 0.030555555555555555 0.0067708333333333336 0.014814814814814815
