4 0.08776041666666666 0.6699074074074074 0.07760416666666667 0.12314814814814815
4 0.0234375 0.6388888888888888 0.04583333333333333 0.08703703703703704
4 0.19479166666666667 0.4449074074074074 0.03125 0.058333333333333334
4 0.14479166666666668 0.4203703703703704 0.03229166666666667 0.053703703703703705
4 0.11276041666666667 0.4097222222222222 0.044270833333333336 0.05648148148148148
4 0.08984375 0.3972222222222222 0.0421875 0.06111111111111111
4 0.06458333333333334 0.39814814814814814 0.04791666666666667 0.05740740740740741
4 0.03125 0.3824074074074074 0.051041666666666666 0.053703703703703705
4 0.013802083333333333 0.37546296296296294 0.027604166666666666 0.04537037037037037
4 0.015885416666666666 0.04953703703703704 0.0140625 0.01574074074074074
4 0.06770833333333333 0.03425925925925926 0.017708333333333333 0.011111111111111112
4 0.06328125 0.02962962962962963 0.0171875 0.012962962962962963
4 0.05911458333333333 0.025 0.015104166666666667 0.012962962962962963
4 0.41015625 0.5180555555555556 0.0359375 0.07314814814814814
4 0.44140625 0.4597222222222222 0.030729166666666665 0.06388888888888888
4 0.47604166666666664 0.35 0.022916666666666665 0.046296296296296294
4 0.4510416666666667 0.08518518518518518 0.016666666666666666 0.016666666666666666
4 0.4622395833333333 0.0787037037037037 0.0171875 0.014814814814814815
4 0.4666666666666667 0.07361111111111111 0.0125 0.01574074074074074
4 0.434375 0.06157407407407407 0.013541666666666667 0.013888888888888888
4 0.40208333333333335 0.07824074074074074 0.011458333333333333 0.013888888888888888
4 0.3919270833333333 0.08055555555555556 0.016145833333333335 0.018518518518518517
4 0.4080729166666667 0.07592592592592592 0.0140625 0.016666666666666666
4 0.42213541666666665 0.06666666666666667 0.0109375 0.014814814814814815
4 0.4276041666666667 0.06574074074074074 0.010416666666666666 0.012962962962962963
