4 0.3385416666666667 0.20324074074074075 0.040625 0.03425925925925926
4 0.3953125 0.1986111111111111 0.042708333333333334 0.028703703703703703
4 0.48776041666666664 0.21481481481481482 0.025520833333333333 0.03518518518518519
4 0.4981770833333333 0.2490740740740741 0.021354166666666667 0.040740740740740744
4 0.49661458333333336 0.29398148148148145 0.021354166666666667 0.041666666666666664
4 0.47213541666666664 1.273611111111111 0.06614583333333333 0.23055555555555557
4 0.5197916666666667 0.18055555555555555 0.036458333333333336 0.03148148148148148
4 0.6411458333333333 0.19768518518518519 0.042708333333333334 0.04351851851851852
4 0.6760416666666667 0.19074074074074074 0.03854166666666667 0.02962962962962963
4 0.6885416666666667 0.17314814814814813 0.04583333333333333 0.02962962962962963
4 0.6497395833333334 0.1597222222222222 0.050520833333333334 0.028703703703703703
4 0.5825520833333333 0.17685185185185184 0.0453125 0.02962962962962963
4 0.6013020833333333 0.16898148148148148 0.04739583333333333 0.021296296296296296
4 0.684375 0.5171296296296296 0.040625 0.0824074074074074
4 0.8427083333333333 0.7703703703703704 0.10520833333333333 0.08518518518518518
4 0.8856770833333333 0.8958333333333334 0.1203125 0.13425925925925927
4 0.9953125 0.7592592592592593 0.09270833333333334 0.07962962962962963
