0 0.625 0.6328703703703704 0.010416666666666666 0.017592592592592594
0 0.6364583333333333 0.6421296296296296 0.010416666666666666 0.01574074074074074
0 0.6416666666666667 0.649074074074074 0.0125 0.018518518518518517
0 0.6567708333333333 0.6472222222222223 0.014583333333333334 0.018518518518518517
0 0.63671875 0.6106481481481482 0.009895833333333333 0.01574074074074074
0 0.6736979166666667 0.6212962962962963 0.0109375 0.012962962962962963
0 0.6708333333333333 0.6305555555555555 0.011458333333333333 0.014814814814814815
0 0.6635416666666667 0.6370370370370371 0.0125 0.016666666666666666
0 0.6135416666666667 0.5893518518518519 0.009375 0.01574074074074074
0 0.54296875 0.4166666666666667 0.0078125 0.011111111111111112
0 0.53203125 0.41898148148148145 0.008854166666666666 0.012037037037037037
0 0.5450520833333333 0.4060185185185185 0.008854166666666666 0.010185185185185186
0 0.6018229166666667 0.3648148148148148 0.0078125 0.011111111111111112
0 0.61953125 0.35 0.0078125 0.009259259259259259
0 0.6739583333333333 0.4634259259259259 0.0125 0.01574074074074074
0 0.6950520833333333 0.48009259259259257 0.011979166666666667 0.012037037037037037
0 0.7184895833333333 0.4962962962962963 0.0109375 0.014814814814814815
0 0.6447916666666667 0.32731481481481484 0.007291666666666667 0.010185185185185186
0 0.2591145833333333 0.3314814814814815 0.0046875 0.009259259259259259
0 0.23958333333333334 0.36666666666666664 0.007291666666666667 0.009259259259259259
0 0.2265625 0.3574074074074074 0.009375 0.009259259259259259
0 0.21796875 0.3574074074074074 0.0067708333333333336 0.007407407407407408
0 0.2171875 0.34953703703703703 0.00625 0.006481481481481481
0 0.19322916666666667 0.3037037037037037 0.007291666666666667 0.007407407407407408
0 0.15260416666666668 0.32685185185185184 0.008333333333333333 0.011111111111111112
0 0.16276041666666666 0.2638888888888889 0.0046875 0.007407407407407408
0 0.17317708333333334 0.26157407407407407 0.0078125 0.008333333333333333
