4 0.47161458333333334 0.15324074074074073 0.019270833333333334 0.026851851851851852
4 0.17317708333333334 0.2074074074074074 0.0578125 0.05185185185185185
4 0.24322916666666666 0.19305555555555556 0.042708333333333334 0.03981481481481482
4 0.28177083333333336 0.17314814814814813 0.03958333333333333 0.04259259259259259
4 0.31614583333333335 0.1699074074074074 0.036458333333333336 0.04351851851851852
4 0.35260416666666666 0.15138888888888888 0.030208333333333334 0.028703703703703703
4 0.39869791666666665 0.1398148148148148 0.04010416666666667 0.025925925925925925
4 0.04244791666666667 0.13564814814814816 0.04010416666666667 0.03611111111111111
4 0.07213541666666666 0.13333333333333333 0.03802083333333333 0.040740740740740744
4 0.10963541666666667 0.12824074074074074 0.03697916666666667 0.041666666666666664
4 0.1328125 0.11851851851851852 0.034375 0.02962962962962963
4 0.20703125 0.1125 0.044270833333333336 0.025
4 0.18151041666666667 0.0912037037037037 0.030729166666666665 0.03425925925925926
4 0.25494791666666666 0.10462962962962963 0.034895833333333334 0.04259259259259259
4 0.15260416666666668 0.10046296296296296 0.027083333333333334 0.03425925925925926
4 0.35078125 0.09537037037037037 0.0203125 0.020370370370370372
4 0.33984375 0.09490740740740741 0.019270833333333334 0.025
4 0.3255208333333333 0.09583333333333334 0.020833333333333332 0.025
4 0.3171875 0.09768518518518518 0.023958333333333335 0.021296296296296296
4 0.3026041666666667 0.09953703703703703 0.026041666666666668 0.032407407407407406
4 0.3854166666666667 0.09305555555555556 0.023958333333333335 0.025
4 0.3234375 0.13425925925925927 0.035416666666666666 0.037037037037037035
4 0.3729166666666667 0.08564814814814815 0.011458333333333333 0.013888888888888888
4 0.47161458333333334 0.1111111111111111 0.0203125 0.024074074074074074
4 0.45234375 0.10833333333333334 0.021354166666666667 0.020370370370370372
