0 0.7796875 0.0412037037037037 0.04583333333333333 0.07685185185185185
0 0.8033854166666666 0.22870370370370371 0.04739583333333333 0.09259259259259259
0 0.62890625 0.26990740740740743 0.05572916666666667 0.09722222222222222
0 0.7104166666666667 0.3902777777777778 0.06875 0.11203703703703703
0 0.65546875 0.49907407407407406 0.06614583333333333 0.11666666666666667
0 0.58671875 0.625462962962963 0.08072916666666667 0.14537037037037037
0 0.44088541666666664 0.5569444444444445 0.0828125 0.13240740740740742
0 0.5078125 0.7550925925925925 0.09375 0.17314814814814813
0 0.3255208333333333 0.7148148148148148 0.084375 0.1388888888888889
0 0.2109375 0.8842592592592593 0.10833333333333334 0.17037037037037037
0 0.26119791666666664 1.2277777777777779 0.1296875 0.24444444444444444
0 0.06432291666666666 1.1203703703703705 0.12864583333333332 0.2351851851851852
