0 0.28984375 0.42916666666666664 0.008854166666666666 0.019444444444444445
0 0.2950520833333333 0.37916666666666665 0.0067708333333333336 0.01574074074074074
0 0.30234375 0.30787037037037035 0.0046875 0.010185185185185186
0 0.29791666666666666 0.29444444444444445 0.005208333333333333 0.009259259259259259
0 0.3296875 0.24861111111111112 0.004166666666666667 0.008333333333333333
0 0.32838541666666665 0.21712962962962962 0.0036458333333333334 0.008333333333333333
0 0.32265625 0.21064814814814814 0.0026041666666666665 0.006481481481481481
0 0.3294270833333333 0.19953703703703704 0.0036458333333333334 0.008333333333333333
0 0.3109375 0.1699074074074074 0.003125 0.006481481481481481
0 0.3299479166666667 0.16296296296296298 0.0026041666666666665 0.007407407407407408
0 0.3497395833333333 0.4305555555555556 0.009895833333333333 0.018518518518518517
0 0.28802083333333334 0.3143518518518518 0.00625 0.012037037037037037
