4 0.15338541666666666 0.19166666666666668 0.0140625 0.03333333333333333
4 0.3294270833333333 0.0125 0.021354166666666667 0.025
4 0.38958333333333334 0.42824074074074076 0.0125 0.04722222222222222
4 0.37109375 0.40046296296296297 0.008854166666666666 0.04351851851851852
4 0.37734375 0.22962962962962963 0.011979166666666667 0.03148148148148148
4 0.36302083333333335 0.2865740740740741 0.010416666666666666 0.03981481481481482
4 0.5408854166666667 0.07268518518518519 0.019270833333333334 0.030555555555555555
4 0.44869791666666664 0.007407407407407408 0.0078125 0.014814814814814815
4 0.35833333333333334 0.22268518518518518 0.0125 0.03981481481481482
4 0.35651041666666666 0.028703703703703703 0.0171875 0.025925925925925925
4 0.35989583333333336 0.012037037037037037 0.019791666666666666 0.024074074074074074
