4 0.25703125 0.22592592592592592 0.009895833333333333 0.03888888888888889
4 0.3932291666666667 0.015277777777777777 0.022916666666666665 0.019444444444444445
4 0.39375 0.03611111111111111 0.020833333333333332 0.018518518518518517
4 0.3927083333333333 0.1787037037037037 0.022916666666666665 0.018518518518518517
4 0.3932291666666667 0.09351851851851851 0.019791666666666666 0.018518518518518517
4 0.44973958333333336 0.09166666666666666 0.018229166666666668 0.018518518518518517
4 0.44921875 0.11203703703703703 0.022395833333333334 0.020370370370370372
4 0.45026041666666666 0.1337962962962963 0.022395833333333334 0.019444444444444445
4 0.45026041666666666 0.15462962962962962 0.021354166666666667 0.018518518518518517
4 0.44947916666666665 0.32037037037037036 0.021875 0.018518518518518517
4 0.45026041666666666 0.3574074074074074 0.021354166666666667 0.018518518518518517
4 0.45260416666666664 0.4666666666666667 0.020833333333333332 0.014814814814814815
4 0.4583333333333333 0.8888888888888888 0.020833333333333332 0.022222222222222223
4 0.4591145833333333 0.8185185185185185 0.022395833333333334 0.020370370370370372
4 0.3651041666666667 0.6615740740740741 0.022916666666666665 0.01574074074074074
4 0.3966145833333333 0.3578703703703704 0.022395833333333334 0.017592592592592594
4 0.63515625 0.03657407407407407 0.021354166666666667 0.019444444444444445
4 0.68828125 0.03564814814814815 0.021354166666666667 0.021296296296296296
4 0.6744791666666666 0.5138888888888888 0.01875 0.02962962962962963
4 0.6619791666666667 0.6300925925925925 0.020833333333333332 0.032407407407407406
