0 0.023697916666666666 0.8444444444444444 0.04739583333333333 0.06481481481481481
0 0.14869791666666668 0.7087962962962963 0.07135416666666666 0.05648148148148148
0 0.023177083333333334 0.9425925925925925 0.04635416666666667 0.05740740740740741
0 0.46953125 0.5611111111111111 0.0703125 0.05925925925925926
0 0.6830729166666667 0.4722222222222222 0.0609375 0.053703703703703705
0 0.45677083333333335 0.025925925925925925 0.051041666666666666 0.05185185185185185
0 0.46041666666666664 0.09259259259259259 0.040625 0.06666666666666667
0 0.46380208333333334 0.15231481481481482 0.05364583333333333 0.075
0 0.47760416666666666 0.26805555555555555 0.04895833333333333 0.08055555555555556
0 0.31588541666666664 0.19537037037037036 0.06197916666666667 0.07222222222222222
0 0.32317708333333334 0.14074074074074075 0.05677083333333333 0.07592592592592592
0 0.07447916666666667 0.33425925925925926 0.06458333333333334 0.053703703703703705
