4 0.41328125 0.5060185185185185 0.07135416666666666 0.21203703703703702
4 0.5221354166666666 0.5143518518518518 0.0671875 0.2175925925925926
4 0.6364583333333333 0.5055555555555555 0.08333333333333333 0.2074074074074074
4 0.7447916666666666 0.8703703703703703 0.10520833333333333 0.2537037037037037
4 0.6322916666666667 0.22592592592592592 0.115625 0.14814814814814814
4 0.3731770833333333 1.2652777777777777 0.08385416666666666 0.24722222222222223
4 0.04583333333333333 1.0541666666666667 0.09166666666666666 0.1361111111111111
4 0.5747395833333333 0.05416666666666667 0.06822916666666666 0.10462962962962963
4 0.19817708333333334 0.034722222222222224 0.059895833333333336 0.06574074074074074
4 0.9822916666666667 0.060648148148148145 0.11041666666666666 0.12129629629629629
