0 0.3875 0.38287037037037036 0.009375 0.028703703703703703
0 0.40598958333333335 0.38333333333333336 0.0109375 0.02962962962962963
0 0.3651041666666667 0.3851851851851852 0.0125 0.027777777777777776
0 0.40234375 0.34305555555555556 0.0109375 0.025
0 0.384375 0.32685185185185184 0.009375 0.024074074074074074
0 0.38671875 0.30185185185185187 0.008854166666666666 0.024074074074074074
0 0.38723958333333336 0.1814814814814815 0.0067708333333333336 0.022222222222222223
0 0.3458333333333333 0.11712962962962963 0.005208333333333333 0.010185185185185186
0 0.36875 0.1175925925925926 0.00625 0.012962962962962963
0 0.38203125 0.08796296296296297 0.005729166666666666 0.014814814814814815
0 0.25807291666666665 0.5254629629629629 0.024479166666666666 0.019444444444444445
0 0.13307291666666668 0.5347222222222222 0.033854166666666664 0.028703703703703703
0 0.38958333333333334 0.04722222222222222 0.004166666666666667 0.011111111111111112
0 0.38958333333333334 0.03194444444444444 0.004166666666666667 0.012037037037037037
0 0.3888020833333333 0.022222222222222223 0.0046875 0.012962962962962963
0 0.38645833333333335 0.3574074074074074 0.0125 0.03148148148148148
