4 0.2140625 0.7680555555555556 0.09583333333333334 0.12129629629629629
4 0.2625 0.6564814814814814 0.078125 0.08888888888888889
4 0.2734375 0.6023148148148149 0.071875 0.07314814814814814
4 0.2911458333333333 0.5638888888888889 0.071875 0.05185185185185185
4 0.30911458333333336 0.5185185185185185 0.06302083333333333 0.04259259259259259
4 0.34270833333333334 0.45787037037037037 0.051041666666666666 0.041666666666666664
4 0.4 0.49166666666666664 0.03229166666666667 0.06666666666666667
4 0.5333333333333333 0.5328703703703703 0.065625 0.05648148148148148
4 0.5122395833333333 0.48657407407407405 0.06302083333333333 0.05277777777777778
4 0.515625 0.4685185185185185 0.058333333333333334 0.04259259259259259
4 0.37604166666666666 0.3592592592592593 0.03333333333333333 0.025925925925925925
4 0.33958333333333335 0.34305555555555556 0.030208333333333334 0.021296296296296296
4 0.60859375 0.19907407407407407 0.0140625 0.007407407407407408
