0 0.1546875 0.9518518518518518 0.03125 0.040740740740740744
0 0.36744791666666665 0.12638888888888888 0.005729166666666666 0.012037037037037037
0 0.4359375 0.2638888888888889 0.017708333333333333 0.012962962962962963
0 0.4375 0.25601851851851853 0.016666666666666666 0.012037037037037037
0 0.4361979166666667 0.24583333333333332 0.019270833333333334 0.013888888888888888
0 0.4171875 0.23703703703703705 0.0125 0.011111111111111112
0 0.41848958333333336 0.23194444444444445 0.016145833333333335 0.012037037037037037
0 0.4192708333333333 0.21851851851851853 0.014583333333333334 0.011111111111111112
0 0.4200520833333333 0.21296296296296297 0.0140625 0.012962962962962963
0 0.4197916666666667 0.20972222222222223 0.013541666666666667 0.012037037037037037
0 0.43802083333333336 0.22685185185185186 0.015625 0.012962962962962963
0 0.4375 0.21666666666666667 0.0125 0.011111111111111112
0 0.43802083333333336 0.21064814814814814 0.014583333333333334 0.010185185185185186
0 0.3815104166666667 0.2263888888888889 0.011979166666666667 0.012037037037037037
0 0.3841145833333333 0.22083333333333333 0.013020833333333334 0.012037037037037037
0 0.3846354166666667 0.2125 0.015104166666666667 0.010185185185185186
0 0.3854166666666667 0.20324074074074075 0.0125 0.013888888888888888
0 0.3888020833333333 0.19444444444444445 0.0140625 0.011111111111111112
0 0.3953125 0.030555555555555555 0.003125 0.007407407407407408
