0 0.09713541666666667 0.4847222222222222 0.033854166666666664 0.026851851851851852
0 0.18671875 0.4203703703703704 0.030729166666666665 0.025925925925925925
0 0.23802083333333332 0.41435185185185186 0.029166666666666667 0.026851851851851852
0 0.41067708333333336 0.06388888888888888 0.011979166666666667 0.02962962962962963
0 0.3619791666666667 0.02962962962962963 0.011458333333333333 0.022222222222222223
0 0.41484375 0.38657407407407407 0.015104166666666667 0.05092592592592592
0 0.43828125 0.41435185185185186 0.0171875 0.05092592592592592
0 0.50546875 0.36898148148148147 0.033854166666666664 0.032407407407407406
0 0.6408854166666667 0.4462962962962963 0.03802083333333333 0.03148148148148148
0 0.6838541666666667 0.44814814814814813 0.040625 0.027777777777777776
0 0.4328125 0.5842592592592593 0.01875 0.06481481481481481
0 0.46171875 0.6208333333333333 0.018229166666666668 0.06759259259259259
0 0.1296875 0.6356481481481482 0.01875 0.062037037037037036
0 0.17369791666666667 0.6574074074074074 0.024479166666666666 0.07222222222222222
0 0.184375 0.7013888888888888 0.017708333333333333 0.05462962962962963
0 0.19166666666666668 0.6421296296296296 0.01875 0.062037037037037036
0 0.20859375 0.6402777777777777 0.018229166666666668 0.06018518518518518
0 0.20234375 0.6921296296296297 0.018229166666666668 0.05092592592592592
0 0.4244791666666667 0.16157407407407406 0.0125 0.03611111111111111
