0 0.11015625 0.8916666666666667 0.10260416666666666 0.13518518518518519
0 0.22005208333333334 0.8 0.08802083333333334 0.12407407407407407
0 0.31302083333333336 0.7421296296296296 0.07395833333333333 0.11203703703703703
0 0.26796875 0.9166666666666666 0.0984375 0.1111111111111111
0 0.040364583333333336 0.4115740740740741 0.059895833333333336 0.05648148148148148
0 0.14192708333333334 0.3662037037037037 0.0515625 0.04351851851851852
0 0.21822916666666667 0.2574074074074074 0.029166666666666667 0.037037037037037035
0 0.31979166666666664 0.24444444444444444 0.03333333333333333 0.03148148148148148
0 0.39505208333333336 0.5726851851851852 0.05677083333333333 0.06759259259259259
0 0.4283854166666667 0.5995370370370371 0.06302083333333333 0.075
0 0.5247395833333334 0.750462962962963 0.07552083333333333 0.11944444444444445
0 0.5546875 0.7148148148148148 0.06979166666666667 0.11666666666666667
0 0.5731770833333333 0.6620370370370371 0.06510416666666667 0.1
0 0.5924479166666666 0.6337962962962963 0.0671875 0.09722222222222222
0 0.62109375 0.6092592592592593 0.06510416666666667 0.08888888888888889
0 0.6369791666666667 0.5879629629629629 0.06354166666666666 0.09074074074074075
0 0.6552083333333333 0.5671296296296297 0.0625 0.08425925925925926
0 0.7005208333333334 0.5175925925925926 0.041666666666666664 0.05925925925925926
0 0.70859375 0.5027777777777778 0.04114583333333333 0.06666666666666667
0 0.715625 0.4648148148148148 0.027083333333333334 0.03888888888888889
0 0.7122395833333334 0.43194444444444446 0.033854166666666664 0.049074074074074076
0 0.45078125 0.5263888888888889 0.050520833333333334 0.06018518518518518
0 0.4979166666666667 0.5342592592592592 0.04791666666666667 0.05555555555555555
0 0.5390625 0.48703703703703705 0.04375 0.053703703703703705
0 0.51953125 0.44907407407407407 0.04739583333333333 0.04814814814814815
0 0.2890625 0.4162037037037037 0.06354166666666666 0.06018518518518518
0 0.49713541666666666 0.29444444444444445 0.022395833333333334 0.03148148148148148
0 0.6721354166666667 0.1310185185185185 0.015104166666666667 0.017592592592592594
0 0.43255208333333334 0.10787037037037037 0.0234375 0.013888888888888888
