4 0.02578125 0.06527777777777778 0.03802083333333333 0.030555555555555555
4 0.08541666666666667 0.3888888888888889 0.027083333333333334 0.07592592592592592
4 0.16276041666666666 0.4 0.049479166666666664 0.037037037037037035
4 0.41796875 0.8032407407407407 0.034895833333333334 0.13055555555555556
4 0.69140625 0.6134259259259259 0.0328125 0.0824074074074074
4 0.44583333333333336 0.524537037037037 0.025 0.0824074074074074
4 0.4796875 0.8717592592592592 0.0375 0.1527777777777778
4 0.4161458333333333 0.3138888888888889 0.023958333333333335 0.05925925925925926
4 0.42161458333333335 0.17592592592592593 0.018229166666666668 0.044444444444444446
4 0.44479166666666664 0.1527777777777778 0.020833333333333332 0.040740740740740744
4 0.47578125 0.1425925925925926 0.0203125 0.046296296296296294
4 0.48541666666666666 0.22453703703703703 0.023958333333333335 0.04722222222222222
4 0.46328125 0.032407407407407406 0.0140625 0.02962962962962963
4 0.4479166666666667 0.0824074074074074 0.016666666666666666 0.040740740740740744
4 0.3859375 0.024074074074074074 0.0125 0.03333333333333333
4 0.4231770833333333 0.04537037037037037 0.021354166666666667 0.03333333333333333
4 0.41510416666666666 0.010185185185185186 0.01875 0.020370370370370372
4 0.66484375 0.4 0.03177083333333333 0.06296296296296296
4 0.125 0.2273148148148148 0.022916666666666665 0.05092592592592592
4 0.13619791666666667 0.17407407407407408 0.03802083333333333 0.053703703703703705
4 0.17447916666666666 0.062037037037037036 0.036458333333333336 0.024074074074074074
4 0.15833333333333333 0.10092592592592593 0.035416666666666666 0.027777777777777776
4 0.20286458333333332 0.1625 0.034895833333333334 0.030555555555555555
4 0.16770833333333332 0.36018518518518516 0.04583333333333333 0.040740740740740744
4 0.03671875 0.5689814814814815 0.028645833333333332 0.08055555555555556
4 0.06510416666666667 0.47314814814814815 0.03333333333333333 0.07407407407407407
4 0.013541666666666667 0.6944444444444444 0.027083333333333334 0.08703703703703704
4 0.03828125 0.23194444444444445 0.0484375 0.041666666666666664
4 0.05911458333333333 0.031018518518518518 0.03802083333333333 0.023148148148148147
4 0.03046875 0.043055555555555555 0.03802083333333333 0.030555555555555555
4 0.08932291666666667 0.047685185185185185 0.03802083333333333 0.026851851851851852
4 0.10911458333333333 0.02638888888888889 0.034895833333333334 0.026851851851851852
4 0.13723958333333333 0.0412037037037037 0.0296875 0.030555555555555555
4 0.1515625 0.022685185185185187 0.034375 0.021296296296296296
4 0.009635416666666667 0.02962962962962963 0.019270833333333334 0.020370370370370372
4 0.07682291666666667 0.062037037037037036 0.03697916666666667 0.020370370370370372
4 0.18932291666666667 0.2462962962962963 0.04114583333333333 0.02962962962962963
4 0.18072916666666666 0.30277777777777776 0.041666666666666664 0.03518518518518519
4 0.18411458333333333 0.2722222222222222 0.0421875 0.02962962962962963
4 0.19296875 0.22592592592592592 0.04010416666666667 0.03148148148148148
4 0.19635416666666666 0.20092592592592592 0.04375 0.02962962962962963
4 0.3768229166666667 0.850462962962963 0.03177083333333333 0.13240740740740742
4 0.3690104166666667 0.18101851851851852 0.0203125 0.049074074074074076
4 0.3671875 0.6782407407407407 0.03229166666666667 0.1175925925925926
