0 0.24322916666666666 0.9291666666666667 0.17291666666666666 0.1361111111111111
0 0.634375 0.5523148148148148 0.0375 0.06574074074074074
0 0.41796875 0.46944444444444444 0.034895833333333334 0.06111111111111111
0 0.5114583333333333 0.26064814814814813 0.028125 0.021296296296296296
0 0.4622395833333333 0.2361111111111111 0.016145833333333335 0.020370370370370372
0 0.4296875 0.21712962962962962 0.0125 0.017592592592592594
0 0.34479166666666666 0.21296296296296297 0.015625 0.018518518518518517
0 0.3971354166666667 0.1787037037037037 0.0078125 0.012962962962962963
0 0.3614583333333333 0.1814814814814815 0.007291666666666667 0.011111111111111112
0 0.353125 0.18055555555555555 0.00625 0.011111111111111112
