4 0.07630208333333334 0.1699074074074074 0.0203125 0.013888888888888888
4 0.12890625 0.18703703703703703 0.021354166666666667 0.014814814814814815
4 0.4361979166666667 0.1162037037037037 0.009895833333333333 0.010185185185185186
4 0.47682291666666665 0.07453703703703704 0.0078125 0.008333333333333333
4 0.48880208333333336 0.06388888888888888 0.0067708333333333336 0.007407407407407408
4 0.49453125 0.05787037037037037 0.0067708333333333336 0.008333333333333333
4 0.48463541666666665 0.07453703703703704 0.0078125 0.010185185185185186
4 0.5830729166666667 0.004629629629629629 0.0046875 0.005555555555555556
4 0.521875 0.07083333333333333 0.00625 0.010185185185185186
4 0.4861979166666667 0.09583333333333334 0.0078125 0.008333333333333333
4 0.49635416666666665 0.09907407407407408 0.008333333333333333 0.011111111111111112
4 0.7265625 0.10462962962962963 0.005208333333333333 0.012962962962962963
4 0.44114583333333335 0.14583333333333334 0.009375 0.010185185185185186
4 0.41848958333333336 0.18009259259259258 0.0109375 0.012037037037037037
4 0.4322916666666667 0.1962962962962963 0.019791666666666666 0.014814814814814815
4 0.33229166666666665 0.17777777777777778 0.0125 0.011111111111111112
4 0.3489583333333333 0.20277777777777778 0.022916666666666665 0.014814814814814815
4 0.5057291666666667 0.3 0.008333333333333333 0.020370370370370372
4 0.440625 0.27546296296296297 0.011458333333333333 0.025
4 0.41822916666666665 0.27361111111111114 0.010416666666666666 0.026851851851851852
4 0.28828125 0.34675925925925927 0.0140625 0.023148148148148147
4 0.3802083333333333 0.3773148148148148 0.013541666666666667 0.030555555555555555
4 0.42239583333333336 0.4166666666666667 0.0125 0.03333333333333333
4 0.47994791666666664 0.5055555555555555 0.0140625 0.040740740740740744
4 0.39609375 0.5111111111111111 0.015104166666666667 0.044444444444444446
4 0.2833333333333333 0.6546296296296297 0.01875 0.06111111111111111
4 0.6486979166666667 0.6939814814814815 0.021354166666666667 0.062037037037037036
