4 0.10338541666666666 0.7912037037037037 0.049479166666666664 0.14907407407407408
4 0.08385416666666666 0.008333333333333333 0.026041666666666668 0.016666666666666666
4 0.012239583333333333 0.3587962962962963 0.024479166666666666 0.0787037037037037
4 0.15494791666666666 0.00787037037037037 0.016145833333333335 0.01574074074074074
4 0.08411458333333334 0.026851851851851852 0.027604166666666666 0.020370370370370372
4 0.05755208333333333 0.18564814814814815 0.030729166666666665 0.05462962962962963
4 0.022135416666666668 0.29444444444444445 0.033854166666666664 0.06666666666666667
4 0.14322916666666666 0.41203703703703703 0.025 0.06296296296296296
4 0.16380208333333332 0.07453703703703704 0.0203125 0.032407407407407406
4 0.15494791666666666 0.025 0.016145833333333335 0.022222222222222223
4 0.07135416666666666 0.1337962962962963 0.023958333333333335 0.04722222222222222
4 0.043229166666666666 0.2300925925925926 0.025 0.05462962962962963
