4 0.17265625 0.7226851851851852 0.05572916666666667 0.12314814814814815
4 0.21770833333333334 0.562962962962963 0.04791666666666667 0.11851851851851852
4 0.2390625 0.4722222222222222 0.029166666666666667 0.07222222222222222
4 0.30807291666666664 0.24537037037037038 0.024479166666666666 0.05
4 0.2713541666666667 0.38842592592592595 0.03125 0.06759259259259259
4 0.5083333333333333 0.9143518518518519 0.057291666666666664 0.11574074074074074
4 0.634375 0.774074074074074 0.06458333333333334 0.14444444444444443
4 0.5580729166666667 0.7902777777777777 0.050520833333333334 0.1527777777777778
4 0.4903645833333333 0.7023148148148148 0.0453125 0.125
4 0.434375 0.7037037037037037 0.0375 0.1259259259259259
4 0.4283854166666667 0.5717592592592593 0.03177083333333333 0.09351851851851851
4 0.47942708333333334 0.549074074074074 0.03697916666666667 0.09814814814814815
4 0.5346354166666667 0.562037037037037 0.0390625 0.11666666666666667
4 0.59140625 0.586574074074074 0.0484375 0.10833333333333334
4 0.43046875 0.45740740740740743 0.025520833333333333 0.06851851851851852
4 0.60078125 0.34305555555555556 0.0515625 0.06388888888888888
4 0.33151041666666664 0.15925925925925927 0.0265625 0.03888888888888889
4 0.29375 0.10740740740740741 0.0375 0.027777777777777776
4 0.30364583333333334 0.08287037037037037 0.030208333333333334 0.01574074074074074
4 0.246875 0.13148148148148148 0.03854166666666667 0.027777777777777776
4 0.20338541666666668 0.12638888888888888 0.025520833333333333 0.017592592592592594
4 0.14114583333333333 0.12824074074074074 0.028125 0.025
4 0.234375 0.09768518518518518 0.036458333333333336 0.025
4 0.08697916666666666 0.11157407407407408 0.036458333333333336 0.021296296296296296
4 0.0546875 0.12453703703703704 0.03958333333333333 0.025
4 0.15494791666666666 0.10601851851851851 0.0328125 0.025
4 0.17630208333333333 0.12361111111111112 0.027604166666666666 0.025
4 0.34713541666666664 0.043055555555555555 0.0140625 0.025
4 0.3263020833333333 0.032407407407407406 0.022395833333333334 0.018518518518518517
4 0.38723958333333336 0.15 0.03177083333333333 0.04814814814814815
4 0.43802083333333336 0.21203703703703702 0.040625 0.05555555555555555
4 0.5765625 0.08287037037037037 0.041666666666666664 0.026851851851851852
4 0.5174479166666667 0.05138888888888889 0.015104166666666667 0.021296296296296296
4 0.49375 0.05694444444444444 0.019791666666666666 0.026851851851851852
4 0.44375 0.07962962962962963 0.0375 0.027777777777777776
4 0.46458333333333335 0.014351851851851852 0.027083333333333334 0.021296296296296296
4 0.6138020833333333 0.012962962962962963 0.025520833333333333 0.024074074074074074
4 0.6591145833333333 0.06666666666666667 0.0390625 0.025925925925925925
4 0.7122395833333334 0.04953703703703704 0.033854166666666664 0.030555555555555555
4 0.63828125 0.008796296296296297 0.025520833333333333 0.017592592592592594
4 0.6682291666666667 0.008333333333333333 0.027083333333333334 0.016666666666666666
4 0.6981770833333333 0.006944444444444444 0.027604166666666666 0.013888888888888888
