4 0.21848958333333332 0.055092592592592596 0.049479166666666664 0.03981481481481482
4 0.4036458333333333 0.04351851851851852 0.01875 0.08703703703703704
4 0.30546875 0.15694444444444444 0.019270833333333334 0.08425925925925926
4 0.40182291666666664 0.1425925925925926 0.0171875 0.08148148148148149
4 0.30755208333333334 0.26342592592592595 0.0203125 0.07685185185185185
4 0.33098958333333334 0.2884259259259259 0.019270833333333334 0.09166666666666666
4 0.40546875 0.33796296296296297 0.0203125 0.08703703703703704
4 0.32473958333333336 0.40694444444444444 0.022395833333333334 0.08796296296296297
4 0.40598958333333335 0.43842592592592594 0.019270833333333334 0.08611111111111111
4 0.30963541666666666 0.5263888888888889 0.021354166666666667 0.08611111111111111
4 0.4078125 0.5347222222222222 0.022916666666666665 0.09166666666666666
4 0.4140625 0.7666666666666667 0.016666666666666666 0.09444444444444444
4 0.20833333333333334 0.8282407407407407 0.057291666666666664 0.04351851851851852
4 0.4122395833333333 0.8902777777777777 0.025520833333333333 0.10277777777777777
4 0.30026041666666664 0.9069444444444444 0.0328125 0.1287037037037037
