4 0.33984375 0.2652777777777778 0.008854166666666666 0.021296296296296296
4 0.3255208333333333 0.31203703703703706 0.014583333333333334 0.025925925925925925
4 0.26015625 0.512962962962963 0.0265625 0.037037037037037035
4 0.24765625 0.737037037037037 0.0359375 0.06296296296296296
4 0.32786458333333335 0.6708333333333333 0.034895833333333334 0.06388888888888888
4 0.022135416666666668 0.6532407407407408 0.043229166666666666 0.06388888888888888
4 0.04479166666666667 0.6791666666666667 0.05 0.062037037037037036
4 0.054947916666666666 0.7 0.04739583333333333 0.06481481481481481
4 0.19375 0.8462962962962963 0.04479166666666667 0.07592592592592592
4 0.2296875 0.7888888888888889 0.04479166666666667 0.06666666666666667
4 0.2171875 0.6953703703703704 0.03333333333333333 0.053703703703703705
4 0.35078125 0.687037037037037 0.034895833333333334 0.06481481481481481
4 0.37552083333333336 0.2199074074074074 0.009375 0.017592592592592594
4 0.43359375 0.24722222222222223 0.018229166666666668 0.016666666666666666
4 0.44557291666666665 0.7796296296296297 0.0296875 0.07222222222222222
4 0.46875 0.8101851851851852 0.030208333333333334 0.08148148148148149
4 0.4752604166666667 0.9291666666666667 0.0546875 0.062037037037037036
4 0.4947916666666667 0.2587962962962963 0.010416666666666666 0.013888888888888888
4 0.559375 0.42962962962962964 0.011458333333333333 0.02962962962962963
