4 0.5481770833333334 1.2083333333333333 0.08385416666666666 0.28888888888888886
4 0.64453125 1.0226851851851853 0.09427083333333333 0.2212962962962963
4 0.5651041666666666 0.825462962962963 0.065625 0.17685185185185184
4 0.9268229166666667 0.6157407407407407 0.09322916666666667 0.1
4 0.5682291666666667 0.5833333333333334 0.06145833333333333 0.13333333333333333
4 0.49322916666666666 0.3611111111111111 0.06041666666666667 0.08148148148148149
4 0.46875 0.300462962962963 0.06145833333333333 0.075
4 0.4322916666666667 0.2777777777777778 0.059375 0.06666666666666667
4 0.4609375 0.21342592592592594 0.06666666666666667 0.06018518518518518
4 0.44140625 0.18009259259259258 0.06927083333333334 0.05462962962962963
4 0.4354166666666667 0.14583333333333334 0.06145833333333333 0.05462962962962963
4 0.41875 0.11712962962962963 0.06145833333333333 0.05462962962962963
4 0.40703125 0.0875 0.05677083333333333 0.04722222222222222
4 0.3966145833333333 0.030555555555555555 0.05572916666666667 0.04259259259259259
4 0.24583333333333332 0.5486111111111112 0.04895833333333333 0.14537037037037037
4 0.23151041666666666 0.3875 0.043229166666666666 0.11018518518518519
4 0.23229166666666667 0.29305555555555557 0.041666666666666664 0.08425925925925926
4 0.22604166666666667 0.14444444444444443 0.030208333333333334 0.06111111111111111
4 0.22421875 0.0587962962962963 0.0265625 0.05648148148148148
4 0.29765625 0.10092592592592593 0.03177083333333333 0.06296296296296296
4 0.034375 0.513425925925926 0.06875 0.06944444444444445
4 0.0671875 0.31574074074074077 0.075 0.06851851851851852
4 0.07395833333333333 0.2671296296296296 0.07083333333333333 0.06759259259259259
4 0.08307291666666666 0.21157407407407408 0.06927083333333334 0.0712962962962963
4 0.08723958333333333 0.1912037037037037 0.07447916666666667 0.06018518518518518
4 0.0890625 0.15833333333333333 0.06145833333333333 0.053703703703703705
4 0.01484375 0.1175925925925926 0.0296875 0.05
4 0.02734375 0.03611111111111111 0.0359375 0.05
