4 0.44817708333333334 0.7958333333333333 0.04114583333333333 0.08611111111111111
4 0.4002604166666667 0.7606481481481482 0.0359375 0.075
4 0.45364583333333336 0.7328703703703704 0.04479166666666667 0.08611111111111111
4 0.40182291666666664 0.6990740740740741 0.03697916666666667 0.07407407407407407
4 0.3611979166666667 0.6180555555555556 0.03177083333333333 0.05648148148148148
4 0.38333333333333336 0.6055555555555555 0.030208333333333334 0.05740740740740741
4 0.32057291666666665 0.5847222222222223 0.027604166666666666 0.05648148148148148
4 0.33177083333333335 0.5481481481481482 0.027083333333333334 0.05555555555555555
4 0.30494791666666665 0.48009259259259257 0.025520833333333333 0.05648148148148148
4 0.27369791666666665 0.4222222222222222 0.024479166666666666 0.046296296296296294
4 0.253125 0.3814814814814815 0.01875 0.03888888888888889
4 0.2752604166666667 0.37824074074074077 0.019270833333333334 0.03796296296296296
4 0.16536458333333334 0.17824074074074073 0.0140625 0.021296296296296296
4 0.42083333333333334 0.13194444444444445 0.015625 0.017592592592592594
4 0.43255208333333334 0.13240740740740742 0.013020833333333334 0.016666666666666666
4 0.675 0.37083333333333335 0.025 0.028703703703703703
4 0.20859375 0.022222222222222223 0.0067708333333333336 0.012962962962962963
4 0.303125 0.08425925925925926 0.009375 0.014814814814814815
