0 0.3265625 0.8402777777777778 0.090625 0.2638888888888889
0 0.5901041666666667 0.6532407407407408 0.06666666666666667 0.16944444444444445
0 0.42630208333333336 0.6703703703703704 0.06822916666666666 0.16111111111111112
0 0.3731770833333333 0.5601851851851852 0.0671875 0.13703703703703704
0 0.4440104166666667 0.5402777777777777 0.0515625 0.10833333333333334
0 0.275 0.5064814814814815 0.07083333333333333 0.11666666666666667
0 0.0390625 0.4847222222222222 0.078125 0.10833333333333334
0 0.33359375 0.39537037037037037 0.05260416666666667 0.08703703703703704
0 0.4427083333333333 0.45092592592592595 0.046875 0.08333333333333333
0 0.6484375 0.525 0.08229166666666667 0.08333333333333333
0 0.6778645833333333 0.3648148148148148 0.050520833333333334 0.05740740740740741
0 0.6440104166666667 0.3087962962962963 0.0703125 0.058333333333333334
0 0.5760416666666667 0.3958333333333333 0.036458333333333336 0.06759259259259259
0 0.57578125 0.3384259259259259 0.03802083333333333 0.062037037037037036
0 0.3651041666666667 0.3416666666666667 0.040625 0.07037037037037037
0 0.3888020833333333 0.3037037037037037 0.025520833333333333 0.053703703703703705
0 0.4088541666666667 0.274537037037037 0.035416666666666666 0.049074074074074076
0 0.4236979166666667 0.24814814814814815 0.030729166666666665 0.03888888888888889
0 0.43359375 0.22546296296296298 0.022395833333333334 0.03611111111111111
0 0.45677083333333335 0.2967592592592593 0.03125 0.058333333333333334
0 0.4796875 0.23796296296296296 0.022916666666666665 0.03888888888888889
0 0.5052083333333334 0.23935185185185184 0.021875 0.04537037037037037
0 0.51171875 0.2101851851851852 0.019270833333333334 0.024074074074074074
0 0.5140625 0.20092592592592592 0.014583333333333334 0.024074074074074074
0 0.5598958333333334 0.2740740740740741 0.022916666666666665 0.040740740740740744
0 0.5638020833333334 0.24953703703703703 0.022395833333333334 0.03796296296296296
0 0.56015625 0.22546296296296298 0.024479166666666666 0.03425925925925926
0 0.55859375 0.21064814814814814 0.018229166666666668 0.030555555555555555
0 0.5565104166666667 0.19490740740740742 0.0171875 0.028703703703703703
0 0.5518229166666667 0.16898148148148148 0.019270833333333334 0.025
0 0.5552083333333333 0.15462962962962962 0.026041666666666668 0.025925925925925925
0 0.4895833333333333 0.20972222222222223 0.019791666666666666 0.032407407407407406
0 0.49270833333333336 0.19166666666666668 0.015625 0.022222222222222223
0 0.49713541666666666 0.1763888888888889 0.0171875 0.019444444444444445
0 0.4981770833333333 0.15833333333333333 0.0140625 0.018518518518518517
0 0.4940104166666667 0.14907407407407408 0.016145833333333335 0.022222222222222223
0 0.5135416666666667 0.15601851851851853 0.015625 0.021296296296296296
0 0.5348958333333333 0.13657407407407407 0.013541666666666667 0.023148148148148147
