0 0.0203125 0.25324074074074077 0.040625 0.05462962962962963
0 0.04192708333333333 0.20694444444444443 0.05260416666666667 0.04537037037037037
0 0.06041666666666667 0.19305555555555556 0.06770833333333333 0.049074074074074076
0 0.07760416666666667 0.17546296296296296 0.05625 0.04351851851851852
0 0.1015625 0.1527777777777778 0.059375 0.040740740740740744
0 0.11171875 0.13287037037037036 0.049479166666666664 0.03611111111111111
0 0.12161458333333333 0.11481481481481481 0.05260416666666667 0.03518518518518519
0 0.13125 0.09814814814814815 0.05 0.03333333333333333
0 0.15833333333333333 0.04953703703703704 0.04583333333333333 0.03981481481481482
0 0.16822916666666668 0.0412037037037037 0.040625 0.03425925925925926
0 0.18307291666666667 0.01898148148148148 0.04114583333333333 0.03425925925925926
0 0.055989583333333336 0.4300925925925926 0.07447916666666667 0.11203703703703703
0 0.11458333333333333 0.43703703703703706 0.05625 0.12407407407407407
0 0.15130208333333334 0.3277777777777778 0.0515625 0.09074074074074075
0 0.18333333333333332 0.24583333333333332 0.04375 0.08055555555555556
0 0.15052083333333333 0.23148148148148148 0.040625 0.05925925925925926
0 0.20911458333333333 0.18472222222222223 0.034895833333333334 0.06388888888888888
0 0.17916666666666667 0.16203703703703703 0.036458333333333336 0.053703703703703705
0 0.1984375 0.11990740740740741 0.030208333333333334 0.04722222222222222
0 0.22526041666666666 0.14027777777777778 0.027604166666666666 0.058333333333333334
0 0.2453125 0.09027777777777778 0.022916666666666665 0.03981481481481482
0 0.23645833333333333 0.05694444444444444 0.020833333333333332 0.03796296296296296
0 0.259375 0.058333333333333334 0.017708333333333333 0.040740740740740744
0 0.24817708333333333 0.026851851851851852 0.0234375 0.03333333333333333
0 0.2708333333333333 0.03009259259259259 0.019791666666666666 0.03425925925925926
0 0.2755208333333333 0.06574074074074074 0.025 0.046296296296296294
0 0.2752604166666667 0.1814814814814815 0.03177083333333333 0.06111111111111111
0 0.30963541666666666 0.06018518518518518 0.019270833333333334 0.040740740740740744
0 0.28229166666666666 0.011574074074074073 0.022916666666666665 0.023148148148148147
0 0.3294270833333333 0.011111111111111112 0.021354166666666667 0.022222222222222223
0 0.40078125 0.041666666666666664 0.0203125 0.037037037037037035
0 0.39791666666666664 0.36527777777777776 0.035416666666666666 0.10462962962962963
0 0.40208333333333335 0.7921296296296296 0.05416666666666667 0.22870370370370371
0 0.4942708333333333 0.5046296296296297 0.053125 0.13148148148148148
0 0.4825520833333333 0.38472222222222224 0.04010416666666667 0.09351851851851851
0 0.5119791666666667 0.2814814814814815 0.036458333333333336 0.08518518518518518
0 0.4752604166666667 0.2796296296296296 0.0328125 0.06851851851851852
0 0.4640625 0.21296296296296297 0.03229166666666667 0.06666666666666667
0 0.50234375 0.19953703703703704 0.027604166666666666 0.058333333333333334
0 0.4583333333333333 0.15462962962962962 0.026041666666666668 0.04814814814814815
0 0.49375 0.14629629629629629 0.021875 0.053703703703703705
0 0.48854166666666665 0.10972222222222222 0.03958333333333333 0.05648148148148148
0 0.44479166666666664 0.050462962962962966 0.017708333333333333 0.030555555555555555
0 0.47239583333333335 0.03518518518518519 0.017708333333333333 0.03333333333333333
0 0.44479166666666664 0.021296296296296296 0.020833333333333332 0.02962962962962963
0 0.44192708333333336 0.006944444444444444 0.016145833333333335 0.013888888888888888
0 0.5200520833333333 0.016666666666666666 0.024479166666666666 0.03148148148148148
0 0.5247395833333334 0.04861111111111111 0.0234375 0.04351851851851852
0 0.5895833333333333 0.21296296296296297 0.029166666666666667 0.06481481481481481
0 0.60546875 0.2800925925925926 0.043229166666666666 0.08055555555555556
0 0.6205729166666667 0.3726851851851852 0.05364583333333333 0.08796296296296297
0 0.6924479166666667 0.5638888888888889 0.0734375 0.12962962962962962
