0 0.4825520833333333 0.12731481481481483 0.0026041666666666665 0.006481481481481481
0 0.47994791666666664 0.13148148148148148 0.0026041666666666665 0.005555555555555556
0 0.47734375 0.13472222222222222 0.0026041666666666665 0.006481481481481481
0 0.47161458333333334 0.14351851851851852 0.0036458333333333334 0.007407407407407408
0 0.49583333333333335 0.11481481481481481 0.003125 0.007407407407407408
0 0.5002604166666667 0.10694444444444444 0.0026041666666666665 0.006481481481481481
0 0.50859375 0.09861111111111111 0.0036458333333333334 0.006481481481481481
0 0.5010416666666667 0.11342592592592593 0.003125 0.004629629629629629
0 0.49609375 0.12731481481481483 0.0036458333333333334 0.008333333333333333
0 0.50546875 0.1111111111111111 0.0036458333333333334 0.007407407407407408
0 0.5109375 0.1037037037037037 0.004166666666666667 0.007407407407407408
0 0.5114583333333333 0.11574074074074074 0.005208333333333333 0.011111111111111112
0 0.51484375 0.11944444444444445 0.005729166666666666 0.009259259259259259
0 0.5236979166666667 0.14027777777777778 0.008854166666666666 0.017592592592592594
0 0.5330729166666667 0.14212962962962963 0.008854166666666666 0.017592592592592594
0 0.5559895833333334 0.2101851851851852 0.0171875 0.02962962962962963
0 0.5260416666666666 0.23657407407407408 0.0125 0.028703703703703703
0 0.5330729166666667 0.28888888888888886 0.0171875 0.03518518518518519
0 0.6044270833333333 0.27037037037037037 0.030729166666666665 0.04259259259259259
0 0.5481770833333334 0.33611111111111114 0.025520833333333333 0.04814814814814815
0 0.5114583333333333 0.37546296296296294 0.022916666666666665 0.04722222222222222
0 0.70859375 0.3990740740740741 0.04114583333333333 0.08888888888888889
0 0.47682291666666665 0.1537037037037037 0.0036458333333333334 0.007407407407407408
0 0.4739583333333333 0.1638888888888889 0.005208333333333333 0.009259259259259259
0 0.45989583333333334 0.18611111111111112 0.004166666666666667 0.005555555555555556
0 0.4583333333333333 0.19305555555555556 0.005208333333333333 0.008333333333333333
0 0.45729166666666665 0.19675925925925927 0.005208333333333333 0.008333333333333333
0 0.4557291666666667 0.2023148148148148 0.005208333333333333 0.008333333333333333
0 0.45364583333333336 0.20972222222222223 0.005208333333333333 0.010185185185185186
0 0.45234375 0.21574074074074073 0.0046875 0.009259259259259259
0 0.45208333333333334 0.2212962962962963 0.005208333333333333 0.009259259259259259
0 0.44973958333333336 0.2263888888888889 0.0046875 0.010185185185185186
0 0.44427083333333334 0.2388888888888889 0.007291666666666667 0.016666666666666666
0 0.4479166666666667 0.2375 0.00625 0.012037037037037037
0 0.44583333333333336 0.22083333333333333 0.005208333333333333 0.008333333333333333
0 0.4596354166666667 0.20601851851851852 0.005729166666666666 0.008333333333333333
0 0.4588541666666667 0.2152777777777778 0.00625 0.013888888888888888
0 0.45598958333333334 0.22777777777777777 0.0078125 0.014814814814814815
0 0.45286458333333335 0.2412037037037037 0.0078125 0.013888888888888888
0 0.4510416666666667 0.25416666666666665 0.008333333333333333 0.019444444444444445
0 0.43333333333333335 0.2638888888888889 0.011458333333333333 0.016666666666666666
0 0.4393229166666667 0.2625 0.0078125 0.012037037037037037
0 0.4375 0.2712962962962963 0.007291666666666667 0.014814814814814815
0 0.44505208333333335 0.275 0.009895833333333333 0.022222222222222223
0 0.43515625 0.2828703703703704 0.008854166666666666 0.01574074074074074
0 0.42994791666666665 0.2953703703703704 0.0078125 0.016666666666666666
0 0.43697916666666664 0.30648148148148147 0.011458333333333333 0.025925925925925925
0 0.42578125 0.3175925925925926 0.0109375 0.024074074074074074
0 0.440625 0.3736111111111111 0.015625 0.03796296296296296
0 0.41875 0.42824074074074076 0.015625 0.03796296296296296
0 0.40572916666666664 0.4703703703703704 0.020833333333333332 0.05
0 0.396875 0.5226851851851851 0.022916666666666665 0.06018518518518518
0 0.38229166666666664 0.6097222222222223 0.025 0.06944444444444445
0 0.3625 0.6902777777777778 0.035416666666666666 0.10092592592592593
0 0.40651041666666665 0.8060185185185185 0.0359375 0.1361111111111111
0 0.35963541666666665 0.8768518518518519 0.0453125 0.1388888888888889
0 0.33151041666666664 0.8379629629629629 0.04635416666666667 0.13703703703703704
0 0.38619791666666664 0.9328703703703703 0.05260416666666667 0.0787037037037037
0 0.27317708333333335 0.937962962962963 0.04635416666666667 0.06851851851851852
0 0.29348958333333336 0.9421296296296297 0.0484375 0.06018518518518518
