0 0.5057291666666667 0.6587962962962963 0.007291666666666667 0.010185185185185186
0 0.3958333333333333 0.711574074074074 0.016666666666666666 0.021296296296296296
0 0.37890625 0.7041666666666667 0.0171875 0.026851851851851852
0 0.41953125 0.6865740740740741 0.009895833333333333 0.01574074074074074
0 0.41380208333333335 0.6814814814814815 0.0109375 0.011111111111111112
0 0.4270833333333333 0.6736111111111112 0.008333333333333333 0.013888888888888888
0 0.2903645833333333 0.7402777777777778 0.025520833333333333 0.01574074074074074
0 0.30078125 0.7351851851851852 0.025520833333333333 0.018518518518518517
0 0.30963541666666666 0.7277777777777777 0.0265625 0.016666666666666666
0 0.32734375 0.7148148148148148 0.019270833333333334 0.014814814814814815
0 0.334375 0.7111111111111111 0.020833333333333332 0.016666666666666666
0 0.33880208333333334 0.7069444444444445 0.024479166666666666 0.01574074074074074
0 0.34479166666666666 0.700462962962963 0.01875 0.013888888888888888
0 0.4466145833333333 0.6472222222222223 0.005729166666666666 0.009259259259259259
0 0.4505208333333333 0.6430555555555556 0.005208333333333333 0.006481481481481481
0 0.3734375 0.6810185185185185 0.017708333333333333 0.010185185185185186
