4 0.13125 0.29953703703703705 0.01875 0.023148148148148147
4 0.3299479166666667 0.3527777777777778 0.0203125 0.022222222222222223
4 0.4080729166666667 0.32222222222222224 0.008854166666666666 0.03518518518518519
4 0.40260416666666665 0.3976851851851852 0.009375 0.03611111111111111
4 0.36640625 0.43472222222222223 0.018229166666666668 0.017592592592592594
4 0.32265625 0.5814814814814815 0.0140625 0.03888888888888889
4 0.246875 0.8435185185185186 0.019791666666666666 0.018518518518518517
4 0.246875 0.8666666666666667 0.021875 0.022222222222222223
4 0.48984375 0.14027777777777778 0.009895833333333333 0.03796296296296296
4 0.5747395833333333 0.16018518518518518 0.009895833333333333 0.03518518518518519
4 0.4947916666666667 0.23472222222222222 0.010416666666666666 0.03425925925925926
