4 0.3106770833333333 0.8810185185185185 0.059895833333333336 0.13796296296296295
4 0.32890625 0.7518518518518519 0.050520833333333334 0.10925925925925926
4 0.5080729166666667 0.575462962962963 0.033854166666666664 0.05277777777777778
4 0.3458333333333333 0.6615740740740741 0.03958333333333333 0.09537037037037037
4 0.41822916666666665 0.4981481481481482 0.020833333333333332 0.040740740740740744
4 0.46979166666666666 0.48518518518518516 0.021875 0.03888888888888889
4 0.44635416666666666 0.4462962962962963 0.019791666666666666 0.027777777777777776
4 0.37083333333333335 0.48148148148148145 0.019791666666666666 0.027777777777777776
4 0.36744791666666665 0.4634259259259259 0.0171875 0.025
4 0.3611979166666667 0.4587962962962963 0.0171875 0.023148148148148147
4 0.42682291666666666 0.41898148148148145 0.0140625 0.021296296296296296
4 0.42135416666666664 0.4078703703703704 0.0125 0.019444444444444445
4 0.41380208333333335 0.4041666666666667 0.0140625 0.019444444444444445
4 0.35833333333333334 0.40555555555555556 0.011458333333333333 0.016666666666666666
4 0.35494791666666664 0.39861111111111114 0.009895833333333333 0.013888888888888888
4 0.353125 0.3925925925925926 0.008333333333333333 0.012962962962962963
4 0.35052083333333334 0.38842592592592595 0.008333333333333333 0.013888888888888888
4 0.33958333333333335 0.40185185185185185 0.009375 0.016666666666666666
4 0.3255208333333333 0.42685185185185187 0.022916666666666665 0.020370370370370372
