0 0.3515625 0.21805555555555556 0.020833333333333332 0.03425925925925926
0 0.3653645833333333 0.18796296296296297 0.0203125 0.03518518518518519
0 0.421875 0.12129629629629629 0.016666666666666666 0.022222222222222223
0 0.6369791666666667 0.6546296296296297 0.03333333333333333 0.11481481481481481
0 0.67265625 0.3111111111111111 0.0328125 0.05740740740740741
0 0.7067708333333333 0.27870370370370373 0.035416666666666666 0.053703703703703705
0 0.7205729166666667 0.26064814814814813 0.0171875 0.03425925925925926
0 0.5684895833333333 0.03009259259259259 0.0328125 0.025
0 0.67109375 0.030555555555555555 0.0296875 0.027777777777777776
0 0.421875 0.30648148148148147 0.021875 0.037037037037037035
