0 0.48359375 1.0300925925925926 0.08489583333333334 0.08055555555555556
0 0.4942708333333333 0.9726851851851852 0.08020833333333334 0.06574074074074074
0 0.50546875 0.9203703703703704 0.07864583333333333 0.07037037037037037
0 0.5122395833333333 0.8680555555555556 0.07239583333333334 0.05648148148148148
0 0.51953125 0.825462962962963 0.0703125 0.05462962962962963
0 0.5158854166666667 0.7861111111111111 0.0703125 0.053703703703703705
0 0.5184895833333333 0.7490740740740741 0.0609375 0.046296296296296294
0 0.5177083333333333 0.7074074074074074 0.0625 0.046296296296296294
0 0.5268229166666667 0.6777777777777778 0.0578125 0.040740740740740744
0 0.525 0.6481481481481481 0.06041666666666667 0.04259259259259259
0 0.51875 0.6194444444444445 0.051041666666666666 0.04259259259259259
0 0.5098958333333333 0.538425925925926 0.021875 0.03611111111111111
0 0.56640625 0.17175925925925925 0.008854166666666666 0.013888888888888888
0 0.5638020833333334 0.08935185185185185 0.005729166666666666 0.010185185185185186
0 0.5515625 0.05555555555555555 0.007291666666666667 0.009259259259259259
0 0.61171875 0.07314814814814814 0.0078125 0.009259259259259259
0 0.6203125 0.08148148148148149 0.00625 0.011111111111111112
0 0.540625 0.053703703703703705 0.007291666666666667 0.009259259259259259
0 0.5502604166666667 0.06574074074074074 0.011979166666666667 0.009259259259259259
0 0.5747395833333333 0.06342592592592593 0.0067708333333333336 0.008333333333333333
0 0.5611979166666666 0.09722222222222222 0.0067708333333333336 0.012962962962962963
0 0.5533854166666666 0.17037037037037037 0.0109375 0.016666666666666666
0 0.55234375 0.18981481481481483 0.0078125 0.014814814814814815
0 0.50859375 0.5740740740740741 0.021354166666666667 0.040740740740740744
0 0.47109375 0.6912037037037037 0.025520833333333333 0.06759259259259259
0 0.40703125 0.7287037037037037 0.033854166666666664 0.07037037037037037
0 0.38776041666666666 0.812037037037037 0.04114583333333333 0.08703703703703704
