0 0.2984375 0.5263888888888889 0.015625 0.06018518518518518
0 0.31979166666666664 0.5231481481481481 0.014583333333333334 0.05740740740740741
0 0.31276041666666665 0.6365740740740741 0.0390625 0.03425925925925926
0 0.3145833333333333 0.7046296296296296 0.03854166666666667 0.037037037037037035
0 0.06302083333333333 0.8865740740740741 0.034375 0.06388888888888888
0 0.11927083333333334 0.887962962962963 0.04583333333333333 0.07407407407407407
0 0.7385416666666667 0.04398148148148148 0.026041666666666668 0.023148148148148147
0 0.84609375 0.03425925925925926 0.033854166666666664 0.03333333333333333
0 0.9 0.2 0.026041666666666668 0.037037037037037035
0 0.9380208333333333 0.03518518518518519 0.03125 0.022222222222222223
0 0.8924479166666667 0.5583333333333333 0.022395833333333334 0.06481481481481481
