0 0.34036458333333336 0.5055555555555555 0.07135416666666666 0.05555555555555555
0 0.33489583333333334 0.43703703703703706 0.06354166666666666 0.05185185185185185
0 0.3502604166666667 0.37083333333333335 0.025520833333333333 0.03611111111111111
0 0.37578125 0.34629629629629627 0.022395833333333334 0.03518518518518519
0 0.38776041666666666 0.3925925925925926 0.0265625 0.04259259259259259
0 0.3572916666666667 0.2759259259259259 0.016666666666666666 0.027777777777777776
0 0.4080729166666667 0.24953703703703703 0.018229166666666668 0.023148148148148147
0 0.346875 0.24351851851851852 0.015625 0.020370370370370372
0 0.32734375 0.16620370370370371 0.008854166666666666 0.013888888888888888
0 0.34088541666666666 0.1287037037037037 0.0067708333333333336 0.012962962962962963
0 0.4161458333333333 0.1675925925925926 0.010416666666666666 0.016666666666666666
0 0.41328125 0.15092592592592594 0.009895833333333333 0.012962962962962963
0 0.38723958333333336 0.12824074074074074 0.005729166666666666 0.012037037037037037
0 0.40260416666666665 0.13842592592592592 0.007291666666666667 0.010185185185185186
0 0.4203125 0.1439814814814815 0.008333333333333333 0.012037037037037037
0 0.4388020833333333 0.14722222222222223 0.0078125 0.011111111111111112
0 0.4513020833333333 0.14583333333333334 0.0078125 0.012037037037037037
0 0.44895833333333335 0.1537037037037037 0.009375 0.012962962962962963
0 0.4552083333333333 0.15925925925925927 0.009375 0.012962962962962963
0 0.6341145833333334 0.6574074074074074 0.07239583333333334 0.10185185185185185
0 0.5565104166666667 0.4101851851851852 0.0390625 0.05555555555555555
0 0.47682291666666665 0.3587962962962963 0.027604166666666666 0.03981481481481482
0 0.9927083333333333 0.5439814814814815 0.08645833333333333 0.06388888888888888
0 0.9817708333333334 0.4425925925925926 0.07916666666666666 0.046296296296296294
0 0.7505208333333333 0.37037037037037035 0.03958333333333333 0.03518518518518519
0 0.6330729166666667 0.2884259259259259 0.027604166666666666 0.026851851851851852
0 0.61953125 0.27824074074074073 0.022395833333333334 0.021296296296296296
0 0.571875 0.24722222222222223 0.025 0.020370370370370372
0 0.4817708333333333 0.17824074074074073 0.010416666666666666 0.013888888888888888
0 0.45651041666666664 0.18796296296296297 0.013020833333333334 0.022222222222222223
0 0.46770833333333334 0.17175925925925925 0.016666666666666666 0.01574074074074074
