0 0.353125 0.3296296296296296 0.009375 0.027777777777777776
0 0.3515625 0.2671296296296296 0.008333333333333333 0.021296296296296296
0 0.3065104166666667 0.27037037037037037 0.008854166666666666 0.018518518518518517
0 0.34270833333333334 0.22037037037037038 0.008333333333333333 0.020370370370370372
0 0.2734375 0.33564814814814814 0.023958333333333335 0.019444444444444445
0 0.34609375 0.10740740740740741 0.0067708333333333336 0.014814814814814815
0 0.35390625 0.052314814814814814 0.005729166666666666 0.012037037037037037
0 0.33151041666666664 0.009722222222222222 0.0046875 0.008333333333333333
0 0.28932291666666665 0.36064814814814816 0.0234375 0.017592592592592594
0 0.37734375 0.09212962962962963 0.011979166666666667 0.012037037037037037
0 0.3541666666666667 0.2388888888888889 0.007291666666666667 0.020370370370370372
0 0.35442708333333334 0.21481481481481482 0.0078125 0.018518518518518517
0 0.36770833333333336 0.2833333333333333 0.008333333333333333 0.022222222222222223
0 0.25390625 0.37037037037037035 0.022395833333333334 0.018518518518518517
0 0.2890625 0.3425925925925926 0.016666666666666666 0.018518518518518517
0 0.35442708333333334 0.4638888888888889 0.013020833333333334 0.037037037037037035
0 0.20390625 0.33796296296296297 0.021354166666666667 0.012962962962962963
0 0.1296875 0.3333333333333333 0.022916666666666665 0.014814814814814815
0 0.20911458333333333 0.350462962962963 0.0265625 0.01574074074074074
0 0.2390625 0.3421296296296296 0.021875 0.01574074074074074
