0 0.13802083333333334 0.836574074074074 0.18645833333333334 0.16944444444444445
0 0.12734375 0.5606481481481481 0.1390625 0.1287037037037037
0 0.13072916666666667 0.4898148148148148 0.12604166666666666 0.11851851851851852
0 0.11614583333333334 0.3458333333333333 0.103125 0.0787037037037037
0 0.11067708333333333 0.3138888888888889 0.07760416666666667 0.07037037037037037
0 0.25052083333333336 0.21898148148148147 0.035416666666666666 0.0712962962962963
0 0.3859375 0.27361111111111114 0.08645833333333333 0.06388888888888888
0 0.3421875 0.11435185185185186 0.04583333333333333 0.04722222222222222
0 0.1453125 0.26851851851851855 0.08854166666666667 0.06666666666666667
0 0.09713541666666667 0.2625 0.08385416666666666 0.06944444444444445
0 0.10390625 0.20555555555555555 0.0734375 0.05185185185185185
0 0.06822916666666666 0.23842592592592593 0.065625 0.05092592592592592
0 0.06588541666666667 0.2310185185185185 0.06822916666666666 0.04351851851851852
0 0.08333333333333333 0.19212962962962962 0.071875 0.05462962962962963
0 0.12682291666666667 0.10416666666666667 0.04635416666666667 0.03796296296296296
0 0.04895833333333333 0.09305555555555556 0.04791666666666667 0.03981481481481482
0 0.015104166666666667 0.08425925925925926 0.030208333333333334 0.037037037037037035
0 0.11588541666666667 0.046296296296296294 0.03697916666666667 0.02962962962962963
0 0.15286458333333333 0.04953703703703704 0.033854166666666664 0.030555555555555555
0 0.1859375 0.05277777777777778 0.0375 0.03518518518518519
0 0.6364583333333333 0.04675925925925926 0.0375 0.026851851851851852
0 0.69375 0.03888888888888889 0.034375 0.027777777777777776
0 0.6986979166666667 0.03148148148148148 0.033854166666666664 0.024074074074074074
0 0.6401041666666667 0.02638888888888889 0.03333333333333333 0.023148148148148147
0 0.8989583333333333 0.39490740740740743 0.09583333333333334 0.07685185185185185
0 0.9236979166666667 0.04814814814814815 0.024479166666666666 0.02962962962962963
0 0.9325520833333333 0.026851851851851852 0.022395833333333334 0.024074074074074074
0 0.8768229166666667 0.6800925925925926 0.15364583333333334 0.1287037037037037
0 0.5479166666666667 1.1611111111111112 0.23020833333333332 0.2777777777777778
