4 0.030208333333333334 0.7078703703703704 0.06041666666666667 0.10092592592592593
4 0.01875 0.6537037037037037 0.0375 0.07222222222222222
4 0.015885416666666666 0.5398148148148149 0.03177083333333333 0.06851851851851852
4 0.16041666666666668 0.3736111111111111 0.035416666666666666 0.10092592592592593
4 0.04140625 0.09351851851851851 0.04114583333333333 0.09259259259259259
4 0.013541666666666667 0.09953703703703703 0.027083333333333334 0.0787037037037037
4 0.023697916666666666 0.02546296296296296 0.033854166666666664 0.05092592592592592
4 0.6786458333333333 0.8101851851851852 0.06770833333333333 0.13703703703703704
4 0.3184895833333333 0.03287037037037037 0.04114583333333333 0.06574074074074074
4 0.2872395833333333 0.030555555555555555 0.03697916666666667 0.06111111111111111
4 0.5919270833333333 0.26342592592592595 0.0578125 0.0787037037037037
4 0.55546875 0.2152777777777778 0.059895833333333336 0.075
4 0.5638020833333334 0.13472222222222222 0.05677083333333333 0.075
4 0.6333333333333333 0.06620370370370371 0.058333333333333334 0.07685185185185185
