4 0.047135416666666666 0.06157407407407407 0.005729166666666666 0.012037037037037037
4 0.07734375 0.07407407407407407 0.0067708333333333336 0.014814814814814815
4 0.07239583333333334 0.1287037037037037 0.00625 0.016666666666666666
4 0.030989583333333334 0.14629629629629629 0.0067708333333333336 0.014814814814814815
4 0.0171875 0.17592592592592593 0.007291666666666667 0.012962962962962963
4 0.03828125 0.1726851851851852 0.0078125 0.017592592592592594
4 0.018489583333333334 0.2708333333333333 0.0078125 0.019444444444444445
4 0.003125 0.33287037037037037 0.00625 0.021296296296296296
4 0.004427083333333333 0.40185185185185185 0.008854166666666666 0.025925925925925925
4 0.008072916666666667 0.3712962962962963 0.0109375 0.025925925925925925
4 0.06770833333333333 0.38472222222222224 0.008333333333333333 0.026851851851851852
4 0.059895833333333336 0.5138888888888888 0.0125 0.037037037037037035
4 0.21953125 0.08425925925925926 0.009895833333333333 0.012962962962962963
4 0.22734375 0.10138888888888889 0.0109375 0.013888888888888888
4 0.23489583333333333 0.11805555555555555 0.009375 0.01574074074074074
4 0.246875 0.13796296296296295 0.009375 0.014814814814814815
4 0.23932291666666666 0.1486111111111111 0.009895833333333333 0.013888888888888888
4 0.2565104166666667 0.1597222222222222 0.0109375 0.017592592592592594
4 0.2674479166666667 0.1814814814814815 0.0109375 0.016666666666666666
4 0.29375 0.08287037037037037 0.016666666666666666 0.019444444444444445
4 0.32526041666666666 0.13935185185185187 0.021354166666666667 0.021296296296296296
4 0.2864583333333333 0.1486111111111111 0.008333333333333333 0.01574074074074074
4 0.3341145833333333 0.2273148148148148 0.016145833333333335 0.017592592592592594
4 0.33932291666666664 0.2351851851851852 0.016145833333333335 0.016666666666666666
4 0.35130208333333335 0.25972222222222224 0.0171875 0.017592592592592594
4 0.3104166666666667 0.29907407407407405 0.013541666666666667 0.022222222222222223
4 0.37083333333333335 0.29583333333333334 0.016666666666666666 0.019444444444444445
4 0.37942708333333336 0.31342592592592594 0.0171875 0.017592592592592594
4 0.68203125 0.5657407407407408 0.0203125 0.03148148148148148
4 0.7028645833333333 0.611574074074074 0.021354166666666667 0.03425925925925926
4 0.34322916666666664 0.027777777777777776 0.013541666666666667 0.016666666666666666
4 0.34479166666666666 0.05092592592592592 0.011458333333333333 0.014814814814814815
4 0.353125 0.04537037037037037 0.0125 0.014814814814814815
4 0.3859375 0.04351851851851852 0.013541666666666667 0.016666666666666666
4 0.3997395833333333 0.03611111111111111 0.013020833333333334 0.014814814814814815
4 0.34713541666666664 0.09027777777777778 0.011979166666666667 0.023148148148148147
4 0.353125 0.08657407407407407 0.014583333333333334 0.021296296296296296
4 0.37604166666666666 0.07083333333333333 0.0125 0.019444444444444445
4 0.39114583333333336 0.062037037037037036 0.014583333333333334 0.016666666666666666
4 0.40625 0.05138888888888889 0.011458333333333333 0.017592592592592594
4 0.42291666666666666 0.03981481481481482 0.009375 0.016666666666666666
4 0.45546875 0.017592592592592594 0.015104166666666667 0.016666666666666666
4 0.4609375 0.014814814814814815 0.015625 0.016666666666666666
4 0.46770833333333334 0.009722222222222222 0.016666666666666666 0.017592592592592594
4 0.3541666666666667 0.10648148148148148 0.011458333333333333 0.014814814814814815
4 0.36744791666666665 0.09583333333333334 0.0109375 0.013888888888888888
4 0.3763020833333333 0.09074074074074075 0.008854166666666666 0.014814814814814815
4 0.3846354166666667 0.08518518518518518 0.011979166666666667 0.014814814814814815
4 0.42083333333333334 0.06111111111111111 0.010416666666666666 0.018518518518518517
4 0.42578125 0.05740740740740741 0.015104166666666667 0.016666666666666666
4 0.43385416666666665 0.05277777777777778 0.010416666666666666 0.012962962962962963
4 0.3385416666666667 0.13518518518518519 0.0125 0.020370370370370372
4 0.47265625 0.04259259259259259 0.013020833333333334 0.018518518518518517
4 0.44036458333333334 0.06111111111111111 0.0140625 0.020370370370370372
