0 0.11510416666666666 0.4078703703703704 0.07708333333333334 0.06759259259259259
0 0.265625 0.31203703703703706 0.0375 0.06111111111111111
0 0.29244791666666664 0.26666666666666666 0.028645833333333332 0.05
0 0.30911458333333336 0.22916666666666666 0.024479166666666666 0.04537037037037037
0 0.32708333333333334 0.19907407407407407 0.020833333333333332 0.04259259259259259
0 0.3419270833333333 0.17222222222222222 0.0203125 0.03518518518518519
0 0.35390625 0.14953703703703702 0.018229166666666668 0.030555555555555555
0 0.36328125 0.12777777777777777 0.016145833333333335 0.02962962962962963
0 0.3731770833333333 0.1125 0.013020833333333334 0.021296296296296296
0 0.375 0.09907407407407408 0.013541666666666667 0.014814814814814815
0 0.38307291666666665 0.08703703703703704 0.0109375 0.018518518518518517
0 0.39114583333333336 0.08055555555555556 0.0125 0.014814814814814815
0 0.3958333333333333 0.06805555555555555 0.0125 0.017592592592592594
0 0.4015625 0.05925925925925926 0.0125 0.018518518518518517
0 0.33932291666666664 0.22175925925925927 0.025520833333333333 0.03796296296296296
0 0.38984375 0.10324074074074074 0.018229166666666668 0.025
0 0.41354166666666664 0.0763888888888889 0.011458333333333333 0.019444444444444445
0 0.41119791666666666 0.11388888888888889 0.016145833333333335 0.02962962962962963
0 0.42526041666666664 0.2550925925925926 0.024479166666666666 0.04537037037037037
0 0.4434895833333333 0.19398148148148148 0.0171875 0.03611111111111111
0 0.44557291666666665 0.15324074074074073 0.015104166666666667 0.030555555555555555
0 0.4700520833333333 0.16712962962962963 0.016145833333333335 0.026851851851851852
0 0.4515625 0.09166666666666666 0.008333333333333333 0.020370370370370372
0 0.4513020833333333 0.020370370370370372 0.0067708333333333336 0.011111111111111112
0 0.46875 0.022222222222222223 0.00625 0.016666666666666666
0 0.46432291666666664 0.03287037037037037 0.008854166666666666 0.013888888888888888
0 0.49557291666666664 0.1912037037037037 0.018229166666666668 0.03981481481481482
0 0.5153645833333333 0.07314814814814814 0.0234375 0.016666666666666666
0 0.4942708333333333 0.08101851851851852 0.0125 0.019444444444444445
0 0.49140625 0.11574074074074074 0.011979166666666667 0.024074074074074074
0 0.5067708333333333 0.12824074074074074 0.014583333333333334 0.028703703703703703
0 0.48932291666666666 0.1550925925925926 0.015104166666666667 0.026851851851851852
0 0.5171875 0.16157407407407406 0.017708333333333333 0.028703703703703703
0 0.4890625 0.10092592592592593 0.011458333333333333 0.016666666666666666
0 0.5065104166666666 0.10740740740740741 0.013020833333333334 0.020370370370370372
0 0.50703125 0.09212962962962963 0.0109375 0.013888888888888888
0 0.5505208333333333 0.18009259259259258 0.03854166666666667 0.03425925925925926
0 0.5489583333333333 0.15648148148148147 0.036458333333333336 0.024074074074074074
0 0.5471354166666667 0.1425925925925926 0.034895833333333334 0.016666666666666666
0 0.5442708333333334 0.1310185185185185 0.03125 0.017592592592592594
0 0.5447916666666667 0.2212962962962963 0.022916666666666665 0.03888888888888889
0 0.4934895833333333 0.25092592592592594 0.021354166666666667 0.046296296296296294
0 0.496875 0.3 0.022916666666666665 0.05
0 0.49973958333333335 0.35324074074074074 0.027604166666666666 0.062037037037037036
0 0.5325520833333334 0.31666666666666665 0.027604166666666666 0.05555555555555555
0 0.5395833333333333 0.3976851851851852 0.03333333333333333 0.07314814814814814
0 0.5252604166666667 0.26805555555555555 0.0265625 0.05277777777777778
0 0.54765625 0.48703703703703705 0.03697916666666667 0.08888888888888889
0 0.5643229166666667 0.6236111111111111 0.050520833333333334 0.13425925925925927
0 0.5911458333333334 0.8185185185185185 0.07083333333333333 0.2074074074074074
0 0.5013020833333334 0.888425925925926 0.0796875 0.1638888888888889
0 0.38776041666666666 0.8865740740740741 0.06510416666666667 0.1712962962962963
