4 0.71640625 1.2351851851851852 0.12552083333333333 0.3074074074074074
4 0.434375 1.2967592592592592 0.1 0.18425925925925926
4 0.32109375 1.263425925925926 0.1421875 0.25092592592592594
4 0.7002604166666667 0.9356481481481481 0.06510416666666667 0.1935185185185185
4 0.5140625 0.7185185185185186 0.05416666666666667 0.13703703703703704
4 0.6872395833333333 0.5194444444444445 0.0421875 0.08333333333333333
4 0.56875 0.48518518518518516 0.034375 0.08518518518518518
4 0.6848958333333334 0.44166666666666665 0.03333333333333333 0.06666666666666667
4 0.6825520833333333 0.37546296296296294 0.028645833333333332 0.05648148148148148
4 0.678125 0.32592592592592595 0.027083333333333334 0.05185185185185185
4 0.6786458333333333 0.28379629629629627 0.025 0.04722222222222222
4 0.6786458333333333 0.2513888888888889 0.020833333333333332 0.03611111111111111
4 0.5768229166666666 0.4097222222222222 0.03177083333333333 0.07314814814814814
4 0.5872395833333334 0.3523148148148148 0.03177083333333333 0.062037037037037036
4 0.6049479166666667 0.2351851851851852 0.0234375 0.053703703703703705
4 0.6080729166666666 0.2111111111111111 0.018229166666666668 0.03518518518518519
4 0.609375 0.18611111111111112 0.016666666666666666 0.027777777777777776
4 0.6770833333333334 0.2023148148148148 0.017708333333333333 0.03611111111111111
4 0.6729166666666667 0.16111111111111112 0.015625 0.03148148148148148
4 0.6682291666666667 0.1287037037037037 0.026041666666666668 0.024074074074074074
4 0.59375 0.14351851851851852 0.036458333333333336 0.03333333333333333
4 0.45364583333333336 0.29583333333333334 0.0625 0.04537037037037037
4 0.7065104166666667 0.1050925925925926 0.030729166666666665 0.025
4 0.8390625 0.12129629629629629 0.034375 0.024074074074074074
4 0.8 0.07314814814814814 0.021875 0.018518518518518517
4 0.78828125 0.06666666666666667 0.022395833333333334 0.016666666666666666
4 0.7705729166666667 0.05416666666666667 0.019270833333333334 0.01574074074074074
