4 0.2635416666666667 0.4930555555555556 0.027083333333333334 0.062037037037037036
4 0.34817708333333336 0.5939814814814814 0.034895833333333334 0.08611111111111111
4 0.30520833333333336 0.44305555555555554 0.026041666666666668 0.06574074074074074
4 0.25390625 0.37546296296296294 0.0203125 0.05092592592592592
4 0.25833333333333336 0.42407407407407405 0.020833333333333332 0.05555555555555555
4 0.24921875 0.27870370370370373 0.016145833333333335 0.03333333333333333
4 0.24765625 0.2518518518518518 0.0140625 0.024074074074074074
4 0.24713541666666666 0.23287037037037037 0.013020833333333334 0.028703703703703703
4 0.24166666666666667 0.1814814814814815 0.011458333333333333 0.022222222222222223
4 0.3421875 0.4013888888888889 0.051041666666666666 0.04351851851851852
4 0.334375 0.3787037037037037 0.051041666666666666 0.037037037037037035
4 0.33515625 0.3560185185185185 0.0453125 0.026851851851851852
4 0.32734375 0.33611111111111114 0.043229166666666666 0.02962962962962963
4 0.3572916666666667 0.3111111111111111 0.022916666666666665 0.046296296296296294
4 0.07473958333333333 0.14166666666666666 0.0109375 0.020370370370370372
4 0.17239583333333333 0.1361111111111111 0.010416666666666666 0.011111111111111112
4 0.18020833333333333 0.10740740740740741 0.008333333333333333 0.012962962962962963
4 0.31354166666666666 0.29305555555555557 0.036458333333333336 0.030555555555555555
4 0.3026041666666667 0.2777777777777778 0.016666666666666666 0.024074074074074074
4 0.3111979166666667 0.25277777777777777 0.0359375 0.024074074074074074
4 0.30833333333333335 0.2412037037037037 0.03229166666666667 0.021296296296296296
4 0.30572916666666666 0.23055555555555557 0.03333333333333333 0.025925925925925925
4 0.29765625 0.2222222222222222 0.0328125 0.020370370370370372
4 0.303125 0.21481481481481482 0.030208333333333334 0.016666666666666666
4 0.3020833333333333 0.20416666666666666 0.028125 0.017592592592592594
4 0.30234375 0.19398148148148148 0.027604166666666666 0.013888888888888888
4 0.31640625 0.18055555555555555 0.013020833333333334 0.020370370370370372
4 0.29791666666666666 0.18472222222222223 0.027083333333333334 0.019444444444444445
4 0.284375 0.17037037037037037 0.025 0.011111111111111112
4 0.3078125 0.16620370370370371 0.0125 0.01574074074074074
4 0.2859375 0.16342592592592592 0.022916666666666665 0.013888888888888888
4 0.28072916666666664 0.1537037037037037 0.022916666666666665 0.016666666666666666
4 0.27708333333333335 0.15138888888888888 0.022916666666666665 0.017592592592592594
4 0.24010416666666667 0.15 0.010416666666666666 0.022222222222222223
4 0.30494791666666665 0.13425925925925927 0.008854166666666666 0.012962962962962963
4 0.31666666666666665 0.13518518518518519 0.009375 0.012962962962962963
4 0.32708333333333334 0.13518518518518519 0.008333333333333333 0.014814814814814815
4 0.31171875 0.12685185185185185 0.018229166666666668 0.009259259259259259
4 0.30234375 0.12175925925925926 0.009895833333333333 0.017592592592592594
4 0.2872395833333333 0.12083333333333333 0.008854166666666666 0.012037037037037037
4 0.3234375 0.11990740740740741 0.008333333333333333 0.01574074074074074
4 0.16588541666666667 0.09768518518518518 0.008854166666666666 0.013888888888888888
4 0.23723958333333334 0.10972222222222222 0.0067708333333333336 0.013888888888888888
4 0.2375 0.09861111111111111 0.005208333333333333 0.012037037037037037
4 0.23671875 0.09305555555555556 0.005729166666666666 0.010185185185185186
4 0.23541666666666666 0.07824074074074074 0.00625 0.013888888888888888
4 0.26640625 0.1 0.011979166666666667 0.012962962962962963
4 0.26276041666666666 0.09305555555555556 0.011979166666666667 0.012037037037037037
4 0.19895833333333332 0.01898148148148148 0.0125 0.004629629629629629
4 0.19479166666666667 0.06157407407407407 0.00625 0.012037037037037037
4 0.19244791666666666 0.07916666666666666 0.009895833333333333 0.017592592592592594
