4 0.9596354166666666 0.6375 0.1640625 0.14351851851851852
4 0.5520833333333334 0.6861111111111111 0.029166666666666667 0.07407407407407407
4 0.278125 0.6824074074074075 0.18125 0.12222222222222222
4 0.1421875 0.2023148148148148 0.03229166666666667 0.021296296296296296
4 0.23385416666666667 0.20185185185185187 0.03333333333333333 0.022222222222222223
4 0.28098958333333335 0.19953703703703704 0.0296875 0.023148148148148147
4 0.1671875 0.22870370370370371 0.036458333333333336 0.024074074074074074
4 0.178125 0.21851851851851853 0.034375 0.022222222222222223
4 0.21171875 0.22592592592592592 0.03177083333333333 0.027777777777777776
4 0.17317708333333334 0.28194444444444444 0.04635416666666667 0.032407407407407406
4 0.17864583333333334 0.27037037037037037 0.036458333333333336 0.03333333333333333
4 0.19713541666666667 0.26666666666666666 0.0390625 0.03333333333333333
4 0.21380208333333334 0.26064814814814813 0.04010416666666667 0.032407407407407406
4 0.24088541666666666 0.2351851851851852 0.0421875 0.040740740740740744
4 0.2630208333333333 0.225 0.028125 0.027777777777777776
