0 0.47291666666666665 0.5115740740740741 0.0010416666666666667 0.002777777777777778
0 0.475 0.5120370370370371 0.0010416666666666667 0.001851851851851852
0 0.47682291666666665 0.5120370370370371 0.0015625 0.001851851851851852
0 0.4791666666666667 0.5125 0.0020833333333333333 0.002777777777777778
0 0.47630208333333335 0.5185185185185185 0.0015625 0.001851851851851852
0 0.48151041666666666 0.5148148148148148 0.0015625 0.001851851851851852
0 0.47890625 0.5189814814814815 0.0015625 0.002777777777777778
0 0.48098958333333336 0.5199074074074074 0.0015625 0.002777777777777778
0 0.4828125 0.5226851851851851 0.0020833333333333333 0.002777777777777778
0 0.4817708333333333 0.525 0.0020833333333333333 0.003703703703703704
0 0.4778645833333333 0.5268518518518519 0.0015625 0.003703703703703704
0 0.4739583333333333 0.5314814814814814 0.0020833333333333333 0.003703703703703704
0 0.47890625 0.5314814814814814 0.0026041666666666665 0.003703703703703704
0 0.48333333333333334 0.5319444444444444 0.0020833333333333333 0.002777777777777778
0 0.4825520833333333 0.5342592592592592 0.0015625 0.003703703703703704
0 0.48411458333333335 0.5370370370370371 0.0026041666666666665 0.003703703703703704
0 0.48151041666666666 0.5472222222222223 0.0026041666666666665 0.005555555555555556
0 0.4890625 0.5504629629629629 0.003125 0.004629629629629629
0 0.48411458333333335 0.5560185185185185 0.0036458333333333334 0.004629629629629629
0 0.49192708333333335 0.562037037037037 0.0036458333333333334 0.005555555555555556
0 0.49609375 0.5699074074074074 0.0036458333333333334 0.006481481481481481
0 0.6377604166666667 0.8689814814814815 0.028645833333333332 0.04537037037037037
0 0.45598958333333334 0.5273148148148148 0.0015625 0.002777777777777778
0 0.46328125 0.5486111111111112 0.0026041666666666665 0.004629629629629629
0 0.4427083333333333 0.5351851851851852 0.0020833333333333333 0.003703703703703704
0 0.44479166666666664 0.5319444444444444 0.0020833333333333333 0.002777777777777778
0 0.4359375 0.5388888888888889 0.004166666666666667 0.003703703703703704
0 0.44427083333333334 0.5532407407407407 0.003125 0.004629629629629629
0 0.4484375 0.5583333333333333 0.003125 0.005555555555555556
0 0.4625 0.5703703703703704 0.003125 0.007407407407407408
0 0.44505208333333335 0.5712962962962963 0.0046875 0.007407407407407408
0 0.44088541666666664 0.5916666666666667 0.0046875 0.009259259259259259
0 0.4348958333333333 0.5856481481481481 0.005208333333333333 0.008333333333333333
0 0.42682291666666666 0.5694444444444444 0.0046875 0.007407407407407408
0 0.43255208333333334 0.6041666666666666 0.005729166666666666 0.010185185185185186
0 0.43802083333333336 0.6148148148148148 0.00625 0.011111111111111112
0 0.4203125 0.6222222222222222 0.007291666666666667 0.012962962962962963
0 0.4192708333333333 0.6365740740740741 0.008333333333333333 0.012037037037037037
0 0.4434895833333333 0.6361111111111111 0.0078125 0.014814814814814815
0 0.41744791666666664 0.5680555555555555 0.0036458333333333334 0.006481481481481481
0 0.4075520833333333 0.5810185185185185 0.0067708333333333336 0.006481481481481481
0 0.40598958333333335 0.587037037037037 0.0109375 0.007407407407407408
0 0.41302083333333334 0.6 0.005208333333333333 0.009259259259259259
0 0.40729166666666666 0.600925925925926 0.00625 0.007407407407407408
0 0.40598958333333335 0.6037037037037037 0.0067708333333333336 0.007407407407407408
0 0.40390625 0.6074074074074074 0.0078125 0.007407407407407408
0 0.40234375 0.611574074074074 0.0067708333333333336 0.008333333333333333
0 0.40078125 0.6180555555555556 0.0078125 0.010185185185185186
0 0.39791666666666664 0.6240740740740741 0.007291666666666667 0.011111111111111112
0 0.3846354166666667 0.6092592592592593 0.008854166666666666 0.011111111111111112
0 0.3890625 0.6166666666666667 0.013541666666666667 0.007407407407407408
0 0.38645833333333335 0.6208333333333333 0.013541666666666667 0.008333333333333333
0 0.3807291666666667 0.625 0.0125 0.009259259259259259
0 0.36666666666666664 0.6129629629629629 0.005208333333333333 0.009259259259259259
0 0.34869791666666666 0.6199074074074075 0.011979166666666667 0.012037037037037037
0 0.32578125 0.6347222222222222 0.0171875 0.013888888888888888
0 0.32838541666666665 0.624537037037037 0.005729166666666666 0.012037037037037037
0 0.30494791666666665 0.6342592592592593 0.0140625 0.011111111111111112
0 0.35234375 0.6375 0.016145833333333335 0.012037037037037037
0 0.40989583333333335 0.6689814814814815 0.011458333333333333 0.021296296296296296
0 0.45286458333333335 0.6657407407407407 0.008854166666666666 0.018518518518518517
0 0.44140625 0.6814814814814815 0.009895833333333333 0.016666666666666666
0 0.39166666666666666 0.712037037037037 0.013541666666666667 0.020370370370370372
0 0.3841145833333333 0.7643518518518518 0.019270833333333334 0.030555555555555555
0 0.38255208333333335 0.799074074074074 0.018229166666666668 0.03518518518518519
0 0.37083333333333335 0.9430555555555555 0.027083333333333334 0.058333333333333334
0 0.11041666666666666 0.6856481481481481 0.019791666666666666 0.01574074074074074
0 0.24921875 0.6194444444444445 0.013020833333333334 0.011111111111111112
0 0.23489583333333333 0.6148148148148148 0.013541666666666667 0.014814814814814815
0 0.22786458333333334 0.6152777777777778 0.011979166666666667 0.013888888888888888
0 0.21119791666666668 0.6152777777777778 0.009895833333333333 0.008333333333333333
0 0.20338541666666668 0.6263888888888889 0.016145833333333335 0.013888888888888888
0 0.19921875 0.6143518518518518 0.0109375 0.010185185185185186
0 0.19114583333333332 0.6129629629629629 0.011458333333333333 0.012962962962962963
0 0.171875 0.6125 0.011458333333333333 0.010185185185185186
0 0.17526041666666667 0.624537037037037 0.015104166666666667 0.010185185185185186
0 0.1453125 0.6203703703703703 0.015625 0.011111111111111112
0 0.16276041666666666 0.6111111111111112 0.0109375 0.012962962962962963
0 0.09661458333333334 0.6055555555555555 0.011979166666666667 0.009259259259259259
0 0.08307291666666666 0.6060185185185185 0.0140625 0.012037037037037037
0 0.07291666666666667 0.6041666666666666 0.0125 0.010185185185185186
0 0.06302083333333333 0.6037037037037037 0.011458333333333333 0.009259259259259259
0 0.005729166666666666 0.6351851851851852 0.011458333333333333 0.014814814814814815
0 0.04348958333333333 0.6171296296296296 0.016145833333333335 0.012037037037037037
0 0.038802083333333334 0.6074074074074074 0.0109375 0.012962962962962963
