0 0.3546875 0.3939814814814815 0.003125 0.004629629629629629
0 0.3424479166666667 0.3921296296296296 0.0026041666666666665 0.004629629629629629
0 0.3515625 0.4222222222222222 0.003125 0.005555555555555556
0 0.34921875 0.45740740740740743 0.0046875 0.005555555555555556
0 0.31875 0.8171296296296297 0.013541666666666667 0.03796296296296296
0 0.2721354166666667 0.9462962962962963 0.015104166666666667 0.04814814814814815
0 0.2234375 0.48935185185185187 0.00625 0.010185185185185186
0 0.18072916666666666 0.5365740740740741 0.014583333333333334 0.010185185185185186
0 0.19973958333333333 0.5027777777777778 0.008854166666666666 0.011111111111111112
0 0.16536458333333334 0.5412037037037037 0.016145833333333335 0.010185185185185186
0 0.2591145833333333 0.4740740740740741 0.005729166666666666 0.009259259259259259
0 0.42083333333333334 0.5194444444444445 0.0125 0.009259259259259259
0 0.3802083333333333 0.5092592592592593 0.010416666666666666 0.009259259259259259
0 0.37265625 0.45740740740740743 0.008854166666666666 0.009259259259259259
0 0.37109375 0.44212962962962965 0.008854166666666666 0.006481481481481481
0 0.3697916666666667 0.43796296296296294 0.008333333333333333 0.007407407407407408
0 0.32057291666666665 0.5763888888888888 0.0078125 0.019444444444444445
0 0.31223958333333335 0.6430555555555556 0.008854166666666666 0.021296296296296296
0 0.3302083333333333 0.6902777777777778 0.009375 0.026851851851851852
0 0.08177083333333333 0.6504629629629629 0.021875 0.019444444444444445
