0 0.6809895833333334 0.24768518518518517 0.0140625 0.023148148148148147
0 0.06822916666666666 0.6597222222222222 0.040625 0.06018518518518518
0 0.06458333333333334 0.7375 0.058333333333333334 0.04537037037037037
0 0.86015625 0.7074074074074074 0.0453125 0.06481481481481481
0 0.8848958333333333 0.9148148148148149 0.07291666666666667 0.07037037037037037
0 0.7151041666666667 0.6523148148148148 0.028125 0.06759259259259259
0 0.6940104166666666 0.6995370370370371 0.0390625 0.0787037037037037
0 0.56796875 0.6976851851851852 0.025520833333333333 0.0787037037037037
0 0.4791666666666667 0.6875 0.027083333333333334 0.0712962962962963
0 0.3177083333333333 0.6518518518518519 0.041666666666666664 0.05185185185185185
0 0.24635416666666668 0.6555555555555556 0.03229166666666667 0.06296296296296296
0 0.28489583333333335 0.6162037037037037 0.029166666666666667 0.075
0 0.20520833333333333 0.6180555555555556 0.034375 0.06388888888888888
0 0.13723958333333333 0.6819444444444445 0.06197916666666667 0.058333333333333334
0 0.12317708333333334 0.6203703703703703 0.03802083333333333 0.06851851851851852
0 0.28932291666666665 0.6958333333333333 0.033854166666666664 0.062037037037037036
0 0.3971354166666667 0.8902777777777777 0.06510416666666667 0.06759259259259259
0 0.46041666666666664 0.8972222222222223 0.053125 0.07037037037037037
0 0.5682291666666667 0.6296296296296297 0.022916666666666665 0.05555555555555555
