4 0.31588541666666664 0.10555555555555556 0.0265625 0.053703703703703705
4 0.3338541666666667 0.037037037037037035 0.023958333333333335 0.044444444444444446
4 0.1703125 0.2791666666666667 0.03958333333333333 0.062037037037037036
4 0.13645833333333332 0.2791666666666667 0.03958333333333333 0.06944444444444445
4 0.06354166666666666 0.4638888888888889 0.05625 0.09259259259259259
4 0.10520833333333333 0.47453703703703703 0.046875 0.08981481481481482
4 0.28072916666666664 0.24814814814814815 0.029166666666666667 0.06111111111111111
4 0.2518229166666667 0.20787037037037037 0.034895833333333334 0.05277777777777778
4 0.16536458333333334 0.7208333333333333 0.0546875 0.125
4 0.11197916666666667 0.9550925925925926 0.06666666666666667 0.1824074074074074
4 0.041666666666666664 0.6939814814814815 0.08333333333333333 0.0712962962962963
4 0.74375 0.7902777777777777 0.052083333333333336 0.12314814814814815
4 0.6953125 0.537962962962963 0.040625 0.07962962962962963
4 0.6497395833333334 0.2828703703703704 0.03177083333333333 0.062037037037037036
4 0.640625 0.21666666666666667 0.021875 0.06111111111111111
