0 0.20963541666666666 0.9546296296296296 0.04010416666666667 0.03333333333333333
0 0.26015625 1.1689814814814814 0.0359375 0.03425925925925926
0 0.3145833333333333 1.175 0.03854166666666667 0.037037037037037035
0 0.37057291666666664 1.1759259259259258 0.043229166666666666 0.03888888888888889
0 0.428125 1.1787037037037038 0.040625 0.037037037037037035
0 0.48125 1.1870370370370371 0.046875 0.03888888888888889
0 0.41744791666666664 1.2606481481481482 0.050520833333333334 0.03796296296296296
0 0.478125 1.2675925925925926 0.04583333333333333 0.03888888888888889
0 0.5377604166666666 1.2763888888888888 0.0515625 0.04537037037037037
0 0.5877604166666667 1.1925925925925926 0.0390625 0.037037037037037035
0 0.6421875 1.1958333333333333 0.04791666666666667 0.03981481481481482
0 0.6528645833333333 1.2819444444444446 0.050520833333333334 0.03425925925925926
0 0.7091145833333333 1.285648148148148 0.04010416666666667 0.032407407407407406
0 0.6955729166666667 1.1791666666666667 0.0359375 0.05648148148148148
0 0.8942708333333333 1.212037037037037 0.051041666666666666 0.040740740740740744
0 0.8408854166666667 1.2064814814814815 0.04739583333333333 0.04259259259259259
0 0.9322916666666666 0.9814814814814815 0.020833333333333332 0.046296296296296294
0 0.9153645833333334 0.8648148148148148 0.022395833333333334 0.044444444444444446
0 0.934375 0.7967592592592593 0.027083333333333334 0.032407407407407406
0 0.93984375 0.7592592592592593 0.0171875 0.025925925925925925
0 0.8395833333333333 0.6754629629629629 0.014583333333333334 0.025
0 0.8598958333333333 0.6962962962962963 0.027083333333333334 0.025925925925925925
0 0.8125 0.6032407407407407 0.015625 0.030555555555555555
0 0.8036458333333333 0.5560185185185185 0.01875 0.019444444444444445
0 0.7986979166666667 0.5314814814814814 0.0140625 0.018518518518518517
0 0.76875 0.5416666666666666 0.011458333333333333 0.016666666666666666
0 0.7028645833333333 0.5513888888888889 0.009895833333333333 0.019444444444444445
0 0.7143229166666667 0.5527777777777778 0.009895833333333333 0.022222222222222223
0 0.7236979166666667 0.5481481481481482 0.0140625 0.020370370370370372
0 0.70078125 0.5356481481481481 0.018229166666666668 0.021296296296296296
0 0.696875 0.5180555555555556 0.015625 0.017592592592592594
0 0.6927083333333334 0.4981481481481482 0.015625 0.016666666666666666
0 0.27838541666666666 0.6472222222222223 0.013020833333333334 0.025925925925925925
0 0.7221354166666667 0.25787037037037036 0.0109375 0.010185185185185186
0 0.7348958333333333 0.2574074074074074 0.010416666666666666 0.009259259259259259
0 0.7505208333333333 0.25833333333333336 0.010416666666666666 0.011111111111111112
0 0.7619791666666667 0.2601851851851852 0.010416666666666666 0.009259259259259259
0 0.6768229166666667 0.8384259259259259 0.016145833333333335 0.03611111111111111
0 0.6588541666666666 0.8972222222222223 0.027083333333333334 0.025925925925925925
0 0.6645833333333333 0.9342592592592592 0.03854166666666667 0.027777777777777776
0 0.6703125 1.0555555555555556 0.041666666666666664 0.03333333333333333
