0 0.70859375 1.323611111111111 0.0640625 0.13055555555555556
0 0.6200520833333333 1.1611111111111112 0.05364583333333333 0.17962962962962964
0 0.68125 1.1337962962962962 0.06354166666666666 0.1787037037037037
0 0.69296875 0.9898148148148148 0.08697916666666666 0.1111111111111111
0 0.68984375 0.9185185185185185 0.08072916666666667 0.09814814814814815
0 0.5791666666666667 0.9254629629629629 0.03958333333333333 0.11574074074074074
0 0.46796875 0.8930555555555556 0.09114583333333333 0.0824074074074074
0 0.4903645833333333 0.8472222222222222 0.07552083333333333 0.06111111111111111
0 0.6630208333333333 0.7439814814814815 0.03333333333333333 0.0712962962962963
0 0.5692708333333333 0.7337962962962963 0.030208333333333334 0.0712962962962963
0 0.57890625 0.675 0.030729166666666665 0.06111111111111111
0 0.57578125 0.6175925925925926 0.0203125 0.05185185185185185
0 0.6434895833333333 0.5574074074074075 0.0171875 0.04259259259259259
0 0.6432291666666666 0.5162037037037037 0.01875 0.03425925925925926
0 0.57734375 0.5481481481481482 0.013020833333333334 0.03518518518518519
0 0.6411458333333333 0.49583333333333335 0.015625 0.023148148148148147
0 0.5828125 0.5083333333333333 0.016666666666666666 0.03333333333333333
0 0.58828125 0.4726851851851852 0.0171875 0.026851851851851852
0 0.6153645833333333 0.4532407407407407 0.013020833333333334 0.025
0 0.5916666666666667 0.44027777777777777 0.014583333333333334 0.025
0 0.5075520833333333 0.7180555555555556 0.033854166666666664 0.0712962962962963
0 0.63359375 0.4212962962962963 0.0140625 0.024074074074074074
0 0.6513020833333333 0.4185185185185185 0.009895833333333333 0.022222222222222223
0 0.60625 0.4217592592592593 0.014583333333333334 0.023148148148148147
0 0.5440104166666667 0.4199074074074074 0.022395833333333334 0.019444444444444445
0 0.5442708333333334 0.39490740740740743 0.022916666666666665 0.023148148148148147
0 0.62265625 0.4064814814814815 0.028645833333333332 0.024074074074074074
0 0.6059895833333333 0.38333333333333336 0.015104166666666667 0.014814814814814815
0 0.59453125 0.4083333333333333 0.016145833333333335 0.018518518518518517
0 0.5927083333333333 0.3925925925925926 0.016666666666666666 0.020370370370370372
0 0.5645833333333333 0.38333333333333336 0.015625 0.014814814814814815
0 0.5739583333333333 0.37824074074074077 0.01875 0.021296296296296296
0 0.6385416666666667 0.4625 0.014583333333333334 0.026851851851851852
0 0.646875 0.3939814814814815 0.010416666666666666 0.021296296296296296
0 0.6614583333333334 0.6777777777777778 0.04895833333333333 0.04814814814814815
0 0.7963541666666667 0.43703703703703706 0.025 0.02962962962962963
0 0.87578125 0.5578703703703703 0.024479166666666666 0.04537037037037037
0 0.88515625 0.5208333333333334 0.0203125 0.04537037037037037
0 0.8674479166666667 0.30416666666666664 0.019270833333333334 0.013888888888888888
0 0.9127604166666666 0.30694444444444446 0.021354166666666667 0.012037037037037037
0 0.8252604166666667 0.29953703703703705 0.019270833333333334 0.012037037037037037
