4 0.21744791666666666 0.9236111111111112 0.0578125 0.09722222222222222
4 0.25729166666666664 0.812037037037037 0.05520833333333333 0.12037037037037036
4 0.46979166666666666 0.8032407407407407 0.04583333333333333 0.10833333333333334
4 0.46901041666666665 0.7125 0.03802083333333333 0.07314814814814814
4 0.4713541666666667 0.6430555555555556 0.026041666666666668 0.05648148148148148
4 0.45286458333333335 0.5930555555555556 0.05364583333333333 0.05462962962962963
4 0.28932291666666665 0.711574074074074 0.04010416666666667 0.0787037037037037
4 0.31614583333333335 0.6439814814814815 0.0375 0.06574074074074074
4 0.3072916666666667 0.6055555555555555 0.051041666666666666 0.06481481481481481
4 0.5307291666666667 0.6018518518518519 0.075 0.053703703703703705
4 0.2171875 0.5125 0.042708333333333334 0.03611111111111111
4 0.2669270833333333 0.524074074074074 0.04739583333333333 0.037037037037037035
4 0.26979166666666665 0.5611111111111111 0.05 0.03888888888888889
4 0.32109375 0.5300925925925926 0.05260416666666667 0.03425925925925926
4 0.3463541666666667 0.5175925925925926 0.03958333333333333 0.03333333333333333
4 0.36953125 0.5111111111111111 0.03802083333333333 0.03518518518518519
4 0.375 0.487962962962963 0.046875 0.02962962962962963
4 0.3828125 0.47129629629629627 0.034375 0.024074074074074074
4 0.38828125 0.45 0.0359375 0.025925925925925925
4 0.3958333333333333 0.44074074074074077 0.025 0.022222222222222223
4 0.3984375 0.43148148148148147 0.028125 0.025925925925925925
4 0.40182291666666664 0.4222222222222222 0.025520833333333333 0.022222222222222223
4 0.41041666666666665 0.41759259259259257 0.028125 0.022222222222222223
4 0.4109375 0.40879629629629627 0.03229166666666667 0.023148148148148147
4 0.41328125 0.3990740740740741 0.0296875 0.022222222222222223
4 0.42239583333333336 0.38796296296296295 0.023958333333333335 0.018518518518518517
4 0.4239583333333333 0.37175925925925923 0.025 0.021296296296296296
4 0.4315104166666667 0.3648148148148148 0.0234375 0.022222222222222223
4 0.43854166666666666 0.36018518518518516 0.020833333333333332 0.018518518518518517
4 0.44765625 0.337037037037037 0.019270833333333334 0.016666666666666666
4 0.45208333333333334 0.3300925925925926 0.020833333333333332 0.01574074074074074
4 0.4518229166666667 0.32222222222222224 0.0171875 0.014814814814814815
4 0.45390625 0.3175925925925926 0.024479166666666666 0.016666666666666666
4 0.4583333333333333 0.30694444444444446 0.021875 0.01574074074074074
4 0.4669270833333333 0.30277777777777776 0.018229166666666668 0.014814814814814815
4 0.4661458333333333 0.29907407407407405 0.017708333333333333 0.016666666666666666
4 0.47109375 0.2884259259259259 0.016145833333333335 0.013888888888888888
4 0.47369791666666666 0.28055555555555556 0.016145833333333335 0.014814814814814815
4 0.4765625 0.27314814814814814 0.013541666666666667 0.012962962962962963
4 0.4791666666666667 0.2708333333333333 0.010416666666666666 0.01574074074074074
4 0.5018229166666667 0.538425925925926 0.05260416666666667 0.04351851851851852
4 0.4786458333333333 0.500462962962963 0.020833333333333332 0.041666666666666664
4 0.4752604166666667 0.47453703703703703 0.0265625 0.028703703703703703
4 0.48463541666666665 0.44351851851851853 0.018229166666666668 0.03333333333333333
4 0.48359375 0.4217592592592593 0.025520833333333333 0.026851851851851852
4 0.48828125 0.4023148148148148 0.024479166666666666 0.021296296296296296
4 0.48880208333333336 0.3902777777777778 0.021354166666666667 0.025
4 0.50078125 0.38055555555555554 0.0234375 0.020370370370370372
4 0.48333333333333334 0.3638888888888889 0.017708333333333333 0.025925925925925925
4 0.5018229166666667 0.35694444444444445 0.0140625 0.019444444444444445
4 0.5033854166666667 0.34305555555555556 0.0109375 0.01574074074074074
4 0.5046875 0.3337962962962963 0.011458333333333333 0.01574074074074074
4 0.5078125 0.3287037037037037 0.0125 0.018518518518518517
4 0.5083333333333333 0.31805555555555554 0.010416666666666666 0.013888888888888888
4 0.5151041666666667 0.31157407407407406 0.010416666666666666 0.013888888888888888
4 0.51484375 0.2865740740740741 0.0109375 0.013888888888888888
4 0.5174479166666667 0.27824074074074073 0.0109375 0.012037037037037037
4 0.51953125 0.27037037037037037 0.008854166666666666 0.014814814814814815
4 0.5208333333333334 0.26342592592592595 0.009375 0.012037037037037037
4 0.5213541666666667 0.2569444444444444 0.0125 0.012037037037037037
4 0.5169270833333334 0.2513888888888889 0.008854166666666666 0.010185185185185186
