4 0.12864583333333332 1.1666666666666667 0.06770833333333333 0.05555555555555555
4 0.21927083333333333 1.175 0.078125 0.06851851851851852
4 0.46979166666666666 1.0444444444444445 0.06770833333333333 0.07037037037037037
4 0.3723958333333333 1.05 0.041666666666666664 0.05
4 0.54921875 0.8800925925925925 0.025520833333333333 0.08981481481481482
4 0.5158854166666667 0.8837962962962963 0.025520833333333333 0.10462962962962963
4 0.5153645833333333 0.8828703703703704 0.025520833333333333 0.10462962962962963
4 0.32786458333333335 1.1337962962962962 0.05260416666666667 0.10462962962962963
4 0.36484375 1.1537037037037037 0.0578125 0.12222222222222222
4 0.40989583333333335 1.1625 0.065625 0.11944444444444445
4 0.2755208333333333 0.9018518518518519 0.027083333333333334 0.09814814814814815
4 0.30703125 0.9097222222222222 0.03802083333333333 0.10092592592592593
4 0.4828125 0.8708333333333333 0.023958333333333335 0.08981481481481482
4 0.5565104166666667 0.6680555555555555 0.0234375 0.0712962962962963
4 0.5190104166666667 0.7828703703703703 0.0234375 0.08055555555555556
4 0.4890625 0.775 0.025 0.07407407407407407
4 0.5848958333333333 0.3523148148148148 0.019791666666666666 0.06018518518518518
4 0.6002604166666666 0.21064814814814814 0.03697916666666667 0.05277777777777778
4 0.60234375 0.1425925925925926 0.0359375 0.05
4 0.80546875 0.40555555555555556 0.0265625 0.06111111111111111
4 0.60078125 0.1111111111111111 0.0265625 0.040740740740740744
4 0.55546875 0.12314814814814815 0.018229166666666668 0.053703703703703705
4 0.5932291666666667 0.06157407407407407 0.01875 0.049074074074074076
4 0.62578125 0.046296296296296294 0.016145833333333335 0.03888888888888889
4 0.8190104166666666 0.6620370370370371 0.0390625 0.07777777777777778
4 0.8515625 0.25462962962962965 0.04583333333333333 0.04259259259259259
4 0.846875 0.2300925925925926 0.042708333333333334 0.03611111111111111
4 0.8799479166666667 0.20462962962962963 0.021354166666666667 0.053703703703703705
4 0.8989583333333333 0.23935185185185184 0.026041666666666668 0.041666666666666664
4 0.95078125 0.4222222222222222 0.0328125 0.06666666666666667
4 0.9734375 0.49027777777777776 0.035416666666666666 0.06944444444444445
4 1.0200520833333333 0.6555555555555556 0.043229166666666666 0.08518518518518518
4 0.9752604166666666 0.3365740740740741 0.0484375 0.03981481481481482
4 0.9658854166666667 0.31342592592592594 0.0453125 0.03796296296296296
4 0.9440104166666666 0.2439814814814815 0.044270833333333336 0.032407407407407406
4 0.9348958333333334 0.22175925925925927 0.046875 0.03611111111111111
4 1.0078125 0.4 0.046875 0.06111111111111111
4 1.03046875 0.5064814814814815 0.022395833333333334 0.06111111111111111
4 1.025 0.4449074074074074 0.03333333333333333 0.05092592592592592
4 0.8359375 0.06620370370370371 0.046875 0.04537037037037037
4 0.96484375 0.09027777777777778 0.0390625 0.03425925925925926
4 0.9559895833333333 0.05092592592592592 0.034895833333333334 0.03148148148148148
4 0.9109375 0.022222222222222223 0.03854166666666667 0.03148148148148148
4 0.99140625 0.20787037037037037 0.0328125 0.05277777777777778
4 0.9796875 0.16944444444444445 0.022916666666666665 0.03888888888888889
4 1.0106770833333334 0.16712962962962963 0.024479166666666666 0.05462962962962963
4 1.02265625 0.2050925925925926 0.03802083333333333 0.032407407407407406
4 1.0333333333333334 0.1675925925925926 0.016666666666666666 0.046296296296296294
4 1.0294270833333334 0.2611111111111111 0.024479166666666666 0.03518518518518519
4 1.00703125 0.3162037037037037 0.0296875 0.05092592592592592
4 1.0276041666666667 0.31203703703703706 0.028125 0.046296296296296294
4 0.9973958333333334 0.8902777777777777 0.071875 0.05092592592592592
4 1.0083333333333333 0.9449074074074074 0.06666666666666667 0.05277777777777778
4 1.0177083333333334 0.9990740740740741 0.04791666666666667 0.05740740740740741
