0 0.058854166666666666 0.22268518518518518 0.04583333333333333 0.03611111111111111
0 0.05677083333333333 0.23981481481481481 0.04375 0.044444444444444446
0 0.017708333333333333 0.2310185185185185 0.034375 0.041666666666666664
0 0.7075520833333333 0.09722222222222222 0.022395833333333334 0.022222222222222223
0 0.5723958333333333 0.1287037037037037 0.027083333333333334 0.03148148148148148
0 0.3932291666666667 0.16296296296296298 0.035416666666666666 0.027777777777777776
0 0.41901041666666666 0.16527777777777777 0.033854166666666664 0.030555555555555555
0 0.44609375 0.15925925925925927 0.03177083333333333 0.044444444444444446
0 0.43020833333333336 0.14953703703703702 0.027083333333333334 0.026851851851851852
0 0.4783854166666667 0.15138888888888888 0.030729166666666665 0.032407407407407406
0 0.5052083333333334 0.13842592592592592 0.026041666666666668 0.026851851851851852
0 0.5036458333333333 0.13194444444444445 0.023958333333333335 0.028703703703703703
0 0.5276041666666667 0.12962962962962962 0.025 0.024074074074074074
0 0.5348958333333333 0.11527777777777778 0.023958333333333335 0.026851851851851852
0 0.5807291666666666 0.10694444444444444 0.019791666666666666 0.021296296296296296
0 0.59140625 0.09814814814814815 0.013020833333333334 0.016666666666666666
0 0.57578125 0.09675925925925925 0.0171875 0.01574074074074074
0 0.5609375 0.1 0.019791666666666666 0.018518518518518517
0 0.6036458333333333 0.0962962962962963 0.016666666666666666 0.020370370370370372
0 0.5979166666666667 0.08564814814814815 0.010416666666666666 0.013888888888888888
0 0.6080729166666666 0.0837962962962963 0.009895833333333333 0.012037037037037037
0 0.615625 0.09027777777777778 0.014583333333333334 0.017592592592592594
0 0.71328125 0.05416666666666667 0.008854166666666666 0.013888888888888888
