0 0.33828125 0.6398148148148148 0.033854166666666664 0.08148148148148149
0 0.26953125 0.5902777777777778 0.025520833333333333 0.058333333333333334
0 0.3953125 0.6898148148148148 0.042708333333333334 0.07777777777777778
0 0.36744791666666665 0.5027777777777778 0.018229166666666668 0.03518518518518519
0 0.31484375 0.45416666666666666 0.0234375 0.049074074074074076
0 0.27265625 0.4152777777777778 0.019270833333333334 0.04537037037037037
0 0.18567708333333333 0.2986111111111111 0.0171875 0.03425925925925926
0 0.24505208333333334 0.25 0.016145833333333335 0.027777777777777776
0 0.23072916666666668 0.21064814814814814 0.014583333333333334 0.032407407407407406
0 0.21692708333333333 0.21666666666666667 0.013020833333333334 0.03148148148148148
0 0.20182291666666666 0.17685185185185184 0.011979166666666667 0.018518518518518517
0 0.15885416666666666 0.15925925925925927 0.010416666666666666 0.018518518518518517
0 0.18489583333333334 0.10648148148148148 0.009375 0.020370370370370372
0 0.17109375 0.05925925925925926 0.0078125 0.016666666666666666
0 0.1515625 0.06851851851851852 0.009375 0.016666666666666666
0 0.13932291666666666 0.04351851851851852 0.0078125 0.012962962962962963
0 0.12552083333333333 0.06018518518518518 0.011458333333333333 0.011111111111111112
0 0.15546875 0.2708333333333333 0.009895833333333333 0.019444444444444445
0 0.15833333333333333 0.2912037037037037 0.011458333333333333 0.021296296296296296
0 0.16145833333333334 0.3125 0.010416666666666666 0.021296296296296296
0 0.16536458333333334 0.3333333333333333 0.009895833333333333 0.018518518518518517
0 0.3776041666666667 0.5476851851851852 0.017708333333333333 0.04351851851851852
