4 0.33098958333333334 0.6171296296296296 0.019270833333333334 0.06018518518518518
4 0.3919270833333333 0.8796296296296297 0.04114583333333333 0.11481481481481481
4 0.28203125 0.6314814814814815 0.022395833333333334 0.05925925925925926
4 0.3143229166666667 0.5634259259259259 0.018229166666666668 0.049074074074074076
4 0.31223958333333335 0.4532407407407407 0.015104166666666667 0.03611111111111111
4 0.33671875 0.3902777777777778 0.011979166666666667 0.028703703703703703
4 0.21223958333333334 0.875462962962963 0.0390625 0.10833333333333334
4 0.365625 0.3726851851851852 0.009375 0.019444444444444445
4 0.3703125 0.2935185185185185 0.007291666666666667 0.016666666666666666
4 0.37161458333333336 0.49212962962962964 0.0140625 0.03611111111111111
4 0.38046875 0.3819444444444444 0.0078125 0.023148148148148147
4 0.40208333333333335 0.22962962962962963 0.0125 0.011111111111111112
4 0.3846354166666667 0.2796296296296296 0.0067708333333333336 0.016666666666666666
