0 0.39947916666666666 0.42407407407407405 0.015625 0.03148148148148148
0 0.43255208333333334 0.36203703703703705 0.0140625 0.020370370370370372
0 0.4203125 0.3398148148148148 0.0125 0.018518518518518517
0 0.41744791666666664 0.32916666666666666 0.0109375 0.013888888888888888
0 0.24661458333333333 0.5180555555555556 0.050520833333333334 0.03611111111111111
0 0.29401041666666666 0.4759259259259259 0.0484375 0.03518518518518519
0 0.18359375 0.5226851851851851 0.0484375 0.03425925925925926
0 0.13151041666666666 0.49907407407407406 0.05364583333333333 0.037037037037037035
0 0.05703125 0.5069444444444444 0.05260416666666667 0.03981481481481482
0 0.02265625 0.45694444444444443 0.024479166666666666 0.041666666666666664
0 0.11067708333333333 0.4439814814814815 0.0359375 0.03425925925925926
0 0.12083333333333333 0.4273148148148148 0.0375 0.03425925925925926
0 0.12734375 0.4152777777777778 0.04010416666666667 0.030555555555555555
0 0.08958333333333333 0.41898148148148145 0.027083333333333334 0.030555555555555555
0 0.09947916666666666 0.4074074074074074 0.026041666666666668 0.025925925925925925
0 0.1265625 0.3939814814814815 0.026041666666666668 0.025
0 0.06822916666666666 0.39537037037037037 0.023958333333333335 0.025925925925925925
0 0.08307291666666666 0.38472222222222224 0.0234375 0.025
0 0.12838541666666667 0.37824074074074077 0.027604166666666666 0.025
0 0.14088541666666668 0.3763888888888889 0.025520833333333333 0.025
0 0.14817708333333332 0.3685185185185185 0.0234375 0.020370370370370372
0 0.15338541666666666 0.36203703703703705 0.024479166666666666 0.024074074074074074
0 0.12734375 0.3476851851851852 0.018229166666666668 0.025
0 0.14296875 0.3421296296296296 0.016145833333333335 0.019444444444444445
0 0.15598958333333332 0.33240740740740743 0.016145833333333335 0.018518518518518517
