4 0.0640625 0.5481481481481482 0.0020833333333333333 0.003703703703703704
4 0.06822916666666666 0.5532407407407407 0.0020833333333333333 0.002777777777777778
4 0.07109375 0.5509259259259259 0.0015625 0.003703703703703704
4 0.07395833333333333 0.5555555555555556 0.0020833333333333333 0.003703703703703704
4 0.071875 0.5578703703703703 0.0020833333333333333 0.002777777777777778
4 0.07786458333333333 0.5569444444444445 0.0026041666666666665 0.002777777777777778
4 0.07942708333333333 0.5601851851851852 0.0026041666666666665 0.003703703703703704
4 0.0921875 0.5592592592592592 0.005208333333333333 0.003703703703703704
4 0.09088541666666666 0.5587962962962963 0.005729166666666666 0.002777777777777778
4 0.10026041666666667 0.5805555555555556 0.0036458333333333334 0.005555555555555556
4 0.10520833333333333 0.5851851851851851 0.004166666666666667 0.007407407407407408
4 0.11015625 0.5810185185185185 0.0036458333333333334 0.004629629629629629
4 0.08385416666666666 0.5680555555555555 0.004166666666666667 0.004629629629629629
4 0.0421875 0.5310185185185186 0.0020833333333333333 0.002777777777777778
4 0.04140625 0.5277777777777778 0.0015625 0.001851851851851852
4 0.03984375 0.5287037037037037 0.0015625 0.003703703703703704
4 0.038802083333333334 0.5277777777777778 0.0026041666666666665 0.003703703703703704
4 0.096875 0.5638888888888889 0.004166666666666667 0.003703703703703704
4 0.09947916666666666 0.5652777777777778 0.005208333333333333 0.004629629629629629
4 0.10182291666666667 0.5666666666666667 0.0046875 0.005555555555555556
4 0.10234375 0.5680555555555555 0.0067708333333333336 0.004629629629629629
4 0.10494791666666667 0.5694444444444444 0.0046875 0.003703703703703704
4 0.10572916666666667 0.5708333333333333 0.005208333333333333 0.004629629629629629
4 0.10651041666666666 0.5712962962962963 0.005729166666666666 0.005555555555555556
4 0.10833333333333334 0.5712962962962963 0.00625 0.003703703703703704
4 0.11119791666666666 0.5736111111111111 0.0046875 0.004629629629629629
4 0.11380208333333333 0.575462962962963 0.005729166666666666 0.004629629629629629
4 0.11614583333333334 0.5768518518518518 0.00625 0.005555555555555556
4 0.11770833333333333 0.5787037037037037 0.007291666666666667 0.005555555555555556
4 0.11979166666666667 0.5791666666666667 0.00625 0.004629629629629629
4 0.12109375 0.5800925925925926 0.005729166666666666 0.004629629629629629
4 0.12369791666666667 0.5805555555555556 0.0046875 0.005555555555555556
4 0.12630208333333334 0.5814814814814815 0.0067708333333333336 0.003703703703703704
4 0.11588541666666667 0.5944444444444444 0.0046875 0.005555555555555556
4 0.12057291666666667 0.5912037037037037 0.0046875 0.004629629629629629
4 0.13151041666666666 0.587037037037037 0.005729166666666666 0.005555555555555556
4 0.1328125 0.5879629629629629 0.005208333333333333 0.005555555555555556
4 0.13411458333333334 0.5898148148148148 0.005729166666666666 0.003703703703703704
4 0.13671875 0.5898148148148148 0.005729166666666666 0.005555555555555556
4 0.13802083333333334 0.5916666666666667 0.005208333333333333 0.005555555555555556
4 0.13932291666666666 0.5925925925925926 0.005729166666666666 0.005555555555555556
4 0.1421875 0.5944444444444444 0.005208333333333333 0.005555555555555556
4 0.1453125 0.5962962962962963 0.005208333333333333 0.005555555555555556
4 0.14713541666666666 0.5976851851851852 0.0078125 0.006481481481481481
4 0.1484375 0.5981481481481481 0.00625 0.005555555555555556
4 0.15026041666666667 0.5995370370370371 0.005729166666666666 0.004629629629629629
4 0.1515625 0.600462962962963 0.00625 0.004629629629629629
4 0.15494791666666666 0.6023148148148149 0.0067708333333333336 0.006481481481481481
4 0.15677083333333333 0.6050925925925926 0.00625 0.006481481481481481
4 0.1609375 0.6083333333333333 0.00625 0.007407407407407408
4 0.16796875 0.612037037037037 0.0067708333333333336 0.005555555555555556
4 0.17005208333333333 0.6143518518518518 0.0067708333333333336 0.006481481481481481
4 0.1734375 0.6162037037037037 0.007291666666666667 0.006481481481481481
4 0.17578125 0.6180555555555556 0.008854166666666666 0.006481481481481481
4 0.17994791666666668 0.6208333333333333 0.0078125 0.006481481481481481
4 0.18333333333333332 0.6226851851851852 0.008333333333333333 0.006481481481481481
4 0.18776041666666668 0.625462962962963 0.0078125 0.006481481481481481
4 0.18828125 0.6273148148148148 0.0078125 0.006481481481481481
4 0.19140625 0.6282407407407408 0.0078125 0.006481481481481481
4 0.19140625 0.6300925925925925 0.0078125 0.006481481481481481
4 0.19453125 0.6319444444444444 0.0078125 0.006481481481481481
4 0.1984375 0.6328703703703704 0.008333333333333333 0.006481481481481481
4 0.20026041666666666 0.6347222222222222 0.0078125 0.006481481481481481
4 0.20234375 0.6365740740740741 0.0078125 0.006481481481481481
4 0.20572916666666666 0.6388888888888888 0.008333333333333333 0.005555555555555556
4 0.21015625 0.6412037037037037 0.009895833333333333 0.008333333333333333
4 0.19010416666666666 0.6472222222222223 0.007291666666666667 0.009259259259259259
4 0.17395833333333333 0.6416666666666667 0.00625 0.007407407407407408
4 0.17864583333333334 0.6370370370370371 0.007291666666666667 0.007407407407407408
4 0.16848958333333333 0.6240740740740741 0.005729166666666666 0.007407407407407408
4 0.14739583333333334 0.612037037037037 0.005208333333333333 0.005555555555555556
4 0.13958333333333334 0.6032407407407407 0.005208333333333333 0.006481481481481481
4 0.13125 0.6 0.005208333333333333 0.005555555555555556
4 0.128125 0.6055555555555555 0.005208333333333333 0.007407407407407408
4 0.12734375 0.5958333333333333 0.0046875 0.004629629629629629
4 0.203125 0.6643518518518519 0.009375 0.012037037037037037
4 0.2359375 0.7041666666666667 0.010416666666666666 0.012037037037037037
4 0.25078125 0.7199074074074074 0.0078125 0.010185185185185186
4 0.26588541666666665 0.7037037037037037 0.0109375 0.011111111111111112
4 0.29270833333333335 0.7231481481481481 0.0125 0.012962962962962963
4 0.31145833333333334 0.6990740740740741 0.0125 0.011111111111111112
4 0.30546875 0.6972222222222222 0.011979166666666667 0.011111111111111112
4 0.29921875 0.6930555555555555 0.011979166666666667 0.010185185185185186
4 0.28932291666666665 0.6861111111111111 0.0109375 0.009259259259259259
4 0.2791666666666667 0.6800925925925926 0.010416666666666666 0.008333333333333333
4 0.26484375 0.6717592592592593 0.0109375 0.012037037037037037
4 0.25807291666666665 0.6671296296296296 0.0109375 0.010185185185185186
4 0.25494791666666666 0.6648148148148149 0.0109375 0.009259259259259259
4 0.25078125 0.6615740740740741 0.0109375 0.010185185185185186
4 0.24973958333333332 0.6583333333333333 0.0109375 0.009259259259259259
4 0.24661458333333333 0.6564814814814814 0.0109375 0.009259259259259259
4 0.28463541666666664 0.7416666666666667 0.011979166666666667 0.014814814814814815
4 0.30364583333333334 0.7416666666666667 0.014583333333333334 0.014814814814814815
4 0.33125 0.7361111111111112 0.0125 0.012962962962962963
4 0.33307291666666666 0.7537037037037037 0.0140625 0.012962962962962963
4 0.375 0.7435185185185185 0.015625 0.012962962962962963
4 0.36640625 0.7782407407407408 0.015104166666666667 0.01574074074074074
4 0.34453125 0.7837962962962963 0.0171875 0.019444444444444445
4 0.3921875 0.7546296296296297 0.013541666666666667 0.014814814814814815
4 0.41067708333333336 0.7638888888888888 0.0140625 0.014814814814814815
4 0.41796875 0.7712962962962963 0.0140625 0.014814814814814815
4 0.43645833333333334 0.7828703703703703 0.015625 0.01574074074074074
4 0.44505208333333335 0.7912037037037037 0.015104166666666667 0.01574074074074074
4 0.40598958333333335 0.8087962962962963 0.019270833333333334 0.017592592592592594
4 0.45729166666666665 0.7953703703703704 0.015625 0.016666666666666666
4 0.46822916666666664 0.8055555555555556 0.016666666666666666 0.016666666666666666
4 0.4125 0.836574074074074 0.020833333333333332 0.026851851851851852
4 0.4830729166666667 0.8402777777777778 0.022395833333333334 0.023148148148148147
4 0.4830729166666667 0.812962962962963 0.016145833333333335 0.018518518518518517
4 0.49322916666666666 0.8194444444444444 0.015625 0.020370370370370372
4 0.5182291666666666 0.8398148148148148 0.016666666666666666 0.024074074074074074
4 0.5341145833333333 0.8467592592592592 0.015104166666666667 0.021296296296296296
4 0.49192708333333335 0.9236111111111112 0.0265625 0.032407407407407406
4 0.4005208333333333 0.8888888888888888 0.025 0.037037037037037035
4 0.5221354166666666 0.924074074074074 0.027604166666666666 0.03333333333333333
4 0.5658854166666667 0.9597222222222223 0.03177083333333333 0.025
4 0.5848958333333333 0.9037037037037037 0.01875 0.03148148148148148
4 0.6020833333333333 0.9037037037037037 0.025 0.03333333333333333
4 0.6252604166666667 0.9143518518518519 0.022395833333333334 0.030555555555555555
4 0.6403645833333333 0.9162037037037037 0.024479166666666666 0.032407407407407406
4 0.6513020833333333 0.9097222222222222 0.0265625 0.030555555555555555
4 0.7184895833333333 0.9425925925925925 0.021354166666666667 0.02962962962962963
4 0.7049479166666667 0.8893518518518518 0.03177083333333333 0.03611111111111111
4 0.71484375 0.8865740740740741 0.027604166666666666 0.028703703703703703
4 0.7166666666666667 0.8736111111111111 0.025 0.026851851851851852
4 0.7184895833333333 0.8546296296296296 0.021354166666666667 0.022222222222222223
4 0.7216145833333333 0.8337962962962963 0.015104166666666667 0.017592592592592594
4 0.6682291666666667 0.7986111111111112 0.022916666666666665 0.017592592592592594
4 0.6578125 0.8152777777777778 0.021875 0.019444444444444445
4 0.6526041666666667 0.8300925925925926 0.025 0.023148148148148147
4 0.64453125 0.8481481481481481 0.0296875 0.024074074074074074
4 0.6677083333333333 0.6277777777777778 0.005208333333333333 0.007407407407407408
4 0.6580729166666667 0.638425925925926 0.0036458333333333334 0.006481481481481481
4 0.6552083333333333 0.6402777777777777 0.005208333333333333 0.006481481481481481
4 0.6513020833333333 0.6430555555555556 0.0046875 0.006481481481481481
4 0.6630208333333333 0.649537037037037 0.010416666666666666 0.006481481481481481
4 0.6645833333333333 0.6467592592592593 0.010416666666666666 0.006481481481481481
4 0.6697916666666667 0.6439814814814815 0.010416666666666666 0.006481481481481481
4 0.6729166666666667 0.6402777777777777 0.010416666666666666 0.006481481481481481
4 0.6494791666666667 0.6537037037037037 0.004166666666666667 0.005555555555555556
4 0.44192708333333336 0.5907407407407408 0.005729166666666666 0.005555555555555556
4 0.2911458333333333 0.5615740740740741 0.003125 0.002777777777777778
4 0.27291666666666664 0.5546296296296296 0.003125 0.003703703703703704
4 0.026302083333333334 0.8814814814814815 0.011979166666666667 0.025925925925925925
4 0.04765625 0.8717592592592592 0.013020833333333334 0.032407407407407406
4 0.07265625 0.8921296296296296 0.0171875 0.03611111111111111
4 0.09270833333333334 0.8828703703703704 0.013541666666666667 0.03611111111111111
4 0.10729166666666666 0.8736111111111111 0.011458333333333333 0.028703703703703703
4 0.0984375 0.8527777777777777 0.027083333333333334 0.020370370370370372
4 0.059375 0.9643518518518519 0.030208333333333334 0.01574074074074074
4 0.13463541666666667 0.950462962962963 0.033854166666666664 0.03796296296296296
4 0.13776041666666666 0.9587962962962963 0.03177083333333333 0.026851851851851852
