4 0.4395833333333333 0.3337962962962963 0.017708333333333333 0.021296296296296296
4 0.40651041666666665 0.36203703703703705 0.021354166666666667 0.022222222222222223
4 0.35520833333333335 0.4 0.026041666666666668 0.027777777777777776
4 0.32421875 0.4462962962962963 0.0265625 0.03148148148148148
4 0.2721354166666667 0.4648148148148148 0.030729166666666665 0.03148148148148148
4 0.2598958333333333 0.49537037037037035 0.034375 0.03888888888888889
4 0.18541666666666667 0.5625 0.041666666666666664 0.04722222222222222
4 0.19739583333333333 0.5273148148148148 0.03854166666666667 0.04537037037037037
4 0.09791666666666667 0.6092592592592593 0.04895833333333333 0.05555555555555555
4 0.5020833333333333 0.28564814814814815 0.010416666666666666 0.013888888888888888
