0 0.6752604166666667 0.9305555555555556 0.07447916666666667 0.15185185185185185
0 0.11302083333333333 0.6921296296296297 0.04479166666666667 0.12685185185185185
0 0.25234375 0.449537037037037 0.07864583333333333 0.058333333333333334
0 0.23932291666666666 0.3861111111111111 0.033854166666666664 0.06851851851851852
0 0.28411458333333334 0.38564814814814813 0.034895833333333334 0.07314814814814814
0 0.4114583333333333 0.3013888888888889 0.030208333333333334 0.06388888888888888
0 0.39817708333333335 0.24722222222222223 0.0296875 0.05925925925925926
0 0.49713541666666666 0.2740740740740741 0.034895833333333334 0.06111111111111111
0 0.459375 0.17314814814814813 0.029166666666666667 0.053703703703703705
0 0.409375 0.14212962962962963 0.027083333333333334 0.05277777777777778
0 0.6270833333333333 0.19212962962962962 0.0375 0.04537037037037037
0 0.5854166666666667 0.11898148148148148 0.029166666666666667 0.03611111111111111
0 0.4674479166666667 0.09074074074074075 0.04114583333333333 0.03518518518518519
0 0.45546875 0.07546296296296297 0.04114583333333333 0.03611111111111111
0 0.44557291666666665 0.04537037037037037 0.04114583333333333 0.03148148148148148
0 0.5291666666666667 0.03009259259259259 0.025 0.03425925925925926
0 0.4890625 0.044444444444444446 0.03229166666666667 0.03333333333333333
0 0.37057291666666664 0.04814814814814815 0.0234375 0.03148148148148148
0 0.39947916666666666 0.01712962962962963 0.020833333333333332 0.03425925925925926
