0 0.38567708333333334 0.6291666666666667 0.013020833333333334 0.049074074074074076
0 0.40625 0.4222222222222222 0.010416666666666666 0.027777777777777776
0 0.37135416666666665 0.2884259259259259 0.00625 0.017592592592592594
0 0.334375 0.2652777777777778 0.007291666666666667 0.01574074074074074
0 0.3338541666666667 0.225 0.00625 0.012962962962962963
0 0.3796875 0.2324074074074074 0.007291666666666667 0.016666666666666666
0 0.35442708333333334 0.24537037037037038 0.0067708333333333336 0.014814814814814815
0 0.34375 0.28055555555555556 0.007291666666666667 0.016666666666666666
0 0.33984375 0.16064814814814815 0.005729166666666666 0.010185185185185186
0 0.34296875 0.1259259259259259 0.0046875 0.011111111111111112
0 0.3385416666666667 0.09861111111111111 0.003125 0.010185185185185186
0 0.3541666666666667 0.07777777777777778 0.004166666666666667 0.007407407407407408
0 0.3765625 0.04722222222222222 0.004166666666666667 0.009259259259259259
0 0.3536458333333333 0.04537037037037037 0.004166666666666667 0.007407407407407408
0 0.3536458333333333 0.03287037037037037 0.003125 0.006481481481481481
0 0.36302083333333335 0.01898148148148148 0.004166666666666667 0.006481481481481481
0 0.33932291666666664 0.03935185185185185 0.0036458333333333334 0.006481481481481481
0 0.3546875 0.007407407407407408 0.003125 0.007407407407407408
0 0.34921875 0.0032407407407407406 0.0036458333333333334 0.006481481481481481
0 0.36171875 0.005555555555555556 0.0026041666666666665 0.007407407407407408
0 0.37578125 0.008796296296296297 0.0036458333333333334 0.008333333333333333
0 0.42916666666666664 0.7037037037037037 0.016666666666666666 0.05
0 0.21848958333333332 0.28935185185185186 0.018229166666666668 0.012037037037037037
