0 0.19114583333333332 0.4722222222222222 0.022916666666666665 0.05740740740740741
0 0.11041666666666666 0.44583333333333336 0.027083333333333334 0.05092592592592592
0 0.1265625 0.39490740740740743 0.026041666666666668 0.041666666666666664
0 0.14114583333333333 0.3527777777777778 0.022916666666666665 0.03518518518518519
0 0.18151041666666667 0.11018518518518519 0.0234375 0.020370370370370372
0 0.25546875 0.04583333333333333 0.0109375 0.017592592592592594
0 0.3690104166666667 0.034722222222222224 0.0140625 0.025
0 0.4640625 0.13472222222222222 0.016666666666666666 0.03981481481481482
0 0.45807291666666666 0.00787037037037037 0.0140625 0.01574074074074074
0 0.5169270833333334 0.22870370370370371 0.0265625 0.053703703703703705
