4 0.37083333333333335 0.2949074074074074 0.019791666666666666 0.017592592592592594
4 0.43072916666666666 0.23055555555555557 0.019791666666666666 0.014814814814814815
4 0.46927083333333336 0.22314814814814815 0.019791666666666666 0.016666666666666666
4 0.5255208333333333 0.20462962962962963 0.01875 0.016666666666666666
4 0.6122395833333333 0.175 0.0171875 0.016666666666666666
4 0.3263020833333333 0.2462962962962963 0.018229166666666668 0.016666666666666666
4 0.3875 0.21388888888888888 0.016666666666666666 0.018518518518518517
4 0.3619791666666667 0.16898148148148148 0.010416666666666666 0.017592592592592594
4 0.3385416666666667 0.04814814814814815 0.009375 0.014814814814814815
4 0.375 0.12129629629629629 0.010416666666666666 0.018518518518518517
