0 0.26223958333333336 0.30324074074074076 0.0109375 0.008333333333333333
0 0.26458333333333334 0.3 0.011458333333333333 0.009259259259259259
0 0.3489583333333333 0.3472222222222222 0.00625 0.012962962962962963
0 0.3919270833333333 0.4597222222222222 0.008854166666666666 0.019444444444444445
0 0.3932291666666667 0.31203703703703706 0.005208333333333333 0.009259259259259259
0 0.3611979166666667 0.25787037037037036 0.0067708333333333336 0.008333333333333333
0 0.37864583333333335 0.2587962962962963 0.007291666666666667 0.008333333333333333
0 0.35546875 0.20046296296296295 0.0026041666666666665 0.004629629629629629
0 0.31796875 0.22777777777777777 0.0026041666666666665 0.005555555555555556
0 0.31744791666666666 0.2537037037037037 0.0078125 0.009259259259259259
0 0.5369791666666667 0.4583333333333333 0.020833333333333332 0.014814814814814815
0 0.5328125 0.45092592592592595 0.017708333333333333 0.011111111111111112
0 0.53359375 0.4398148148148148 0.016145833333333335 0.011111111111111112
0 0.459375 0.225 0.004166666666666667 0.005555555555555556
0 0.49140625 0.30648148148148147 0.008854166666666666 0.007407407407407408
0 0.471875 0.25787037037037036 0.008333333333333333 0.006481481481481481
0 0.48932291666666666 0.3 0.0109375 0.007407407407407408
0 0.4864583333333333 0.2953703703703704 0.008333333333333333 0.007407407407407408
0 0.4856770833333333 0.2935185185185185 0.008854166666666666 0.009259259259259259
0 0.48541666666666666 0.28935185185185186 0.009375 0.008333333333333333
0 0.47578125 0.26990740740740743 0.0067708333333333336 0.008333333333333333
0 0.47239583333333335 0.2625 0.007291666666666667 0.006481481481481481
0 0.22317708333333333 0.3236111111111111 0.009895833333333333 0.010185185185185186
0 0.22578125 0.3194444444444444 0.008854166666666666 0.009259259259259259
0 0.228125 0.31342592592592594 0.010416666666666666 0.010185185185185186
0 0.23177083333333334 0.30648148148148147 0.007291666666666667 0.007407407407407408
0 0.23463541666666668 0.30185185185185187 0.0067708333333333336 0.009259259259259259
0 0.23802083333333332 0.29398148148148145 0.008333333333333333 0.008333333333333333
0 0.23203125 0.27361111111111114 0.0109375 0.006481481481481481
