4 0.0390625 0.888425925925926 0.078125 0.075
4 0.22395833333333334 0.8231481481481482 0.09791666666666667 0.07962962962962963
4 0.3234375 0.7824074074074074 0.08229166666666667 0.06111111111111111
4 0.4140625 0.749537037037037 0.07395833333333333 0.062037037037037036
4 0.5283854166666667 0.7050925925925926 0.05677083333333333 0.04722222222222222
4 0.5921875 0.6833333333333333 0.05416666666666667 0.04814814814814815
4 0.7169270833333333 0.6620370370370371 0.0359375 0.040740740740740744
4 0.69765625 0.6398148148148148 0.0421875 0.037037037037037035
4 0.6458333333333334 0.7703703703703704 0.0625 0.053703703703703705
4 0.8059895833333334 0.7208333333333333 0.06510416666666667 0.05277777777777778
4 0.9807291666666667 0.711574074074074 0.071875 0.049074074074074076
4 1.0083333333333333 0.6944444444444444 0.06666666666666667 0.040740740740740744
4 1.0213541666666666 0.6675925925925926 0.040625 0.03333333333333333
4 0.9333333333333333 0.4986111111111111 0.023958333333333335 0.01574074074074074
