0 0.70078125 0.37546296296296294 0.034895833333333334 0.025
0 0.6473958333333333 0.3958333333333333 0.034375 0.026851851851851852
0 0.62109375 0.40324074074074073 0.030729166666666665 0.030555555555555555
0 0.66328125 0.41064814814814815 0.043229166666666666 0.028703703703703703
0 0.6526041666666667 0.3837962962962963 0.0375 0.030555555555555555
0 0.6184895833333334 0.387037037037037 0.028645833333333332 0.022222222222222223
0 0.6088541666666667 0.3736111111111111 0.029166666666666667 0.023148148148148147
0 0.68828125 0.35324074074074074 0.016145833333333335 0.026851851851851852
0 0.6541666666666667 0.3435185185185185 0.016666666666666666 0.022222222222222223
0 0.6356770833333333 0.3439814814814815 0.018229166666666668 0.025
0 0.6184895833333334 0.3388888888888889 0.016145833333333335 0.022222222222222223
0 0.59921875 0.33611111111111114 0.018229166666666668 0.025925925925925925
0 0.5809895833333333 0.337037037037037 0.019270833333333334 0.02962962962962963
0 0.5705729166666667 0.32685185185185184 0.019270833333333334 0.03148148148148148
0 0.5145833333333333 0.37546296296296294 0.03333333333333333 0.028703703703703703
0 0.4734375 0.36435185185185187 0.029166666666666667 0.023148148148148147
0 0.48046875 0.3537037037037037 0.028645833333333332 0.018518518518518517
0 0.48541666666666666 0.3421296296296296 0.023958333333333335 0.021296296296296296
0 0.4518229166666667 0.34074074074074073 0.0296875 0.020370370370370372
0 0.4666666666666667 0.30462962962962964 0.01875 0.016666666666666666
0 0.4828125 0.2875 0.016666666666666666 0.012037037037037037
0 0.46197916666666666 0.29305555555555557 0.017708333333333333 0.01574074074074074
0 0.46015625 0.2884259259259259 0.016145833333333335 0.017592592592592594
0 0.42265625 0.2916666666666667 0.018229166666666668 0.014814814814814815
0 0.44921875 0.2796296296296296 0.0140625 0.012962962962962963
0 0.4041666666666667 0.30787037037037035 0.019791666666666666 0.01574074074074074
0 0.3958333333333333 0.29583333333333334 0.020833333333333332 0.013888888888888888
0 0.37473958333333335 0.30092592592592593 0.019270833333333334 0.014814814814814815
0 0.3645833333333333 0.2972222222222222 0.01875 0.012962962962962963
0 0.44140625 0.2689814814814815 0.011979166666666667 0.013888888888888888
0 0.43411458333333336 0.27175925925925926 0.011979166666666667 0.013888888888888888
0 0.44895833333333335 0.2796296296296296 0.0125 0.012962962962962963
0 0.42864583333333334 0.274537037037037 0.009375 0.013888888888888888
0 0.4197916666666667 0.27361111111111114 0.013541666666666667 0.017592592592592594
0 0.4125 0.275 0.013541666666666667 0.016666666666666666
0 0.4049479166666667 0.2763888888888889 0.0140625 0.017592592592592594
0 0.40208333333333335 0.28055555555555556 0.011458333333333333 0.016666666666666666
0 0.3307291666666667 0.27824074074074073 0.009375 0.017592592592592594
0 0.3421875 0.2773148148148148 0.013541666666666667 0.019444444444444445
0 0.328125 0.3037037037037037 0.019791666666666666 0.012962962962962963
0 0.3033854166666667 0.300462962962963 0.0171875 0.01574074074074074
0 0.3106770833333333 0.29907407407407405 0.016145833333333335 0.018518518518518517
0 0.24114583333333334 0.27685185185185185 0.011458333333333333 0.014814814814814815
0 0.234375 0.2740740740740741 0.010416666666666666 0.012962962962962963
0 0.20989583333333334 0.27361111111111114 0.011458333333333333 0.013888888888888888
0 0.21875 0.27037037037037037 0.011458333333333333 0.012962962962962963
0 0.20338541666666668 0.2662037037037037 0.013020833333333334 0.012037037037037037
0 0.16015625 0.25277777777777777 0.0109375 0.009259259259259259
0 0.16666666666666666 0.25277777777777777 0.010416666666666666 0.012962962962962963
0 0.14192708333333334 0.25787037037037036 0.009895833333333333 0.012037037037037037
0 0.13046875 0.262037037037037 0.0109375 0.014814814814814815
0 0.10026041666666667 0.26851851851851855 0.013020833333333334 0.014814814814814815
0 0.11848958333333333 0.26944444444444443 0.015104166666666667 0.014814814814814815
0 0.09557291666666666 0.25046296296296294 0.008854166666666666 0.012037037037037037
0 0.08255208333333333 0.2518518518518518 0.009895833333333333 0.012962962962962963
0 0.07864583333333333 0.24675925925925926 0.009375 0.012037037037037037
0 0.07786458333333333 0.23564814814814813 0.0109375 0.010185185185185186
0 0.09296875 0.22962962962962963 0.0078125 0.007407407407407408
0 0.10833333333333334 0.23935185185185184 0.008333333333333333 0.010185185185185186
0 0.10703125 0.23425925925925925 0.0078125 0.009259259259259259
0 0.12083333333333333 0.2388888888888889 0.008333333333333333 0.009259259259259259
0 0.12473958333333333 0.23148148148148148 0.0078125 0.009259259259259259
0 0.10755208333333334 0.225 0.0078125 0.009259259259259259
0 0.10286458333333333 0.22314814814814815 0.005729166666666666 0.007407407407407408
0 0.1 0.2273148148148148 0.00625 0.008333333333333333
0 0.07994791666666666 0.22037037037037038 0.005729166666666666 0.007407407407407408
0 0.07734375 0.21712962962962962 0.005729166666666666 0.008333333333333333
0 0.0671875 0.21481481481481482 0.00625 0.007407407407407408
0 0.062239583333333334 0.21203703703703702 0.005729166666666666 0.009259259259259259
