4 0.32421875 0.5083333333333333 0.0015625 0.001851851851851852
4 0.3263020833333333 0.5231481481481481 0.0015625 0.003703703703703704
4 0.32734375 0.5462962962962963 0.0026041666666666665 0.005555555555555556
4 0.31744791666666666 0.5740740740740741 0.005729166666666666 0.007407407407407408
4 0.29791666666666666 0.5708333333333333 0.005208333333333333 0.008333333333333333
4 0.2864583333333333 0.5981481481481481 0.007291666666666667 0.011111111111111112
4 0.35442708333333334 0.5277777777777778 0.0026041666666666665 0.003703703703703704
4 0.25104166666666666 0.6805555555555556 0.013541666666666667 0.022222222222222223
4 0.23229166666666667 0.7125 0.01875 0.026851851851851852
4 0.25078125 0.7407407407407407 0.018229166666666668 0.03148148148148148
4 0.2234375 0.7805555555555556 0.025 0.044444444444444446
4 0.20677083333333332 0.7550925925925925 0.023958333333333335 0.03796296296296296
4 0.19609375 0.7361111111111112 0.0234375 0.02962962962962963
4 0.11223958333333334 0.8629629629629629 0.04739583333333333 0.04259259259259259
4 0.21276041666666667 0.9337962962962963 0.05677083333333333 0.05277777777777778
4 0.10885416666666667 0.9407407407407408 0.058333333333333334 0.05555555555555555
4 0.016666666666666666 0.8611111111111112 0.03333333333333333 0.04259259259259259
