0 0.25546875 0.7717592592592593 0.043229166666666666 0.18055555555555555
0 0.4830729166666667 0.5782407407407407 0.08385416666666666 0.08055555555555556
0 0.44947916666666665 0.3388888888888889 0.071875 0.07222222222222222
0 0.3723958333333333 0.5444444444444444 0.08020833333333334 0.07777777777777778
0 0.3580729166666667 0.3087962962962963 0.0734375 0.06759259259259259
0 0.3611979166666667 0.45555555555555555 0.07552083333333333 0.06851851851851852
0 0.41875 0.18055555555555555 0.06354166666666666 0.05740740740740741
0 0.4044270833333333 0.13842592592592592 0.06197916666666667 0.05648148148148148
0 0.33697916666666666 0.08425925925925926 0.059375 0.05
0 0.5283854166666667 0.9291666666666667 0.10572916666666667 0.08611111111111111
