4 0.27369791666666665 0.6412037037037037 0.033854166666666664 0.028703703703703703
4 0.28125 0.6129629629629629 0.030208333333333334 0.027777777777777776
4 0.28567708333333336 0.5837962962962963 0.03177083333333333 0.030555555555555555
4 0.28671875 0.5532407407407407 0.033854166666666664 0.03425925925925926
4 0.29635416666666664 0.5328703703703703 0.029166666666666667 0.028703703703703703
4 0.33880208333333334 0.42453703703703705 0.011979166666666667 0.032407407407407406
4 0.34140625 0.38101851851851853 0.0109375 0.028703703703703703
4 0.3614583333333333 0.3560185185185185 0.010416666666666666 0.032407407407407406
4 0.34869791666666666 0.33101851851851855 0.0109375 0.023148148148148147
4 0.4049479166666667 0.45 0.011979166666666667 0.03148148148148148
4 0.3984375 0.5217592592592593 0.014583333333333334 0.03981481481481482
4 0.41015625 0.562962962962963 0.0140625 0.040740740740740744
4 0.4109375 0.4134259259259259 0.010416666666666666 0.03425925925925926
4 0.41380208333333335 0.33611111111111114 0.009895833333333333 0.025925925925925925
4 0.4010416666666667 0.3212962962962963 0.009375 0.024074074074074074
4 0.4114583333333333 0.30277777777777776 0.009375 0.020370370370370372
4 0.4119791666666667 0.2777777777777778 0.009375 0.020370370370370372
4 0.39609375 0.2712962962962963 0.011979166666666667 0.020370370370370372
4 0.41692708333333334 0.21851851851851853 0.016145833333333335 0.016666666666666666
4 0.4 0.18703703703703703 0.007291666666666667 0.022222222222222223
4 0.4015625 0.14074074074074075 0.007291666666666667 0.020370370370370372
4 0.3875 0.16574074074074074 0.009375 0.018518518518518517
4 0.3768229166666667 0.1648148148148148 0.0078125 0.020370370370370372
4 0.415625 0.09907407407407408 0.007291666666666667 0.012962962962962963
4 0.41302083333333334 0.04722222222222222 0.00625 0.012962962962962963
4 0.4421875 0.17777777777777778 0.008333333333333333 0.018518518518518517
4 0.42083333333333334 0.487962962962963 0.0125 0.037037037037037035
4 0.46145833333333336 0.5583333333333333 0.027083333333333334 0.040740740740740744
4 0.48072916666666665 0.5847222222222223 0.021875 0.03981481481481482
4 0.5 0.5958333333333333 0.020833333333333332 0.041666666666666664
4 0.5229166666666667 0.6046296296296296 0.026041666666666668 0.044444444444444446
4 0.365625 0.2101851851851852 0.008333333333333333 0.020370370370370372
4 0.3723958333333333 0.1925925925925926 0.008333333333333333 0.018518518518518517
4 0.38125 0.10601851851851851 0.007291666666666667 0.013888888888888888
4 0.3625 0.14305555555555555 0.014583333333333334 0.012037037037037037
4 0.3888020833333333 0.0060185185185185185 0.011979166666666667 0.008333333333333333
4 0.4453125 0.1175925925925926 0.007291666666666667 0.016666666666666666
4 0.446875 0.10092592592592593 0.00625 0.012962962962962963
4 0.44375 0.08981481481481482 0.013541666666666667 0.009259259259259259
4 0.44375 0.08194444444444444 0.013541666666666667 0.006481481481481481
4 0.44375 0.08101851851851852 0.0125 0.010185185185185186
4 0.44244791666666666 0.20879629629629629 0.0140625 0.01574074074074074
4 0.4473958333333333 0.1986111111111111 0.007291666666666667 0.017592592592592594
4 0.46770833333333334 0.2490740740740741 0.020833333333333332 0.020370370370370372
4 0.4390625 0.2662037037037037 0.016666666666666666 0.023148148148148147
4 0.4401041666666667 0.28194444444444444 0.017708333333333333 0.019444444444444445
4 0.4705729166666667 0.3574074074074074 0.021354166666666667 0.022222222222222223
4 0.44296875 0.38101851851851853 0.025520833333333333 0.019444444444444445
4 0.4973958333333333 0.3143518518518518 0.022916666666666665 0.01574074074074074
4 0.4901041666666667 0.3037037037037037 0.021875 0.018518518518518517
4 0.48515625 0.2814814814814815 0.022395833333333334 0.018518518518518517
4 0.48671875 0.2722222222222222 0.022395833333333334 0.016666666666666666
4 0.4947916666666667 0.2439814814814815 0.01875 0.01574074074074074
4 0.4908854166666667 0.22685185185185186 0.019270833333333334 0.016666666666666666
4 0.496875 0.337037037037037 0.023958333333333335 0.020370370370370372
4 0.50234375 0.3527777777777778 0.024479166666666666 0.018518518518518517
4 0.50234375 0.36712962962962964 0.025520833333333333 0.021296296296296296
4 0.21953125 0.45 0.0171875 0.03888888888888889
4 0.18046875 0.4388888888888889 0.027604166666666666 0.020370370370370372
4 0.15286458333333333 0.5180555555555556 0.0296875 0.026851851851851852
4 0.16041666666666668 0.500462962962963 0.03229166666666667 0.026851851851851852
4 0.13307291666666668 0.5703703703703704 0.03697916666666667 0.025925925925925925
4 0.2234375 0.5074074074074074 0.019791666666666666 0.04259259259259259
4 0.23307291666666666 0.45925925925925926 0.016145833333333335 0.03888888888888889
4 0.29973958333333334 0.5064814814814815 0.0296875 0.024074074074074074
4 0.30364583333333334 0.4847222222222222 0.029166666666666667 0.023148148148148147
4 0.30885416666666665 0.4666666666666667 0.029166666666666667 0.018518518518518517
4 0.058854166666666666 0.18194444444444444 0.016666666666666666 0.013888888888888888
4 0.06692708333333333 0.17453703703703705 0.016145833333333335 0.01574074074074074
4 0.07994791666666666 0.1574074074074074 0.016145833333333335 0.012962962962962963
4 0.09192708333333334 0.13935185185185187 0.015104166666666667 0.012037037037037037
4 0.3802083333333333 0.14537037037037037 0.007291666666666667 0.022222222222222223
4 0.4427083333333333 0.026851851851851852 0.0125 0.009259259259259259
4 0.44973958333333336 0.013425925925925926 0.0109375 0.008333333333333333
4 0.45 0.010185185185185186 0.010416666666666666 0.007407407407407408
4 0.44947916666666665 0.006481481481481481 0.010416666666666666 0.007407407407407408
4 0.4427083333333333 0.014814814814814815 0.010416666666666666 0.007407407407407408
4 0.4421875 0.019444444444444445 0.010416666666666666 0.007407407407407408
4 0.4421875 0.023148148148148147 0.010416666666666666 0.007407407407407408
4 0.47604166666666664 0.15648148148148147 0.015625 0.012962962962962963
4 0.47708333333333336 0.1476851851851852 0.015625 0.012037037037037037
4 0.47760416666666666 0.13518518518518519 0.015625 0.012962962962962963
4 0.478125 0.12916666666666668 0.015625 0.012037037037037037
4 0.4783854166666667 0.11064814814814815 0.015104166666666667 0.010185185185185186
4 0.47708333333333336 0.10185185185185185 0.0125 0.009259259259259259
4 0.4734375 0.0912037037037037 0.014583333333333334 0.012037037037037037
4 0.4747395833333333 0.06018518518518518 0.013020833333333334 0.011111111111111112
4 0.47109375 0.04259259259259259 0.011979166666666667 0.009259259259259259
4 0.46796875 0.04027777777777778 0.011979166666666667 0.010185185185185186
4 0.46770833333333334 0.032407407407407406 0.0125 0.009259259259259259
4 0.46953125 0.028703703703703703 0.011979166666666667 0.009259259259259259
4 0.46380208333333334 0.01898148148148148 0.013020833333333334 0.008333333333333333
4 0.46875 0.017592592592592594 0.0125 0.009259259259259259
4 0.46822916666666664 0.010648148148148148 0.011458333333333333 0.008333333333333333
4 0.54453125 0.6157407407407407 0.028645833333333332 0.040740740740740744
4 0.6494791666666667 0.6467592592592593 0.029166666666666667 0.03981481481481482
4 0.68671875 0.6527777777777778 0.0234375 0.046296296296296294
4 0.5651041666666666 0.6324074074074074 0.027083333333333334 0.04259259259259259
4 0.6161458333333333 0.6375 0.029166666666666667 0.04351851851851852
4 0.5044270833333333 0.6833333333333333 0.03802083333333333 0.03333333333333333
4 0.43802083333333336 0.6675925925925926 0.0375 0.037037037037037035
4 0.4348958333333333 0.6958333333333333 0.036458333333333336 0.03796296296296296
4 0.4395833333333333 0.7194444444444444 0.03854166666666667 0.018518518518518517
4 0.6236979166666666 0.7203703703703703 0.0171875 0.016666666666666666
4 0.6614583333333334 0.7185185185185186 0.020833333333333332 0.020370370370370372
4 0.17213541666666668 0.6768518518518518 0.03802083333333333 0.03518518518518519
4 0.16171875 0.712037037037037 0.0421875 0.02962962962962963
