0 0.51328125 0.9625 0.0640625 0.04351851851851852
0 0.5239583333333333 0.8337962962962963 0.05520833333333333 0.06018518518518518
0 0.5565104166666667 0.6912037037037037 0.049479166666666664 0.04351851851851852
0 0.4270833333333333 0.5925925925925926 0.04375 0.03518518518518519
0 0.44609375 0.4601851851851852 0.0359375 0.027777777777777776
0 0.45755208333333336 0.42268518518518516 0.033854166666666664 0.026851851851851852
0 0.46536458333333336 0.38564814814814813 0.034895833333333334 0.025
0 0.6401041666666667 0.39351851851851855 0.015625 0.02962962962962963
0 0.64375 0.5537037037037037 0.01875 0.046296296296296294
0 0.63515625 0.7157407407407408 0.033854166666666664 0.037037037037037035
0 0.5067708333333333 0.2810185185185185 0.026041666666666668 0.025
0 0.8317708333333333 0.2388888888888889 0.025 0.016666666666666666
0 0.8265625 0.23194444444444445 0.023958333333333335 0.01574074074074074
0 0.7994791666666666 0.19537037037037036 0.021875 0.014814814814814815
0 0.7958333333333333 0.18981481481481483 0.022916666666666665 0.018518518518518517
0 0.7911458333333333 0.17407407407407408 0.020833333333333332 0.012962962962962963
0 0.78046875 0.1625 0.019270833333333334 0.01574074074074074
0 0.7778645833333333 0.15648148148148147 0.019270833333333334 0.014814814814814815
0 0.7182291666666667 0.031018518518518518 0.011458333333333333 0.010185185185185186
0 0.696875 0.029166666666666667 0.0125 0.010185185185185186
0 0.7950520833333333 0.034722222222222224 0.013020833333333334 0.008333333333333333
0 0.7328125 0.08287037037037037 0.010416666666666666 0.010185185185185186
0 0.73828125 0.09074074074074075 0.011979166666666667 0.009259259259259259
0 0.71875 0.014351851851851852 0.005208333333333333 0.008333333333333333
0 0.7140625 0.009259259259259259 0.008333333333333333 0.011111111111111112
0 0.7184895833333333 0.004166666666666667 0.005729166666666666 0.008333333333333333
0 0.6111979166666667 0.5435185185185185 0.034895833333333334 0.03518518518518519
