0 0.08854166666666667 0.36712962962962964 0.03958333333333333 0.0824074074074074
0 0.31536458333333334 0.38333333333333336 0.0296875 0.08333333333333333
0 0.28125 0.38564814814814813 0.025 0.08611111111111111
0 0.25 0.3814814814814815 0.034375 0.08148148148148149
0 0.21640625 0.38287037037037036 0.028645833333333332 0.0824074074074074
0 0.18854166666666666 0.3819444444444444 0.03333333333333333 0.07685185185185185
0 0.15494791666666666 0.37777777777777777 0.033854166666666664 0.08518518518518518
0 0.12447916666666667 0.37407407407407406 0.030208333333333334 0.08518518518518518
0 0.13046875 0.25 0.05677083333333333 0.03888888888888889
0 0.06848958333333334 0.24583333333333332 0.0578125 0.04722222222222222
0 0.2989583333333333 0.2587962962962963 0.05625 0.04351851851851852
0 0.56171875 0.3824074074074074 0.03177083333333333 0.10185185185185185
0 0.6661458333333333 0.3125 0.035416666666666666 0.08611111111111111
0 0.7046875 0.33796296296296297 0.03229166666666667 0.07592592592592592
0 0.68125 0.23657407407407408 0.030208333333333334 0.0787037037037037
0 0.6145833333333334 0.23148148148148148 0.03125 0.07222222222222222
0 0.6026041666666667 0.14907407407407408 0.023958333333333335 0.06851851851851852
0 0.5348958333333333 0.11342592592592593 0.022916666666666665 0.058333333333333334
0 0.5674479166666667 0.12175925925925926 0.027604166666666666 0.06944444444444445
0 0.5299479166666666 0.032407407407407406 0.0203125 0.06111111111111111
0 0.5880208333333333 0.06296296296296296 0.021875 0.06296296296296296
0 0.011458333333333333 0.24166666666666667 0.022916666666666665 0.040740740740740744
0 0.3028645833333333 0.12453703703703704 0.022395833333333334 0.08055555555555556
0 0.34322916666666664 0.05462962962962963 0.042708333333333334 0.037037037037037035
0 0.34270833333333334 0.024074074074074074 0.042708333333333334 0.044444444444444446
0 0.6322916666666667 0.01712962962962963 0.027083333333333334 0.03425925925925926
0 0.3606770833333333 0.25833333333333336 0.049479166666666664 0.08703703703703704
