0 0.29791666666666666 0.6546296296296297 0.03125 0.08518518518518518
0 0.22760416666666666 0.3347222222222222 0.019791666666666666 0.05092592592592592
0 0.18307291666666667 0.07777777777777778 0.011979166666666667 0.022222222222222223
0 0.17526041666666667 0.01574074074074074 0.0109375 0.018518518518518517
0 0.5015625 0.42592592592592593 0.03333333333333333 0.03333333333333333
0 0.47109375 0.3537037037037037 0.021354166666666667 0.040740740740740744
0 0.4973958333333333 0.02175925925925926 0.017708333333333333 0.01574074074074074
0 0.5278645833333333 0.014351851851851852 0.015104166666666667 0.013888888888888888
0 0.7231770833333333 0.030555555555555555 0.0109375 0.018518518518518517
0 0.7263020833333333 0.03981481481481482 0.005729166666666666 0.012962962962962963
0 0.7028645833333333 0.010648148148148148 0.0171875 0.013888888888888888
0 0.696875 0.0060185185185185185 0.0125 0.010185185185185186
