0 0.38723958333333336 0.8953703703703704 0.011979166666666667 0.05185185185185185
0 0.3854166666666667 0.8324074074074074 0.011458333333333333 0.053703703703703705
0 0.44088541666666664 0.836574074074074 0.0265625 0.023148148148148147
0 0.44036458333333334 0.8134259259259259 0.025520833333333333 0.021296296296296296
0 0.44088541666666664 0.7856481481481481 0.021354166666666667 0.021296296296296296
0 0.44140625 0.7601851851851852 0.025520833333333333 0.022222222222222223
0 0.43854166666666666 0.687037037037037 0.026041666666666668 0.020370370370370372
0 0.4348958333333333 0.6601851851851852 0.026041666666666668 0.024074074074074074
0 0.43333333333333335 0.6138888888888889 0.026041666666666668 0.022222222222222223
0 0.4309895833333333 0.5435185185185185 0.022395833333333334 0.018518518518518517
0 0.4309895833333333 0.46944444444444444 0.024479166666666666 0.020370370370370372
0 0.46536458333333336 0.39351851851851855 0.0109375 0.044444444444444446
0 0.38776041666666666 0.9518518518518518 0.011979166666666667 0.040740740740740744
0 0.27447916666666666 0.9277777777777778 0.0125 0.04814814814814815
0 0.27421875 0.8662037037037037 0.011979166666666667 0.05092592592592592
0 0.2755208333333333 0.6865740740740741 0.011458333333333333 0.04722222222222222
0 0.27291666666666664 0.6347222222222222 0.011458333333333333 0.03611111111111111
0 0.38177083333333334 0.6481481481481481 0.0125 0.046296296296296294
0 0.3841145833333333 0.774537037037037 0.011979166666666667 0.049074074074074076
0 0.22473958333333333 0.8203703703703704 0.015104166666666667 0.05
0 0.25833333333333336 0.9518518518518518 0.0125 0.040740740740740744
0 0.2559895833333333 0.8231481481481482 0.013020833333333334 0.05185185185185185
0 0.25390625 0.7592592592592593 0.011979166666666667 0.05
0 0.278125 0.7458333333333333 0.0125 0.05462962962962963
0 0.3971354166666667 0.6055555555555555 0.0109375 0.040740740740740744
0 0.39348958333333334 0.549074074074074 0.011979166666666667 0.044444444444444446
0 0.37942708333333336 0.5388888888888889 0.011979166666666667 0.04814814814814815
0 0.38046875 0.5930555555555556 0.011979166666666667 0.041666666666666664
0 0.38333333333333336 0.7083333333333334 0.011458333333333333 0.03333333333333333
0 0.2625 0.4699074074074074 0.011458333333333333 0.04722222222222222
0 0.2598958333333333 0.5601851851851852 0.011458333333333333 0.04814814814814815
0 0.27421875 0.48333333333333334 0.011979166666666667 0.040740740740740744
0 0.3046875 0.4361111111111111 0.011458333333333333 0.04259259259259259
0 0.42630208333333336 0.37777777777777777 0.024479166666666666 0.022222222222222223
0 0.42526041666666664 0.3990740740740741 0.0234375 0.020370370370370372
0 0.42526041666666664 0.3541666666666667 0.024479166666666666 0.023148148148148147
0 0.4609375 0.28935185185185186 0.011458333333333333 0.041666666666666664
0 0.5111979166666667 0.29305555555555557 0.011979166666666667 0.04351851851851852
0 0.5184895833333333 0.22685185185185186 0.025520833333333333 0.022222222222222223
0 0.42473958333333334 0.29305555555555557 0.024479166666666666 0.023148148148148147
0 0.42682291666666666 0.3148148148148148 0.019270833333333334 0.020370370370370372
0 0.3692708333333333 0.08888888888888889 0.011458333333333333 0.037037037037037035
0 0.32916666666666666 0.1111111111111111 0.011458333333333333 0.040740740740740744
0 0.3848958333333333 0.09814814814814815 0.0125 0.04259259259259259
0 0.062239583333333334 0.2212962962962963 0.022395833333333334 0.020370370370370372
0 0.115625 0.2638888888888889 0.023958333333333335 0.020370370370370372
0 0.15416666666666667 0.3351851851851852 0.026041666666666668 0.020370370370370372
0 0.190625 0.3314814814814815 0.023958333333333335 0.020370370370370372
0 0.12578125 0.39351851851851855 0.0234375 0.03888888888888889
0 0.22421875 0.475462962962963 0.0265625 0.021296296296296296
0 0.24479166666666666 0.10277777777777777 0.011458333333333333 0.040740740740740744
0 0.36692708333333335 0.05 0.009895833333333333 0.03888888888888889
0 0.36666666666666664 0.012962962962962963 0.010416666666666666 0.025925925925925925
0 0.26276041666666666 0.3523148148148148 0.008854166666666666 0.008333333333333333
0 0.08385416666666666 0.674074074074074 0.014583333333333334 0.046296296296296294
0 0.05677083333333333 0.6615740740740741 0.014583333333333334 0.049074074074074076
0 0.044270833333333336 0.6643518518518519 0.015625 0.05462962962962963
0 0.01484375 0.6652777777777777 0.016145833333333335 0.049074074074074076
0 0.18333333333333332 0.21342592592592594 0.026041666666666668 0.021296296296296296
