4 0.6080729166666666 0.5930555555555556 0.0296875 0.08425925925925926
4 0.7783854166666667 0.6736111111111112 0.0390625 0.0787037037037037
4 0.7127604166666667 0.23564814814814813 0.018229166666666668 0.021296296296296296
4 0.7033854166666667 0.1388888888888889 0.021354166666666667 0.018518518518518517
4 0.6643229166666667 0.07777777777777778 0.005729166666666666 0.011111111111111112
4 0.65078125 0.0699074074074074 0.005729166666666666 0.010185185185185186
4 0.6744791666666666 0.06574074074074074 0.007291666666666667 0.011111111111111112
4 0.6950520833333333 0.06574074074074074 0.005729166666666666 0.011111111111111112
4 0.653125 0.07824074074074074 0.00625 0.010185185185185186
4 0.6580729166666667 0.0412037037037037 0.005729166666666666 0.008333333333333333
4 0.6640625 0.03287037037037037 0.007291666666666667 0.006481481481481481
4 0.6934895833333333 0.028703703703703703 0.0067708333333333336 0.009259259259259259
4 0.690625 0.012037037037037037 0.004166666666666667 0.005555555555555556
