0 0.3411458333333333 0.36203703703703705 0.014583333333333334 0.03888888888888889
0 0.33645833333333336 0.2638888888888889 0.0125 0.03148148148148148
0 0.35703125 0.2361111111111111 0.0109375 0.027777777777777776
0 0.36822916666666666 0.15138888888888888 0.009375 0.025
0 0.4083333333333333 0.11990740740740741 0.010416666666666666 0.028703703703703703
0 0.35104166666666664 0.16203703703703703 0.010416666666666666 0.027777777777777776
0 0.3927083333333333 0.06851851851851852 0.010416666666666666 0.020370370370370372
0 0.37161458333333336 0.022222222222222223 0.0078125 0.022222222222222223
0 0.3859375 0.009722222222222222 0.009375 0.019444444444444445
0 0.4197916666666667 0.04027777777777778 0.008333333333333333 0.026851851851851852
