4 0.3028645833333333 0.7342592592592593 0.10052083333333334 0.1037037037037037
4 0.40729166666666666 0.42962962962962964 0.065625 0.06296296296296296
4 0.4192708333333333 0.39814814814814814 0.057291666666666664 0.05185185185185185
4 0.42890625 0.3726851851851852 0.059895833333333336 0.049074074074074076
4 0.44973958333333336 0.3055555555555556 0.05260416666666667 0.046296296296296294
4 0.4546875 0.28564814814814815 0.052083333333333336 0.03796296296296296
4 0.4627604166666667 0.2671296296296296 0.04739583333333333 0.032407407407407406
4 0.4671875 0.24953703703703703 0.04583333333333333 0.041666666666666664
4 0.4822916666666667 0.20555555555555555 0.036458333333333336 0.025925925925925925
4 0.48411458333333335 0.18935185185185185 0.03697916666666667 0.025
4 0.4901041666666667 0.1837962962962963 0.034375 0.028703703703703703
4 0.4908854166666667 0.17222222222222222 0.03802083333333333 0.025925925925925925
4 0.49505208333333334 0.15925925925925927 0.03802083333333333 0.025925925925925925
4 0.49609375 0.14953703703703702 0.033854166666666664 0.026851851851851852
4 0.49973958333333335 0.1425925925925926 0.034895833333333334 0.02962962962962963
4 0.5041666666666667 0.1375 0.035416666666666666 0.03425925925925926
4 0.5096354166666667 0.11712962962962963 0.0359375 0.025
4 0.5114583333333333 0.1037037037037037 0.03333333333333333 0.022222222222222223
4 0.49322916666666666 0.08888888888888889 0.0125 0.025925925925925925
4 0.4791666666666667 0.08518518518518518 0.0125 0.025925925925925925
4 0.45625 0.1037037037037037 0.016666666666666666 0.03148148148148148
4 0.4640625 0.09351851851851851 0.015625 0.022222222222222223
4 0.4630208333333333 0.07824074074074074 0.014583333333333334 0.021296296296296296
4 0.4140625 0.2518518518518518 0.027083333333333334 0.04259259259259259
4 0.5763020833333333 0.1486111111111111 0.022395833333333334 0.026851851851851852
4 0.6872395833333333 0.22268518518518518 0.0234375 0.03796296296296296
4 0.5682291666666667 0.028703703703703703 0.010416666666666666 0.022222222222222223
4 0.58203125 0.03425925925925926 0.0078125 0.020370370370370372
4 0.5979166666666667 0.033796296296296297 0.009375 0.025
4 0.6143229166666667 0.041666666666666664 0.011979166666666667 0.018518518518518517
4 0.5356770833333333 0.025 0.008854166666666666 0.016666666666666666
4 0.6106770833333334 0.007407407407407408 0.0078125 0.014814814814814815
