0 0.21328125 1.1930555555555555 0.0796875 0.225
0 0.2596354166666667 0.8861111111111111 0.05260416666666667 0.13518518518518519
0 0.37447916666666664 0.275 0.01875 0.040740740740740744
0 0.3796875 0.23425925925925925 0.017708333333333333 0.03518518518518519
0 0.31979166666666664 0.22685185185185186 0.036458333333333336 0.03148148148148148
0 0.32838541666666665 0.18425925925925926 0.016145833333333335 0.02962962962962963
0 0.32395833333333335 0.13796296296296295 0.017708333333333333 0.025925925925925925
0 0.37578125 0.12037037037037036 0.0265625 0.027777777777777776
0 0.37005208333333334 0.010648148148148148 0.019270833333333334 0.013888888888888888
0 0.35182291666666665 0.05416666666666667 0.028645833333333332 0.019444444444444445
0 0.35494791666666664 0.043055555555555555 0.021354166666666667 0.013888888888888888
0 0.35234375 0.05138888888888889 0.027604166666666666 0.017592592592592594
0 0.40572916666666664 0.08888888888888889 0.013541666666666667 0.03333333333333333
0 0.41692708333333334 0.027777777777777776 0.0109375 0.016666666666666666
0 0.7020833333333333 0.36666666666666664 0.03333333333333333 0.04259259259259259
0 0.64765625 0.6291666666666667 0.043229166666666666 0.0824074074074074
0 0.5013020833333334 0.3787037037037037 0.024479166666666666 0.05925925925925926
