4 0.5072916666666667 0.45416666666666666 0.009375 0.028703703703703703
4 0.5388020833333333 0.45416666666666666 0.0109375 0.026851851851851852
4 0.5080729166666667 0.39861111111111114 0.008854166666666666 0.030555555555555555
4 0.5354166666666667 0.3939814814814815 0.010416666666666666 0.030555555555555555
4 0.54765625 0.39537037037037037 0.0109375 0.03148148148148148
4 0.5619791666666667 0.4527777777777778 0.010416666666666666 0.02962962962962963
4 0.5677083333333334 0.39166666666666666 0.010416666666666666 0.025925925925925925
4 0.5783854166666667 0.3902777777777778 0.0109375 0.025
4 0.59765625 0.3902777777777778 0.011979166666666667 0.028703703703703703
4 0.628125 0.38796296296296295 0.011458333333333333 0.02962962962962963
4 0.64140625 0.38796296296296295 0.011979166666666667 0.027777777777777776
4 0.6216145833333333 0.45185185185185184 0.011979166666666667 0.027777777777777776
4 0.6356770833333333 0.45185185185185184 0.011979166666666667 0.02962962962962963
4 0.6575520833333334 0.44675925925925924 0.013020833333333334 0.028703703703703703
4 0.72578125 0.44351851851851853 0.0067708333333333336 0.02962962962962963
4 0.7182291666666667 0.20972222222222223 0.017708333333333333 0.013888888888888888
4 0.7002604166666667 0.2101851851851852 0.018229166666666668 0.014814814814814815
4 0.68046875 0.21203703703703702 0.0171875 0.012962962962962963
4 0.6611979166666667 0.21203703703703702 0.0171875 0.014814814814814815
4 0.6234375 0.21574074074074073 0.016666666666666666 0.012962962962962963
4 0.60390625 0.21666666666666667 0.016145833333333335 0.012962962962962963
4 0.5848958333333333 0.2175925925925926 0.015625 0.012962962962962963
4 0.5674479166666667 0.21851851851851853 0.016145833333333335 0.014814814814814815
4 0.52578125 0.22083333333333333 0.0171875 0.013888888888888888
4 0.5471354166666667 0.21944444444444444 0.015104166666666667 0.012962962962962963
4 0.5065104166666666 0.22175925925925927 0.016145833333333335 0.013888888888888888
4 0.48515625 0.22268518518518518 0.016145833333333335 0.013888888888888888
4 0.46822916666666664 0.22268518518518518 0.014583333333333334 0.013888888888888888
4 0.44947916666666665 0.22453703703703703 0.016666666666666666 0.012037037037037037
4 0.43046875 0.225 0.013020833333333334 0.012962962962962963
4 0.3924479166666667 0.2273148148148148 0.015104166666666667 0.013888888888888888
4 0.3736979166666667 0.22870370370370371 0.015104166666666667 0.012962962962962963
4 0.35598958333333336 0.22962962962962963 0.015104166666666667 0.012962962962962963
4 0.33671875 0.2300925925925926 0.015104166666666667 0.013888888888888888
4 0.0453125 0.06759259259259259 0.016666666666666666 0.012962962962962963
4 0.03567708333333333 0.10694444444444444 0.016145833333333335 0.012037037037037037
4 0.03411458333333333 0.12916666666666668 0.015104166666666667 0.013888888888888888
4 0.07265625 0.12129629629629629 0.0078125 0.024074074074074074
4 0.07760416666666667 0.14166666666666666 0.007291666666666667 0.024074074074074074
4 0.08515625 0.14027777777777778 0.0067708333333333336 0.025
4 0.17005208333333333 0.12222222222222222 0.015104166666666667 0.012962962962962963
4 0.17083333333333334 0.1111111111111111 0.014583333333333334 0.012962962962962963
4 0.17317708333333334 0.10185185185185185 0.015104166666666667 0.011111111111111112
4 0.17526041666666667 0.09027777777777778 0.015104166666666667 0.012037037037037037
4 0.17630208333333333 0.08009259259259259 0.013020833333333334 0.012037037037037037
4 0.20104166666666667 0.07314814814814814 0.013541666666666667 0.012962962962962963
4 0.20104166666666667 0.04722222222222222 0.013541666666666667 0.012962962962962963
4 0.20182291666666666 0.038425925925925926 0.0140625 0.012037037037037037
4 0.2552083333333333 0.1824074074074074 0.014583333333333334 0.011111111111111112
4 0.2552083333333333 0.17175925925925925 0.015625 0.013888888888888888
4 0.25729166666666664 0.16111111111111112 0.013541666666666667 0.011111111111111112
4 0.2830729166666667 0.1685185185185185 0.0140625 0.012962962962962963
4 0.2830729166666667 0.15694444444444444 0.013020833333333334 0.012037037037037037
4 0.2833333333333333 0.04351851851851852 0.00625 0.018518518518518517
4 0.28072916666666664 0.01574074074074074 0.013541666666666667 0.011111111111111112
4 0.3776041666666667 0.1476851851851852 0.009375 0.019444444444444445
4 0.4114583333333333 0.16574074074074074 0.00625 0.022222222222222223
4 0.4205729166666667 0.13657407407407407 0.015104166666666667 0.013888888888888888
4 0.41901041666666666 0.11527777777777778 0.0140625 0.013888888888888888
4 0.4171875 0.0787037037037037 0.013541666666666667 0.012962962962962963
4 0.4171875 0.059722222222222225 0.013541666666666667 0.013888888888888888
4 0.41354166666666664 0.027777777777777776 0.013541666666666667 0.012962962962962963
4 0.5190104166666667 0.009722222222222222 0.013020833333333334 0.013888888888888888
4 0.52265625 0.03796296296296296 0.0140625 0.014814814814814815
4 0.5265625 0.06296296296296296 0.013541666666666667 0.012962962962962963
4 0.5286458333333334 0.07268518518518519 0.0125 0.012037037037037037
4 0.53125 0.09444444444444444 0.014583333333333334 0.012962962962962963
4 0.5317708333333333 0.10462962962962963 0.015625 0.012962962962962963
4 0.5361979166666667 0.11435185185185186 0.015104166666666667 0.012037037037037037
4 0.5361979166666667 0.12407407407407407 0.015104166666666667 0.012962962962962963
4 0.6286458333333333 0.008796296296296297 0.013541666666666667 0.013888888888888888
4 0.6377604166666667 0.041666666666666664 0.0140625 0.012962962962962963
4 0.6466145833333333 0.09074074074074075 0.015104166666666667 0.018518518518518517
4 0.64609375 0.10138888888888889 0.0140625 0.017592592592592594
4 0.6578125 0.1537037037037037 0.009375 0.022222222222222223
