0 0.14791666666666667 0.49166666666666664 0.06458333333333334 0.1574074074074074
0 0.30546875 0.4935185185185185 0.09635416666666667 0.10555555555555556
0 0.2877604166666667 0.42962962962962964 0.0796875 0.1
0 0.27057291666666666 0.38333333333333336 0.07135416666666666 0.08333333333333333
0 0.2604166666666667 0.3398148148148148 0.07604166666666666 0.08518518518518518
0 0.24192708333333332 0.29814814814814816 0.0765625 0.07962962962962963
0 0.23515625 0.2601851851851852 0.07552083333333333 0.06666666666666667
0 0.20833333333333334 0.19722222222222222 0.065625 0.06481481481481481
0 0.18697916666666667 0.11666666666666667 0.06041666666666667 0.05925925925925926
0 0.18020833333333333 0.08888888888888889 0.05625 0.05740740740740741
0 0.17708333333333334 0.06851851851851852 0.05625 0.044444444444444446
0 0.16979166666666667 0.052314814814814814 0.051041666666666666 0.04537037037037037
0 0.15729166666666666 0.03611111111111111 0.051041666666666666 0.04259259259259259
0 0.15520833333333334 0.018055555555555554 0.052083333333333336 0.03425925925925926
