0 0.07005208333333333 0.30462962962962964 0.0265625 0.03888888888888889
0 0.09557291666666666 0.4699074074074074 0.022395833333333334 0.062037037037037036
0 0.33255208333333336 0.1439814814814815 0.0171875 0.03425925925925926
0 0.28046875 0.6 0.034895833333333334 0.09259259259259259
0 0.1296875 0.26296296296296295 0.01875 0.03888888888888889
0 0.12317708333333334 0.16805555555555557 0.018229166666666668 0.026851851851851852
0 0.13203125 0.1476851851851852 0.015104166666666667 0.021296296296296296
0 0.13854166666666667 0.12685185185185185 0.017708333333333333 0.025925925925925925
0 0.14661458333333333 0.11018518518518519 0.015104166666666667 0.020370370370370372
0 0.16927083333333334 0.0587962962962963 0.0125 0.019444444444444445
0 0.1796875 0.05648148148148148 0.0125 0.016666666666666666
0 0.17682291666666666 0.034722222222222224 0.019270833333333334 0.017592592592592594
0 0.18723958333333332 0.020370370370370372 0.0109375 0.018518518518518517
0 0.19322916666666667 0.012962962962962963 0.011458333333333333 0.012962962962962963
0 0.43307291666666664 0.20787037037037037 0.018229166666666668 0.04722222222222222
0 0.4921875 0.3990740740740741 0.026041666666666668 0.07037037037037037
0 0.4390625 0.05740740740740741 0.014583333333333334 0.027777777777777776
0 0.4315104166666667 0.0125 0.011979166666666667 0.025
