4 0.4557291666666667 0.6768518518518518 0.06875 0.11851851851851852
4 0.5510416666666667 0.5805555555555556 0.04791666666666667 0.1111111111111111
4 0.36822916666666666 0.5912037037037037 0.06770833333333333 0.09351851851851851
4 0.31197916666666664 0.6689814814814815 0.08125 0.12685185185185185
4 0.23020833333333332 0.5550925925925926 0.07083333333333333 0.09351851851851851
4 0.14322916666666666 0.5648148148148148 0.07395833333333333 0.09814814814814815
4 0.10859375 0.7185185185185186 0.11302083333333333 0.14629629629629629
4 0.653125 0.49444444444444446 0.07291666666666667 0.09074074074074075
4 0.6692708333333334 0.6328703703703704 0.08229166666666667 0.12129629629629629
4 0.534375 0.3365740740740741 0.06041666666666667 0.05277777777777778
4 0.2234375 0.12824074074074074 0.03229166666666667 0.03425925925925926
4 0.16822916666666668 0.0787037037037037 0.028125 0.02962962962962963
4 0.325 0.5518518518518518 0.06979166666666667 0.09074074074074075
4 0.3221354166666667 0.37916666666666665 0.058854166666666666 0.06388888888888888
4 0.30078125 0.5078703703703704 0.06822916666666666 0.08425925925925926
4 0.26901041666666664 0.48009259259259257 0.0578125 0.06759259259259259
4 0.23932291666666666 0.45416666666666666 0.06510416666666667 0.075
4 0.21119791666666668 0.4199074074074074 0.0609375 0.062037037037037036
4 0.18098958333333334 0.3939814814814815 0.07135416666666666 0.06759259259259259
4 0.21015625 0.2763888888888889 0.0390625 0.05648148148148148
4 0.13776041666666666 0.3490740740740741 0.0546875 0.05
4 0.12213541666666666 0.33101851851851855 0.05677083333333333 0.058333333333333334
4 0.10364583333333334 0.3087962962962963 0.06041666666666667 0.05648148148148148
4 0.08958333333333333 0.2898148148148148 0.06354166666666666 0.04814814814814815
4 0.12447916666666667 0.053703703703703705 0.022916666666666665 0.025925925925925925
4 0.46979166666666666 0.22777777777777777 0.040625 0.03888888888888889
4 0.37447916666666664 0.17824074074074073 0.0375 0.030555555555555555
4 0.41770833333333335 0.16666666666666666 0.035416666666666666 0.03518518518518519
4 0.5640625 0.24675925925925926 0.041666666666666664 0.04722222222222222
4 0.5354166666666667 0.3023148148148148 0.051041666666666666 0.05092592592592592
4 0.5278645833333333 0.17824074074074073 0.025520833333333333 0.032407407407407406
4 0.5104166666666666 0.1648148148148148 0.022916666666666665 0.03333333333333333
4 0.6403645833333333 0.24027777777777778 0.0265625 0.03981481481481482
4 0.146875 0.8870370370370371 0.1375 0.17037037037037037
4 0.21432291666666667 0.9268518518518518 0.09427083333333333 0.09074074074074075
4 0.4453125 0.9199074074074074 0.09479166666666666 0.10462962962962963
4 0.60078125 0.8953703703703704 0.0640625 0.1537037037037037
4 0.02578125 0.225 0.043229166666666666 0.06481481481481481
4 0.015104166666666667 0.10833333333333334 0.026041666666666668 0.03333333333333333
4 0.019270833333333334 0.07453703703703704 0.026041666666666668 0.03425925925925926
4 0.14947916666666666 0.14027777777777778 0.025 0.032407407407407406
4 0.15755208333333334 0.11712962962962963 0.024479166666666666 0.03425925925925926
4 0.15104166666666666 0.025925925925925925 0.020833333333333332 0.027777777777777776
4 0.2625 0.08611111111111111 0.025 0.027777777777777776
4 0.31302083333333336 0.11203703703703703 0.029166666666666667 0.03148148148148148
4 0.6640625 0.25416666666666665 0.022916666666666665 0.03796296296296296
4 0.7096354166666666 0.3060185185185185 0.0265625 0.04722222222222222
4 0.7216145833333333 0.33240740740740743 0.0140625 0.040740740740740744
4 0.48984375 0.2074074074074074 0.0328125 0.03888888888888889
4 0.37994791666666666 0.2111111111111111 0.043229166666666666 0.044444444444444446
4 0.4354166666666667 0.26944444444444443 0.042708333333333334 0.05740740740740741
4 0.196875 0.04814814814814815 0.022916666666666665 0.025925925925925925
4 0.2328125 0.02824074074074074 0.030208333333333334 0.026851851851851852
4 0.2203125 0.02361111111111111 0.025 0.023148148148148147
4 0.21067708333333332 0.01990740740740741 0.025520833333333333 0.021296296296296296
4 0.20104166666666667 0.014351851851851852 0.027083333333333334 0.019444444444444445
4 0.7059895833333333 0.07268518518518519 0.024479166666666666 0.026851851851851852
