4 0.06302083333333333 0.19953703703703704 0.05625 0.03425925925925926
4 0.07291666666666667 0.23148148148148148 0.052083333333333336 0.03518518518518519
4 0.13619791666666667 0.1912037037037037 0.0484375 0.03425925925925926
4 0.13203125 0.22592592592592592 0.05260416666666667 0.044444444444444446
4 0.20520833333333333 0.20787037037037037 0.05 0.041666666666666664
4 0.26276041666666666 0.19583333333333333 0.0515625 0.03981481481481482
4 0.15364583333333334 0.28194444444444444 0.025 0.06388888888888888
4 0.18463541666666666 0.2847222222222222 0.024479166666666666 0.06018518518518518
4 0.21822916666666667 0.2712962962962963 0.030208333333333334 0.05185185185185185
4 0.2484375 0.2726851851851852 0.029166666666666667 0.06018518518518518
4 0.27708333333333335 0.2652777777777778 0.030208333333333334 0.058333333333333334
4 0.3067708333333333 0.2513888888888889 0.028125 0.049074074074074076
4 0.3333333333333333 0.2449074074074074 0.030208333333333334 0.04722222222222222
4 0.35885416666666664 0.23657407407407408 0.029166666666666667 0.04722222222222222
4 0.3216145833333333 0.18611111111111112 0.034895833333333334 0.040740740740740744
4 0.2911458333333333 0.14305555555555555 0.025 0.032407407407407406
4 0.3575520833333333 0.18009259259259258 0.0359375 0.030555555555555555
4 0.3359375 0.14537037037037037 0.03958333333333333 0.03888888888888889
4 0.3859375 0.23425925925925925 0.03229166666666667 0.05185185185185185
4 0.40963541666666664 0.23287037037037037 0.027604166666666666 0.04537037037037037
4 0.30625 0.10787037037037037 0.0375 0.028703703703703703
4 0.30416666666666664 0.09259259259259259 0.03125 0.018518518518518517
4 0.29348958333333336 0.0824074074074074 0.027604166666666666 0.014814814814814815
4 0.29192708333333334 0.07314814814814814 0.0328125 0.020370370370370372
4 0.2869791666666667 0.059722222222222225 0.029166666666666667 0.021296296296296296
4 0.28020833333333334 0.046296296296296294 0.023958333333333335 0.014814814814814815
4 0.27760416666666665 0.03796296296296296 0.017708333333333333 0.018518518518518517
4 0.35494791666666664 0.10324074074074074 0.021354166666666667 0.030555555555555555
4 0.34010416666666665 0.07916666666666666 0.013541666666666667 0.026851851851851852
4 0.3299479166666667 0.062037037037037036 0.015104166666666667 0.027777777777777776
4 0.31953125 0.04722222222222222 0.0140625 0.025925925925925925
4 0.3098958333333333 0.030555555555555555 0.008333333333333333 0.016666666666666666
4 0.3026041666666667 0.013888888888888888 0.014583333333333334 0.025925925925925925
4 0.16223958333333333 0.5453703703703704 0.0828125 0.09074074074074075
4 0.42916666666666664 0.44027777777777777 0.052083333333333336 0.06759259259259259
4 0.4830729166666667 0.7425925925925926 0.09635416666666667 0.11666666666666667
4 0.3416666666666667 0.9282407407407407 0.13125 0.08796296296296297
4 0.52109375 0.8398148148148148 0.10989583333333333 0.12407407407407407
4 0.48020833333333335 0.2898148148148148 0.035416666666666666 0.05925925925925926
4 0.5513020833333333 0.1736111111111111 0.033854166666666664 0.03981481481481482
4 0.5739583333333333 0.16620370370370371 0.03333333333333333 0.03796296296296296
4 0.5955729166666667 0.1412037037037037 0.034895833333333334 0.03796296296296296
4 0.4466145833333333 0.2449074074074074 0.0359375 0.05092592592592592
4 0.5661458333333333 0.05648148148148148 0.026041666666666668 0.022222222222222223
4 0.54453125 0.03981481481481482 0.021354166666666667 0.024074074074074074
4 0.5161458333333333 0.02361111111111111 0.020833333333333332 0.023148148148148147
4 0.4953125 0.010648148148148148 0.015625 0.017592592592592594
