0 0.04895833333333333 0.7050925925925926 0.041666666666666664 0.05092592592592592
0 0.27838541666666666 0.6300925925925925 0.027604166666666666 0.058333333333333334
0 0.38776041666666666 0.6319444444444444 0.033854166666666664 0.058333333333333334
0 0.409375 0.6037037037037037 0.029166666666666667 0.05185185185185185
0 0.4317708333333333 0.586574074074074 0.029166666666666667 0.04351851851851852
0 0.47604166666666664 0.538425925925926 0.03333333333333333 0.04537037037037037
0 0.5997395833333333 0.43194444444444446 0.0296875 0.032407407407407406
0 0.6096354166666667 0.4166666666666667 0.0265625 0.03148148148148148
0 0.6458333333333334 0.38287037037037036 0.026041666666666668 0.026851851851851852
0 0.66484375 0.3675925925925926 0.034895833333333334 0.027777777777777776
0 0.7216145833333333 0.30648148148148147 0.015104166666666667 0.020370370370370372
0 0.2140625 0.056018518518518516 0.010416666666666666 0.008333333333333333
0 0.225 0.050462962962962966 0.009375 0.010185185185185186
0 0.11119791666666666 0.1 0.013020833333333334 0.011111111111111112
0 0.03515625 0.13287037037037036 0.015104166666666667 0.012037037037037037
0 0.04192708333333333 0.12731481481481483 0.0140625 0.013888888888888888
