4 0.42239583333333336 0.8689814814814815 0.020833333333333332 0.07685185185185185
4 0.45286458333333335 0.812962962962963 0.018229166666666668 0.07222222222222222
4 0.4544270833333333 0.6666666666666666 0.0171875 0.046296296296296294
4 0.4276041666666667 0.6319444444444444 0.015625 0.05092592592592592
4 0.4473958333333333 0.525 0.013541666666666667 0.040740740740740744
4 0.4309895833333333 0.44814814814814813 0.011979166666666667 0.03148148148148148
4 0.3932291666666667 0.48333333333333334 0.014583333333333334 0.05185185185185185
4 0.4432291666666667 0.38842592592592595 0.010416666666666666 0.023148148148148147
4 0.2635416666666667 0.4675925925925926 0.041666666666666664 0.037037037037037035
4 0.4127604166666667 0.33101851851851855 0.008854166666666666 0.028703703703703703
4 0.4205729166666667 0.2518518518518518 0.0078125 0.022222222222222223
4 0.42161458333333335 0.1884259259259259 0.0067708333333333336 0.019444444444444445
4 0.415625 0.13796296296296295 0.010416666666666666 0.014814814814814815
4 0.42578125 0.11296296296296296 0.005729166666666666 0.011111111111111112
4 0.43645833333333334 0.12361111111111112 0.010416666666666666 0.013888888888888888
4 0.44375 0.018518518518518517 0.00625 0.007407407407407408
4 0.41302083333333334 0.018055555555555554 0.003125 0.006481481481481481
4 0.4140625 0.010185185185185186 0.003125 0.005555555555555556
4 0.4078125 0.044444444444444446 0.004166666666666667 0.009259259259259259
4 0.40911458333333334 0.03657407407407407 0.005729166666666666 0.008333333333333333
4 0.3997395833333333 0.0962962962962963 0.005729166666666666 0.007407407407407408
4 0.4002604166666667 0.08703703703703704 0.0046875 0.007407407407407408
4 0.40625 0.06157407407407407 0.005208333333333333 0.010185185185185186
4 0.38125 0.18333333333333332 0.009375 0.012962962962962963
4 0.4895833333333333 0.39351851851851855 0.011458333333333333 0.027777777777777776
4 0.4875 0.3625 0.010416666666666666 0.026851851851851852
4 0.46145833333333336 0.014351851851851852 0.004166666666666667 0.008333333333333333
4 0.46432291666666664 0.056018518518518516 0.0036458333333333334 0.006481481481481481
4 0.46380208333333334 0.04953703703703704 0.0046875 0.006481481481481481
4 0.4549479166666667 0.037037037037037035 0.008854166666666666 0.007407407407407408
4 0.48541666666666666 0.025925925925925925 0.00625 0.007407407407407408
4 0.4856770833333333 0.03518518518518519 0.005729166666666666 0.007407407407407408
