4 0.26328125 0.30833333333333335 0.021354166666666667 0.018518518518518517
4 0.2786458333333333 0.31712962962962965 0.0125 0.019444444444444445
4 0.2682291666666667 0.3347222222222222 0.014583333333333334 0.019444444444444445
4 0.25755208333333335 0.35462962962962963 0.013020833333333334 0.018518518518518517
4 0.3 0.3351851851851852 0.015625 0.016666666666666666
4 0.3125 0.5152777777777777 0.016666666666666666 0.03425925925925926
4 0.31692708333333336 0.45787037037037037 0.0140625 0.028703703703703703
4 0.30390625 0.6111111111111112 0.0203125 0.046296296296296294
4 0.30104166666666665 0.7166666666666667 0.021875 0.05555555555555555
4 0.29348958333333336 0.812037037037037 0.022395833333333334 0.06296296296296296
4 0.048177083333333336 1.2013888888888888 0.0953125 0.09351851851851851
4 0.18880208333333334 1.124074074074074 0.07239583333333334 0.1
4 0.39947916666666666 1.0027777777777778 0.0625 0.05925925925925926
4 0.4296875 0.8203703703703704 0.027083333333333334 0.06851851851851852
4 0.4546875 0.8115740740740741 0.026041666666666668 0.07685185185185185
4 0.48125 0.8074074074074075 0.027083333333333334 0.07407407407407407
4 0.6234375 1.1347222222222222 0.07604166666666666 0.0712962962962963
4 0.5166666666666667 1.177314814814815 0.07604166666666666 0.0712962962962963
4 0.7005208333333334 1.0986111111111112 0.07604166666666666 0.0712962962962963
4 0.7697916666666667 1.0699074074074073 0.07604166666666666 0.0712962962962963
4 0.97421875 1.3333333333333333 0.0703125 0.08703703703703704
4 0.69140625 0.9444444444444444 0.0578125 0.053703703703703705
4 1.0296875 0.9120370370370371 0.023958333333333335 0.05925925925925926
4 0.7916666666666666 0.7078703703703704 0.042708333333333334 0.05648148148148148
4 0.7705729166666667 0.6657407407407407 0.0453125 0.03888888888888889
4 0.7552083333333334 0.6337962962962963 0.04479166666666667 0.028703703703703703
4 0.7135416666666666 0.6578703703703703 0.04583333333333333 0.03425925925925926
4 0.7036458333333333 0.6319444444444444 0.040625 0.030555555555555555
4 0.6940104166666666 0.6092592592592593 0.0421875 0.03333333333333333
4 0.6815104166666667 0.5884259259259259 0.0390625 0.026851851851851852
4 0.7171875 0.5689814814814815 0.035416666666666666 0.028703703703703703
4 0.6786458333333333 0.5106481481481482 0.03125 0.032407407407407406
4 0.6513020833333333 0.5287037037037037 0.03177083333333333 0.02962962962962963
4 0.6713541666666667 0.4925925925925926 0.028125 0.03148148148148148
4 0.6567708333333333 0.4740740740740741 0.021875 0.025925925925925925
4 0.63828125 0.3958333333333333 0.024479166666666666 0.025
4 0.6885416666666667 0.29768518518518516 0.0125 0.019444444444444445
4 0.6997395833333333 0.2935185185185185 0.013020833333333334 0.018518518518518517
4 0.5734375 0.26944444444444443 0.015625 0.016666666666666666
4 0.41041666666666665 0.27824074074074073 0.021875 0.01574074074074074
4 0.40286458333333336 0.2986111111111111 0.0234375 0.017592592592592594
4 1.0096354166666666 0.6055555555555555 0.034895833333333334 0.05185185185185185
