0 0.7268229166666667 0.08518518518518518 0.011979166666666667 0.027777777777777776
0 0.7252604166666666 0.020833333333333332 0.013020833333333334 0.032407407407407406
0 0.7302083333333333 0.1375 0.016666666666666666 0.03425925925925926
0 0.7338541666666667 0.2518518518518518 0.01875 0.040740740740740744
0 0.6088541666666667 0.8564814814814815 0.03229166666666667 0.11666666666666667
0 0.16510416666666666 1.2537037037037038 0.0625 0.0962962962962963
0 0.2604166666666667 0.9842592592592593 0.05520833333333333 0.12407407407407407
0 0.34140625 0.7537037037037037 0.04114583333333333 0.08703703703703704
0 0.47942708333333334 0.7847222222222222 0.0390625 0.10833333333333334
0 0.39401041666666664 0.6023148148148149 0.0328125 0.07314814814814814
0 0.41953125 0.49675925925925923 0.0265625 0.058333333333333334
0 0.5276041666666667 0.44212962962962965 0.026041666666666668 0.06574074074074074
0 0.5739583333333333 0.3921296296296296 0.022916666666666665 0.062037037037037036
0 0.64296875 0.30648148148148147 0.0234375 0.053703703703703705
0 0.5598958333333334 0.3106481481481482 0.017708333333333333 0.05092592592592592
0 0.5205729166666667 0.1300925925925926 0.015104166666666667 0.03796296296296296
0 0.5302083333333333 0.09583333333333334 0.015625 0.03425925925925926
0 0.5453125 0.04861111111111111 0.00625 0.025
0 0.48984375 0.08194444444444444 0.024479166666666666 0.026851851851851852
0 0.49947916666666664 0.03796296296296296 0.014583333333333334 0.02962962962962963
0 0.48333333333333334 0.03333333333333333 0.0125 0.03148148148148148
