4 0.2921875 0.43703703703703706 0.009375 0.018518518518518517
4 0.3302083333333333 0.45046296296296295 0.011458333333333333 0.019444444444444445
4 0.37473958333333335 0.4078703703703704 0.0067708333333333336 0.010185185185185186
4 0.3796875 0.4166666666666667 0.011458333333333333 0.012962962962962963
4 0.33671875 0.48009259259259257 0.0140625 0.023148148148148147
4 0.34010416666666665 0.5027777777777778 0.016666666666666666 0.024074074074074074
4 0.34869791666666666 0.5208333333333334 0.0203125 0.030555555555555555
4 0.35130208333333335 0.5527777777777778 0.021354166666666667 0.037037037037037035
4 0.36640625 0.6333333333333333 0.027604166666666666 0.040740740740740744
4 0.4322916666666667 0.9004629629629629 0.05 0.08981481481481482
4 0.42578125 0.49675925925925923 0.021354166666666667 0.025
4 0.43645833333333334 0.512962962962963 0.027083333333333334 0.022222222222222223
4 0.45729166666666665 0.5203703703703704 0.020833333333333332 0.024074074074074074
4 0.48541666666666666 0.524074074074074 0.023958333333333335 0.025925925925925925
4 0.5088541666666667 0.5226851851851851 0.020833333333333332 0.028703703703703703
4 0.5346354166666667 0.5263888888888889 0.0203125 0.025
4 0.55859375 0.5203703703703704 0.0171875 0.02962962962962963
4 0.5299479166666666 0.6041666666666666 0.04114583333333333 0.041666666666666664
4 0.5380208333333333 0.6796296296296296 0.04895833333333333 0.05555555555555555
4 0.57890625 0.7569444444444444 0.05572916666666667 0.0712962962962963
4 0.56640625 0.5828703703703704 0.04635416666666667 0.03425925925925926
4 0.6135416666666667 0.5689814814814815 0.04583333333333333 0.032407407407407406
