0 0.3255208333333333 0.37777777777777777 0.010416666666666666 0.03148148148148148
0 0.32447916666666665 0.44537037037037036 0.010416666666666666 0.027777777777777776
0 0.33255208333333336 0.537962962962963 0.0109375 0.02962962962962963
0 0.3223958333333333 0.4125 0.009375 0.025
0 0.31744791666666666 0.3476851851851852 0.011979166666666667 0.019444444444444445
0 0.42083333333333334 0.20972222222222223 0.008333333333333333 0.019444444444444445
0 0.4078125 0.1449074074074074 0.008333333333333333 0.01574074074074074
0 0.4122395833333333 0.1574074074074074 0.005729166666666666 0.012962962962962963
0 0.3984375 0.08148148148148149 0.004166666666666667 0.009259259259259259
0 0.38229166666666664 0.07777777777777778 0.004166666666666667 0.011111111111111112
0 0.40546875 0.12268518518518519 0.005729166666666666 0.01574074074074074
0 0.3966145833333333 0.07361111111111111 0.0046875 0.010185185185185186
0 0.4010416666666667 0.0962962962962963 0.005208333333333333 0.012962962962962963
0 0.39348958333333334 0.06481481481481481 0.0046875 0.011111111111111112
0 0.38515625 0.18101851851851852 0.0067708333333333336 0.01574074074074074
0 0.32005208333333335 0.2884259259259259 0.019270833333333334 0.01574074074074074
