0 0.22604166666666667 1.139351851851852 0.05520833333333333 0.10462962962962963
0 0.33567708333333335 0.624537037037037 0.019270833333333334 0.026851851851851852
0 0.35520833333333335 0.5916666666666667 0.014583333333333334 0.024074074074074074
0 0.40338541666666666 0.6680555555555555 0.0140625 0.028703703703703703
0 0.41953125 0.4412037037037037 0.0046875 0.008333333333333333
0 0.39739583333333334 0.4125 0.007291666666666667 0.004629629629629629
0 0.40677083333333336 0.41574074074074074 0.008333333333333333 0.005555555555555556
0 0.34869791666666666 0.4101851851851852 0.0046875 0.007407407407407408
0 0.46380208333333334 0.4152777777777778 0.0109375 0.006481481481481481
0 0.771875 1.362962962962963 0.12083333333333333 0.05185185185185185
0 0.7283854166666667 1.2125 0.09635416666666667 0.09537037037037037
0 0.8921875 1.113888888888889 0.09583333333333334 0.08148148148148149
0 0.8583333333333333 1.049537037037037 0.08229166666666667 0.06574074074074074
0 0.6731770833333334 1.0412037037037036 0.0796875 0.06574074074074074
0 0.7901041666666667 0.9125 0.06458333333333334 0.05092592592592592
0 0.6330729166666667 0.8893518518518518 0.059895833333333336 0.04537037037037037
0 0.6153645833333333 0.8134259259259259 0.05572916666666667 0.03981481481481482
0 0.6736979166666667 0.6777777777777778 0.0390625 0.027777777777777776
0 0.65703125 0.6439814814814815 0.0359375 0.025
0 0.6401041666666667 0.6166666666666667 0.03229166666666667 0.022222222222222223
0 0.628125 0.587037037037037 0.029166666666666667 0.018518518518518517
0 0.6260416666666667 0.5791666666666667 0.029166666666666667 0.01574074074074074
0 0.6221354166666667 0.5731481481481482 0.024479166666666666 0.014814814814814815
0 0.6166666666666667 0.5652777777777778 0.029166666666666667 0.017592592592592594
0 0.5513020833333333 0.5736111111111111 0.0203125 0.021296296296296296
0 0.571875 0.5282407407407408 0.020833333333333332 0.017592592592592594
0 0.6106770833333334 0.5166666666666667 0.015104166666666667 0.016666666666666666
0 0.6497395833333334 0.5254629629629629 0.019270833333333334 0.013888888888888888
0 0.5903645833333333 0.525 0.0203125 0.012962962962962963
0 0.5854166666666667 0.5152777777777777 0.020833333333333332 0.013888888888888888
0 0.5861979166666667 0.5111111111111111 0.0171875 0.011111111111111112
0 0.5768229166666666 0.5032407407407408 0.022395833333333334 0.012037037037037037
0 0.5744791666666667 0.4976851851851852 0.016666666666666666 0.010185185185185186
0 0.56796875 0.487962962962963 0.016145833333333335 0.012962962962962963
0 0.5489583333333333 0.4962962962962963 0.011458333333333333 0.012962962962962963
0 0.55859375 0.48148148148148145 0.0171875 0.011111111111111112
0 0.55546875 0.475462962962963 0.013020833333333334 0.008333333333333333
0 0.55234375 0.4740740740740741 0.0140625 0.009259259259259259
0 0.5192708333333333 0.48055555555555557 0.01875 0.012962962962962963
0 0.5049479166666667 0.4634259259259259 0.015104166666666667 0.008333333333333333
0 0.48828125 0.44305555555555554 0.015104166666666667 0.010185185185185186
0 0.4825520833333333 0.43703703703703706 0.0140625 0.007407407407407408
0 0.515625 0.43796296296296294 0.011458333333333333 0.007407407407407408
0 0.52734375 0.44907407407407407 0.009895833333333333 0.007407407407407408
0 0.52734375 0.44675925925925924 0.011979166666666667 0.006481481481481481
0 0.5135416666666667 0.4361111111111111 0.013541666666666667 0.007407407407407408
