0 0.04635416666666667 0.6726851851851852 0.04479166666666667 0.1398148148148148
0 0.2682291666666667 0.7166666666666667 0.03229166666666667 0.12037037037037036
0 0.3143229166666667 0.7060185185185185 0.027604166666666666 0.11574074074074074
0 0.36666666666666664 0.6083333333333333 0.034375 0.13148148148148148
0 0.39869791666666665 0.775 0.027604166666666666 0.13703703703703704
0 0.44895833333333335 0.7587962962962963 0.03333333333333333 0.12685185185185185
0 0.4036458333333333 0.587037037037037 0.03125 0.12407407407407407
0 0.32473958333333336 0.5453703703703704 0.028645833333333332 0.1111111111111111
0 0.2838541666666667 0.5430555555555555 0.034375 0.11574074074074074
0 0.40677083333333336 0.40694444444444444 0.025 0.10277777777777777
0 0.4393229166666667 0.5773148148148148 0.0296875 0.12685185185185185
0 0.33359375 0.4162037037037037 0.0296875 0.10648148148148148
0 0.2981770833333333 0.3675925925925926 0.0265625 0.08888888888888889
0 0.33958333333333335 0.25555555555555554 0.021875 0.07962962962962963
0 0.3296875 0.024074074074074074 0.01875 0.04814814814814815
0 0.34713541666666664 0.1361111111111111 0.019270833333333334 0.07407407407407407
0 0.30703125 0.2601851851851852 0.0234375 0.08333333333333333
0 0.12760416666666666 0.3800925925925926 0.027083333333333334 0.09722222222222222
0 0.07786458333333333 0.26157407407407407 0.058854166666666666 0.04537037037037037
0 0.03619791666666667 0.48564814814814816 0.06197916666666667 0.05462962962962963
0 0.11901041666666666 0.11435185185185186 0.0515625 0.041666666666666664
0 0.5671875 0.03888888888888889 0.026041666666666668 0.05555555555555555
0 0.12135416666666667 0.08009259259259259 0.046875 0.041666666666666664
0 0.06822916666666666 0.3143518518518518 0.06041666666666667 0.041666666666666664
0 0.09088541666666666 0.22314814814814815 0.04635416666666667 0.05
0 0.09817708333333333 0.19305555555555556 0.05260416666666667 0.04722222222222222
0 0.13020833333333334 0.05138888888888889 0.04791666666666667 0.03796296296296296
0 0.140625 0.020370370370370372 0.04895833333333333 0.03888888888888889
0 0.6752604166666667 0.026851851851851852 0.0421875 0.037037037037037035
0 0.6979166666666666 0.11435185185185186 0.058333333333333334 0.04351851851851852
0 0.6901041666666666 0.08101851851851852 0.046875 0.028703703703703703
0 0.011979166666666667 0.8532407407407407 0.023958333333333335 0.1175925925925926
