4 0.08203125 0.3050925925925926 0.009895833333333333 0.01574074074074074
4 0.10260416666666666 0.3060185185185185 0.011458333333333333 0.017592592592592594
4 0.31666666666666665 0.34629629629629627 0.009375 0.011111111111111112
4 0.32526041666666666 0.26157407407407407 0.0046875 0.01574074074074074
4 0.3216145833333333 0.28425925925925927 0.005729166666666666 0.014814814814814815
4 0.31171875 0.23425925925925925 0.0078125 0.011111111111111112
4 0.31223958333333335 0.21296296296296297 0.009895833333333333 0.012962962962962963
4 0.31328125 0.2074074074074074 0.011979166666666667 0.011111111111111112
4 0.278125 0.17916666666666667 0.011458333333333333 0.010185185185185186
4 0.2799479166666667 0.1736111111111111 0.0109375 0.010185185185185186
4 0.2799479166666667 0.16898148148148148 0.0109375 0.010185185185185186
4 0.3020833333333333 0.15925925925925927 0.007291666666666667 0.011111111111111112
4 0.30546875 0.18518518518518517 0.005729166666666666 0.007407407407407408
4 0.3138020833333333 0.20185185185185187 0.011979166666666667 0.009259259259259259
4 0.315625 0.19537037037037036 0.010416666666666666 0.009259259259259259
4 0.31588541666666664 0.18888888888888888 0.011979166666666667 0.009259259259259259
4 0.31640625 0.18472222222222223 0.0109375 0.008333333333333333
4 0.3182291666666667 0.17962962962962964 0.011458333333333333 0.011111111111111112
4 0.4109375 0.12546296296296297 0.004166666666666667 0.012037037037037037
4 0.3880208333333333 0.20324074074074075 0.005208333333333333 0.01574074074074074
4 0.40286458333333336 0.2361111111111111 0.011979166666666667 0.009259259259259259
4 0.4166666666666667 0.33796296296296297 0.014583333333333334 0.011111111111111112
4 0.41692708333333334 0.32916666666666666 0.0140625 0.012037037037037037
4 0.41692708333333334 0.23703703703703705 0.009895833333333333 0.009259259259259259
4 0.41770833333333335 0.28935185185185186 0.009375 0.010185185185185186
4 0.41744791666666664 0.2953703703703704 0.0109375 0.011111111111111112
4 0.4171875 0.3037037037037037 0.008333333333333333 0.009259259259259259
4 0.41692708333333334 0.3111111111111111 0.011979166666666667 0.011111111111111112
4 0.45807291666666666 0.2050925925925926 0.005729166666666666 0.012037037037037037
4 0.38984375 0.18981481481481483 0.005729166666666666 0.011111111111111112
4 0.4359375 0.1875 0.004166666666666667 0.013888888888888888
4 0.50625 0.12685185185185185 0.005208333333333333 0.009259259259259259
4 0.5265625 0.11018518518518519 0.008333333333333333 0.007407407407407408
4 0.48489583333333336 0.021296296296296296 0.003125 0.007407407407407408
4 0.58359375 0.03425925925925926 0.009895833333333333 0.020370370370370372
4 0.5658854166666667 0.03333333333333333 0.005729166666666666 0.005555555555555556
4 0.55625 0.11388888888888889 0.007291666666666667 0.009259259259259259
4 0.5744791666666667 0.16574074074074074 0.005208333333333333 0.011111111111111112
4 0.5768229166666666 0.17777777777777778 0.0067708333333333336 0.014814814814814815
4 0.5682291666666667 0.18611111111111112 0.004166666666666667 0.012962962962962963
4 0.5864583333333333 0.2902777777777778 0.00625 0.01574074074074074
4 0.5924479166666666 0.26435185185185184 0.0067708333333333336 0.017592592592592594
4 0.5890625 0.3101851851851852 0.00625 0.020370370370370372
4 0.578125 0.24537037037037038 0.005208333333333333 0.020370370370370372
4 0.58984375 0.12962962962962962 0.013020833333333334 0.018518518518518517
4 0.51953125 0.399537037037037 0.0067708333333333336 0.019444444444444445
4 0.6046875 0.4097222222222222 0.007291666666666667 0.023148148148148147
4 0.60703125 0.4634259259259259 0.008854166666666666 0.021296296296296296
4 0.6158854166666666 0.4861111111111111 0.008854166666666666 0.020370370370370372
4 0.5958333333333333 0.4791666666666667 0.013541666666666667 0.013888888888888888
4 0.6010416666666667 0.4898148148148148 0.015625 0.014814814814814815
4 0.6065104166666667 0.500462962962963 0.0171875 0.01574074074074074
4 0.553125 0.5189814814814815 0.017708333333333333 0.013888888888888888
4 0.6072916666666667 0.5537037037037037 0.009375 0.024074074074074074
4 0.5606770833333333 0.575462962962963 0.018229166666666668 0.019444444444444445
4 0.6359375 0.44166666666666665 0.014583333333333334 0.011111111111111112
4 0.64453125 0.46805555555555556 0.018229166666666668 0.013888888888888888
4 0.6408854166666667 0.4546296296296296 0.0171875 0.009259259259259259
4 0.6489583333333333 0.5018518518518519 0.017708333333333333 0.022222222222222223
4 0.6463541666666667 0.5263888888888889 0.014583333333333334 0.023148148148148147
4 0.62109375 0.5777777777777777 0.018229166666666668 0.016666666666666666
4 0.64609375 0.4787037037037037 0.016145833333333335 0.012962962962962963
4 0.64140625 0.5314814814814814 0.015104166666666667 0.022222222222222223
4 0.5822916666666667 0.49166666666666664 0.010416666666666666 0.022222222222222223
4 0.5822916666666667 0.5787037037037037 0.01875 0.016666666666666666
4 0.5809895833333333 0.5652777777777778 0.015104166666666667 0.01574074074074074
4 0.5604166666666667 0.5625 0.01875 0.01574074074074074
4 0.5580729166666667 0.55 0.0171875 0.014814814814814815
4 0.5580729166666667 0.538425925925926 0.0171875 0.01574074074074074
4 0.5505208333333333 0.5064814814814815 0.014583333333333334 0.014814814814814815
4 0.55078125 0.4925925925925926 0.018229166666666668 0.014814814814814815
4 0.5731770833333333 0.5222222222222223 0.016145833333333335 0.016666666666666666
4 0.5768229166666666 0.5486111111111112 0.018229166666666668 0.01574074074074074
4 0.5747395833333333 0.5337962962962963 0.0171875 0.012037037037037037
4 0.57109375 0.5074074074074074 0.0203125 0.012962962962962963
4 0.6119791666666666 0.5310185185185186 0.013541666666666667 0.01574074074074074
4 0.6083333333333333 0.5185185185185185 0.014583333333333334 0.014814814814814815
4 0.6239583333333333 0.5916666666666667 0.01875 0.014814814814814815
4 0.6283854166666667 0.6189814814814815 0.0171875 0.01574074074074074
4 0.62734375 0.6050925925925926 0.0171875 0.01574074074074074
4 0.66484375 0.6143518518518518 0.018229166666666668 0.013888888888888888
4 0.6697916666666667 0.6314814814814815 0.019791666666666666 0.016666666666666666
4 0.6591145833333333 0.5967592592592592 0.0171875 0.025
4 0.6479166666666667 0.5856481481481481 0.013541666666666667 0.021296296296296296
4 0.6325520833333333 0.6333333333333333 0.019270833333333334 0.012962962962962963
4 0.5333333333333333 0.6231481481481481 0.011458333333333333 0.03333333333333333
4 0.67578125 0.649074074074074 0.019270833333333334 0.014814814814814815
4 0.6893229166666667 0.6912037037037037 0.024479166666666666 0.019444444444444445
4 0.6606770833333333 0.7523148148148148 0.0140625 0.03611111111111111
4 0.6846354166666667 0.6699074074074074 0.021354166666666667 0.017592592592592594
4 0.5390625 0.7064814814814815 0.010416666666666666 0.03148148148148148
4 0.5408854166666667 0.7583333333333333 0.011979166666666667 0.03518518518518519
4 0.5447916666666667 0.8046296296296296 0.011458333333333333 0.03888888888888889
4 0.5494791666666666 0.8453703703703703 0.01875 0.03148148148148148
4 0.64375 0.6773148148148148 0.01875 0.030555555555555555
4 0.6705729166666666 0.8037037037037037 0.016145833333333335 0.046296296296296294
4 0.6942708333333333 0.8648148148148148 0.016666666666666666 0.04259259259259259
4 0.6817708333333333 0.8564814814814815 0.015625 0.040740740740740744
4 0.4390625 0.4726851851851852 0.00625 0.025
4 0.38385416666666666 0.6365740740740741 0.01875 0.013888888888888888
4 0.40703125 0.6398148148148148 0.021354166666666667 0.020370370370370372
4 0.42552083333333335 0.6129629629629629 0.009375 0.025925925925925925
4 0.40572916666666664 0.5907407407407408 0.007291666666666667 0.025925925925925925
4 0.41875 0.5625 0.008333333333333333 0.026851851851851852
4 0.38046875 0.5615740740740741 0.0078125 0.025
4 0.4 0.5666666666666667 0.008333333333333333 0.027777777777777776
4 0.40859375 0.5643518518518519 0.0067708333333333336 0.023148148148148147
4 0.43359375 0.5722222222222222 0.0140625 0.016666666666666666
4 0.40546875 0.537962962962963 0.019270833333333334 0.012962962962962963
4 0.44296875 0.7902777777777777 0.0078125 0.03796296296296296
4 0.43046875 0.7486111111111111 0.008854166666666666 0.03611111111111111
4 0.41015625 0.7199074074074074 0.008854166666666666 0.03425925925925926
4 0.40625 0.774537037037037 0.009375 0.03611111111111111
4 0.39375 0.7722222222222223 0.010416666666666666 0.037037037037037035
4 0.38203125 0.8046296296296296 0.022395833333333334 0.020370370370370372
4 0.3768229166666667 0.7754629629629629 0.015104166666666667 0.032407407407407406
4 0.38177083333333334 0.6652777777777777 0.01875 0.017592592592592594
4 0.3734375 0.7111111111111111 0.019791666666666666 0.016666666666666666
4 0.4036458333333333 0.9064814814814814 0.011458333333333333 0.04259259259259259
4 0.23255208333333333 0.6319444444444444 0.013020833333333334 0.030555555555555555
4 0.24427083333333333 0.6703703703703704 0.010416666666666666 0.03518518518518519
4 0.24947916666666667 0.736574074074074 0.010416666666666666 0.028703703703703703
4 0.265625 0.5722222222222222 0.010416666666666666 0.025925925925925925
4 0.24010416666666667 0.5300925925925926 0.010416666666666666 0.028703703703703703
4 0.25859375 0.5337962962962963 0.008854166666666666 0.025
4 0.16041666666666668 0.5157407407407407 0.011458333333333333 0.022222222222222223
4 0.19921875 0.5203703703703704 0.011979166666666667 0.027777777777777776
4 0.20859375 0.5236111111111111 0.0109375 0.026851851851851852
4 0.10026041666666667 0.5125 0.015104166666666667 0.012037037037037037
4 0.134375 0.7180555555555556 0.0125 0.026851851851851852
4 0.14609375 0.725 0.015104166666666667 0.02962962962962963
4 0.10572916666666667 0.7180555555555556 0.010416666666666666 0.023148148148148147
4 0.09661458333333334 0.7125 0.011979166666666667 0.028703703703703703
4 0.08333333333333333 0.7134259259259259 0.015625 0.032407407407407406
4 0.05755208333333333 0.7060185185185185 0.015104166666666667 0.030555555555555555
4 0.04453125 0.6986111111111111 0.0140625 0.03425925925925926
