4 0.35520833333333335 0.5597222222222222 0.036458333333333336 0.09907407407407408
4 0.30442708333333335 0.5347222222222222 0.028645833333333332 0.10462962962962963
4 0.25859375 0.5375 0.03177083333333333 0.11018518518518519
4 0.07838541666666667 0.35555555555555557 0.0484375 0.044444444444444446
4 0.33098958333333334 0.2777777777777778 0.05364583333333333 0.04259259259259259
4 0.4401041666666667 0.34074074074074073 0.022916666666666665 0.07407407407407407
4 0.5138020833333333 0.19444444444444445 0.025520833333333333 0.06111111111111111
4 0.48880208333333336 0.287962962962963 0.0546875 0.040740740740740744
4 0.5328125 0.35185185185185186 0.027083333333333334 0.07407407407407407
4 0.40989583333333335 0.34074074074074073 0.026041666666666668 0.08148148148148149
4 0.3768229166666667 0.33796296296296297 0.024479166666666666 0.08333333333333333
4 0.47291666666666665 0.3537037037037037 0.025 0.07407407407407407
4 0.5049479166666667 0.3560185185185185 0.0265625 0.08425925925925926
