0 0.15833333333333333 0.5222222222222223 0.015625 0.037037037037037035
0 0.20260416666666667 0.3851851851851852 0.013541666666666667 0.020370370370370372
0 0.062239583333333334 0.41898148148148145 0.018229166666666668 0.023148148148148147
0 0.65625 0.4986111111111111 0.022916666666666665 0.032407407407407406
0 0.60625 0.5115740740740741 0.03333333333333333 0.021296296296296296
0 0.5734375 0.41064814814814815 0.021875 0.01574074074074074
0 0.5619791666666667 0.3990740740740741 0.015625 0.012962962962962963
0 0.54765625 0.41435185185185186 0.022395833333333334 0.01574074074074074
0 0.53984375 0.4023148148148148 0.018229166666666668 0.01574074074074074
0 0.5294270833333333 0.3907407407407407 0.0203125 0.016666666666666666
0 0.321875 0.2550925925925926 0.004166666666666667 0.008333333333333333
0 0.33619791666666665 0.23333333333333334 0.0036458333333333334 0.007407407407407408
0 0.32083333333333336 0.21898148148148147 0.003125 0.006481481481481481
0 0.31666666666666665 0.2 0.0020833333333333333 0.005555555555555556
0 0.32916666666666666 0.18981481481481483 0.003125 0.003703703703703704
0 0.321875 0.18194444444444444 0.003125 0.004629629629629629
0 0.3807291666666667 0.19583333333333333 0.004166666666666667 0.002777777777777778
0 0.3859375 0.20462962962962963 0.005208333333333333 0.005555555555555556
