4 0.10338541666666666 0.7703703703703704 0.12239583333333333 0.10555555555555556
4 0.16276041666666666 0.7027777777777777 0.13489583333333333 0.11851851851851852
4 0.21536458333333333 0.6018518518518519 0.0984375 0.09259259259259259
4 0.23854166666666668 0.5814814814814815 0.09479166666666666 0.07777777777777778
4 0.24895833333333334 0.5523148148148148 0.08125 0.06018518518518518
4 0.27708333333333335 0.5305555555555556 0.07395833333333333 0.06296296296296296
4 0.3072916666666667 0.4777777777777778 0.058333333333333334 0.053703703703703705
4 0.31354166666666666 0.4652777777777778 0.05 0.03425925925925926
4 0.3216145833333333 0.4527777777777778 0.05364583333333333 0.04259259259259259
4 0.41901041666666666 0.4393518518518518 0.033854166666666664 0.04537037037037037
4 0.3848958333333333 0.41805555555555557 0.025 0.03981481481481482
4 0.39348958333333334 0.33240740740740743 0.0078125 0.014814814814814815
4 0.3958333333333333 0.33055555555555555 0.010416666666666666 0.012962962962962963
4 0.40286458333333336 0.3175925925925926 0.0140625 0.012962962962962963
4 0.4510416666666667 0.33194444444444443 0.019791666666666666 0.017592592592592594
4 0.45651041666666664 0.31851851851851853 0.018229166666666668 0.016666666666666666
