0 0.3216145833333333 0.49398148148148147 0.009895833333333333 0.019444444444444445
0 0.31276041666666665 0.3421296296296296 0.009895833333333333 0.010185185185185186
0 0.33541666666666664 0.3143518518518518 0.005208333333333333 0.010185185185185186
0 0.24947916666666667 0.33240740740740743 0.00625 0.012962962962962963
0 0.23359375 0.33611111111111114 0.008854166666666666 0.007407407407407408
0 0.22604166666666667 0.33194444444444443 0.008333333333333333 0.010185185185185186
0 0.23489583333333333 0.3282407407407407 0.007291666666666667 0.010185185185185186
0 0.18932291666666667 0.30694444444444446 0.0109375 0.012037037037037037
0 0.20052083333333334 0.3087962962962963 0.011458333333333333 0.008333333333333333
0 0.34010416666666665 0.7199074074074074 0.009375 0.017592592592592594
