0 0.021875 0.38935185185185184 0.04375 0.075
0 0.15989583333333332 0.4074074074074074 0.06145833333333333 0.13518518518518519
0 0.21458333333333332 0.4050925925925926 0.051041666666666666 0.13425925925925927
0 0.26614583333333336 0.3939814814814815 0.053125 0.14166666666666666
0 0.28203125 0.513425925925926 0.1109375 0.08425925925925926
0 0.28229166666666666 0.6078703703703704 0.08958333333333333 0.08611111111111111
0 0.16354166666666667 0.6259259259259259 0.121875 0.08888888888888889
0 0.2708333333333333 0.7175925925925926 0.12708333333333333 0.08888888888888889
0 0.26875 0.9458333333333333 0.15 0.04722222222222222
0 0.09661458333333334 0.9611111111111111 0.15677083333333333 0.022222222222222223
0 0.61875 0.9226851851851852 0.17083333333333334 0.09907407407407408
0 0.6885416666666667 0.6814814814814815 0.08125 0.11296296296296296
0 0.67734375 0.5800925925925926 0.10364583333333334 0.09166666666666666
0 0.5010416666666667 0.375 0.0625 0.14629629629629629
0 0.64921875 0.3972222222222222 0.10260416666666666 0.08703703703703704
0 0.634375 0.3143518518518518 0.103125 0.0787037037037037
0 0.37526041666666665 0.2212962962962963 0.0796875 0.07037037037037037
