4 0.6020833333333333 0.03518518518518519 0.011458333333333333 0.018518518518518517
4 0.6346354166666667 0.16805555555555557 0.0453125 0.03425925925925926
4 0.5841145833333333 0.15833333333333333 0.025520833333333333 0.027777777777777776
4 0.5143229166666666 0.11018518518518519 0.015104166666666667 0.027777777777777776
4 0.51328125 0.13425925925925927 0.016145833333333335 0.027777777777777776
4 0.5138020833333333 0.15601851851851853 0.015104166666666667 0.028703703703703703
4 0.5091145833333334 0.17777777777777778 0.018229166666666668 0.03518518518518519
4 0.5419270833333333 0.17731481481481481 0.0171875 0.030555555555555555
4 0.49713541666666666 0.31203703703703706 0.024479166666666666 0.06296296296296296
4 0.6408854166666667 1.074537037037037 0.07447916666666667 0.2564814814814815
