0 0.18411458333333333 0.913425925925926 0.058854166666666666 0.05648148148148148
0 0.27239583333333334 0.7481481481481481 0.04791666666666667 0.05185185185185185
0 0.29635416666666664 0.7171296296296297 0.04375 0.04351851851851852
0 0.328125 0.6800925925925926 0.04583333333333333 0.04351851851851852
0 0.3333333333333333 0.6476851851851851 0.041666666666666664 0.03981481481481482
0 0.3515625 0.625462962962963 0.03958333333333333 0.03425925925925926
0 0.84296875 0.4 0.0328125 0.027777777777777776
0 0.4734375 0.30648148148148147 0.022916666666666665 0.018518518518518517
0 0.47317708333333336 0.2986111111111111 0.015104166666666667 0.01574074074074074
0 0.4825520833333333 0.2875 0.021354166666666667 0.019444444444444445
0 0.4890625 0.2796296296296296 0.017708333333333333 0.012962962962962963
0 0.49270833333333336 0.27546296296296297 0.01875 0.013888888888888888
0 0.49583333333333335 0.2652777777777778 0.016666666666666666 0.012037037037037037
0 0.5018229166666667 0.2611111111111111 0.015104166666666667 0.012962962962962963
0 0.50625 0.25416666666666665 0.016666666666666666 0.013888888888888888
0 0.6346354166666667 0.1865740740740741 0.0078125 0.010185185185185186
0 0.5966145833333333 0.1736111111111111 0.016145833333333335 0.012037037037037037
0 0.61875 0.16203703703703703 0.00625 0.011111111111111112
0 0.63515625 0.16342592592592592 0.005729166666666666 0.010185185185185186
0 0.64296875 0.16342592592592592 0.005729166666666666 0.012037037037037037
0 0.61171875 0.18564814814814815 0.0140625 0.010185185185185186
0 0.6119791666666666 0.1824074074074074 0.0125 0.012962962962962963
0 0.6122395833333333 0.17592592592592593 0.0140625 0.011111111111111112
0 0.59453125 0.18333333333333332 0.013020833333333334 0.011111111111111112
0 0.5958333333333333 0.17962962962962964 0.014583333333333334 0.009259259259259259
0 0.5330729166666667 0.20925925925925926 0.011979166666666667 0.011111111111111112
0 0.9263020833333333 0.3425925925925926 0.016145833333333335 0.022222222222222223
0 0.93671875 0.3194444444444444 0.028645833333333332 0.020370370370370372
0 0.9223958333333333 0.30092592592592593 0.022916666666666665 0.016666666666666666
0 0.7768229166666667 0.3111111111111111 0.021354166666666667 0.016666666666666666
0 0.7768229166666667 0.30185185185185187 0.0234375 0.018518518518518517
0 0.7697916666666667 0.27314814814814814 0.021875 0.016666666666666666
0 0.7627604166666667 0.25462962962962965 0.018229166666666668 0.014814814814814815
0 0.90625 0.7888888888888889 0.06354166666666666 0.05740740740740741
