0 0.2625 0.9453703703703704 0.025 0.053703703703703705
0 0.225 0.8824074074074074 0.028125 0.09444444444444444
0 0.271875 0.8625 0.026041666666666668 0.08981481481481482
0 0.32864583333333336 0.8467592592592592 0.029166666666666667 0.09907407407407408
0 0.23854166666666668 0.7550925925925925 0.03333333333333333 0.09907407407407408
0 0.2916666666666667 0.6199074074074075 0.020833333333333332 0.09537037037037037
0 0.07057291666666667 0.8361111111111111 0.05572916666666667 0.04259259259259259
0 0.17552083333333332 0.6814814814814815 0.041666666666666664 0.07777777777777778
0 0.18177083333333333 0.625462962962963 0.040625 0.08055555555555556
0 0.18880208333333334 0.5606481481481481 0.0390625 0.07685185185185185
0 0.09921875 0.6476851851851851 0.059895833333333336 0.05092592592592592
0 0.12239583333333333 0.4685185185185185 0.06041666666666667 0.04259259259259259
0 0.25729166666666664 0.5347222222222222 0.027083333333333334 0.08981481481481482
0 0.14010416666666667 0.34814814814814815 0.05416666666666667 0.046296296296296294
0 0.19427083333333334 0.42083333333333334 0.0375 0.07685185185185185
0 0.20885416666666667 0.3199074074074074 0.042708333333333334 0.08055555555555556
0 0.21380208333333334 0.26666666666666666 0.0390625 0.07222222222222222
0 0.22578125 0.2263888888888889 0.034895833333333334 0.06574074074074074
0 0.26666666666666666 0.4412037037037037 0.026041666666666668 0.0824074074074074
0 0.278125 0.34675925925925927 0.026041666666666668 0.07685185185185185
0 0.2838541666666667 0.25925925925925924 0.023958333333333335 0.08518518518518518
0 0.23776041666666667 0.06157407407407407 0.0296875 0.06018518518518518
0 0.23020833333333332 0.17592592592592593 0.0375 0.06851851851851852
