4 0.62109375 0.9032407407407408 0.0421875 0.04351851851851852
4 0.6135416666666667 0.8282407407407407 0.042708333333333334 0.06759259259259259
4 0.6096354166666667 0.7324074074074074 0.043229166666666666 0.040740740740740744
4 0.528125 0.4199074074074074 0.03854166666666667 0.05462962962962963
4 0.52734375 0.36342592592592593 0.03802083333333333 0.05092592592592592
4 0.5177083333333333 0.14444444444444443 0.03958333333333333 0.03148148148148148
4 0.515625 0.1111111111111111 0.0375 0.02962962962962963
4 0.55234375 0.038425925925925926 0.024479166666666666 0.0712962962962963
4 0.37395833333333334 0.40694444444444444 0.019791666666666666 0.0787037037037037
4 0.2791666666666667 0.1837962962962963 0.016666666666666666 0.06574074074074074
4 0.2747395833333333 0.37962962962962965 0.04114583333333333 0.03333333333333333
4 0.271875 0.4217592592592593 0.040625 0.030555555555555555
4 0.27291666666666664 0.45740740740740743 0.03958333333333333 0.03148148148148148
4 0.2747395833333333 0.49398148148148147 0.030729166666666665 0.030555555555555555
4 0.27369791666666665 0.5314814814814814 0.03697916666666667 0.02962962962962963
4 0.27578125 0.6060185185185185 0.04010416666666667 0.03425925925925926
4 0.27317708333333335 0.6518518518518519 0.04010416666666667 0.03518518518518519
4 0.2755208333333333 0.6939814814814815 0.03958333333333333 0.03425925925925926
4 0.275 0.7361111111111112 0.041666666666666664 0.03148148148148148
4 0.2760416666666667 0.7800925925925926 0.04375 0.03796296296296296
4 0.27369791666666665 0.8222222222222222 0.043229166666666666 0.03888888888888889
4 0.27395833333333336 0.8652777777777778 0.041666666666666664 0.03796296296296296
4 0.2752604166666667 0.9467592592592593 0.0453125 0.03796296296296296
