4 0.5580729166666667 0.7597222222222222 0.028645833333333332 0.05277777777777778
4 0.52890625 0.7064814814814815 0.030729166666666665 0.04814814814814815
4 0.46640625 0.700925925925926 0.025520833333333333 0.046296296296296294
4 0.49661458333333336 0.6513888888888889 0.0296875 0.04722222222222222
4 0.4315104166666667 0.6458333333333334 0.0265625 0.04351851851851852
4 0.46901041666666665 0.6018518518518519 0.025520833333333333 0.04259259259259259
4 0.38697916666666665 0.5578703703703703 0.022916666666666665 0.03981481481481482
4 0.36223958333333334 0.5138888888888888 0.0203125 0.03518518518518519
4 0.3885416666666667 0.46435185185185185 0.021875 0.03611111111111111
4 0.340625 0.47685185185185186 0.021875 0.03518518518518519
4 0.30364583333333334 0.4064814814814815 0.019791666666666666 0.037037037037037035
4 0.2825520833333333 0.35462962962962963 0.019270833333333334 0.03148148148148148
