0 0.33177083333333335 0.6185185185185185 0.0125 0.040740740740740744
0 0.3078125 0.6898148148148148 0.016666666666666666 0.046296296296296294
0 0.35651041666666666 0.46296296296296297 0.0109375 0.025925925925925925
0 0.36953125 0.38287037037037036 0.0109375 0.021296296296296296
0 0.40286458333333336 0.2439814814814815 0.0078125 0.021296296296296296
0 0.38385416666666666 0.20972222222222223 0.00625 0.013888888888888888
0 0.3807291666666667 0.1648148148148148 0.005208333333333333 0.011111111111111112
0 0.4231770833333333 0.1050925925925926 0.005729166666666666 0.013888888888888888
0 0.44453125 0.10231481481481482 0.0046875 0.012037037037037037
0 0.42630208333333336 0.0587962962962963 0.0046875 0.010185185185185186
0 0.39505208333333336 0.06944444444444445 0.0046875 0.009259259259259259
0 0.353125 0.014351851851851852 0.011458333333333333 0.008333333333333333
0 0.32526041666666666 0.003703703703703704 0.0109375 0.007407407407407408
0 0.359375 0.3625 0.010416666666666666 0.023148148148148147
0 0.41848958333333336 0.337037037037037 0.0203125 0.018518518518518517
0 0.4049479166666667 0.037037037037037035 0.011979166666666667 0.011111111111111112
0 0.4010416666666667 0.0763888888888889 0.004166666666666667 0.010185185185185186
0 0.415625 0.19027777777777777 0.005208333333333333 0.019444444444444445
0 0.375 0.002777777777777778 0.010416666666666666 0.005555555555555556
0 0.35989583333333336 0.010185185185185186 0.010416666666666666 0.009259259259259259
0 0.34036458333333336 0.002777777777777778 0.009895833333333333 0.005555555555555556
0 0.28046875 0.002777777777777778 0.009895833333333333 0.005555555555555556
0 0.584375 0.2662037037037037 0.008333333333333333 0.017592592592592594
0 0.5802083333333333 0.25324074074074077 0.009375 0.021296296296296296
0 0.5630208333333333 0.17546296296296296 0.00625 0.012037037037037037
0 0.5596354166666667 0.16435185185185186 0.008854166666666666 0.013888888888888888
