0 0.16901041666666666 0.5953703703703703 0.019270833333333334 0.040740740740740744
0 0.3484375 0.5569444444444445 0.016666666666666666 0.04722222222222222
0 0.31015625 0.38472222222222224 0.013020833333333334 0.023148148148148147
0 0.37994791666666666 0.2824074074074074 0.0109375 0.022222222222222223
0 0.45546875 0.487962962962963 0.013020833333333334 0.03333333333333333
0 0.45546875 0.3907407407407407 0.0109375 0.024074074074074074
0 0.6846354166666667 0.28379629629629627 0.019270833333333334 0.019444444444444445
0 0.5609375 0.18194444444444444 0.007291666666666667 0.012037037037037037
0 0.5716145833333334 0.16574074074074074 0.0067708333333333336 0.011111111111111112
0 0.57890625 0.1486111111111111 0.0067708333333333336 0.013888888888888888
0 0.3515625 0.19768518518518519 0.010416666666666666 0.013888888888888888
0 0.43515625 0.1550925925925926 0.0078125 0.012037037037037037
0 0.4765625 0.11018518518518519 0.007291666666666667 0.012962962962962963
0 0.4895833333333333 0.11666666666666667 0.007291666666666667 0.007407407407407408
0 0.5677083333333334 0.075 0.005208333333333333 0.007407407407407408
0 0.4479166666666667 0.11851851851851852 0.007291666666666667 0.009259259259259259
0 0.5278645833333333 0.10138888888888889 0.0078125 0.006481481481481481
0 0.5966145833333333 0.10972222222222222 0.0078125 0.008333333333333333
0 0.5919270833333333 0.06296296296296296 0.005729166666666666 0.007407407407407408
0 0.62890625 0.05694444444444444 0.0046875 0.008333333333333333
0 0.6234375 0.05277777777777778 0.004166666666666667 0.005555555555555556
0 0.5354166666666667 0.08194444444444444 0.007291666666666667 0.010185185185185186
