0 0.00625 0.09583333333333334 0.0125 0.010185185185185186
0 0.0067708333333333336 0.08611111111111111 0.013541666666666667 0.011111111111111112
0 0.009895833333333333 0.07546296296296297 0.0125 0.010185185185185186
0 0.01171875 0.06574074074074074 0.011979166666666667 0.011111111111111112
0 0.012760416666666666 0.05462962962962963 0.0109375 0.012962962962962963
0 0.01796875 0.1736111111111111 0.011979166666666667 0.010185185185185186
0 0.01328125 0.19537037037037036 0.013020833333333334 0.009259259259259259
0 0.014583333333333334 0.18472222222222223 0.011458333333333333 0.008333333333333333
0 0.0067708333333333336 0.22175925925925927 0.0125 0.010185185185185186
0 0.037760416666666664 0.15694444444444444 0.008854166666666666 0.019444444444444445
0 0.049479166666666664 0.15833333333333333 0.007291666666666667 0.018518518518518517
0 0.055989583333333336 0.1597222222222222 0.0078125 0.019444444444444445
0 0.0625 0.16018518518518518 0.008333333333333333 0.018518518518518517
0 0.06927083333333334 0.16296296296296298 0.007291666666666667 0.016666666666666666
0 0.07552083333333333 0.1638888888888889 0.008333333333333333 0.018518518518518517
0 0.08255208333333333 0.1648148148148148 0.0078125 0.018518518518518517
0 0.08958333333333333 0.16574074074074074 0.009375 0.018518518518518517
0 0.0953125 0.1675925925925926 0.007291666666666667 0.018518518518518517
0 0.10208333333333333 0.16898148148148148 0.008333333333333333 0.017592592592592594
0 0.005208333333333333 0.2351851851851852 0.010416666666666666 0.011111111111111112
0 0.004427083333333333 0.2462962962962963 0.008854166666666666 0.009259259259259259
0 0.0033854166666666668 0.2564814814814815 0.0067708333333333336 0.009259259259259259
0 0.22526041666666666 0.3472222222222222 0.016145833333333335 0.014814814814814815
0 0.0036458333333333334 0.5097222222222222 0.007291666666666667 0.012037037037037037
0 0.2046875 0.5592592592592592 0.020833333333333332 0.016666666666666666
0 0.31302083333333336 0.022685185185185187 0.00625 0.019444444444444445
0 0.31536458333333334 0.0060185185185185185 0.0046875 0.012037037037037037
0 0.32421875 0.2935185185185185 0.013020833333333334 0.014814814814814815
0 0.26510416666666664 0.538425925925926 0.009375 0.013888888888888888
0 0.42890625 0.2351851851851852 0.0109375 0.012962962962962963
0 0.465625 0.32546296296296295 0.0125 0.012037037037037037
0 0.4674479166666667 0.45185185185185184 0.013020833333333334 0.014814814814814815
0 0.51484375 0.34074074074074073 0.0140625 0.009259259259259259
0 0.6916666666666667 0.40185185185185185 0.017708333333333333 0.016666666666666666
