0 0.40963541666666664 0.6953703703703704 0.018229166666666668 0.037037037037037035
0 0.45651041666666664 0.6462962962962963 0.0171875 0.02962962962962963
0 0.4354166666666667 0.5731481481481482 0.011458333333333333 0.020370370370370372
0 0.43203125 0.5365740740740741 0.009895833333333333 0.01574074074074074
0 0.44244791666666666 0.4986111111111111 0.0078125 0.012037037037037037
0 0.50859375 0.5842592592592593 0.015104166666666667 0.018518518518518517
0 0.4940104166666667 0.5578703703703703 0.011979166666666667 0.017592592592592594
0 0.09817708333333333 0.6074074074074074 0.04114583333333333 0.022222222222222223
0 0.23984375 0.4935185185185185 0.019270833333333334 0.011111111111111112
0 0.30364583333333334 0.48935185185185187 0.016666666666666666 0.010185185185185186
0 0.3177083333333333 0.4925925925925926 0.01875 0.011111111111111112
0 0.340625 0.4935185185185185 0.01875 0.011111111111111112
0 0.3380208333333333 0.4842592592592593 0.014583333333333334 0.009259259259259259
0 0.4192708333333333 0.4398148148148148 0.004166666666666667 0.005555555555555556
0 0.43072916666666666 0.4337962962962963 0.005208333333333333 0.004629629629629629
0 0.41432291666666665 0.42083333333333334 0.0026041666666666665 0.002777777777777778
0 0.4125 0.4134259259259259 0.0020833333333333333 0.002777777777777778
0 0.4140625 0.4162037037037037 0.0020833333333333333 0.002777777777777778
0 0.011197916666666667 0.6782407407407407 0.022395833333333334 0.03796296296296296
