0 0.39140625 0.7625 0.016145833333333335 0.01574074074074074
0 0.37786458333333334 0.7569444444444444 0.019270833333333334 0.017592592592592594
0 0.2950520833333333 0.8810185185185185 0.015104166666666667 0.026851851851851852
0 0.18828125 0.961574074074074 0.015104166666666667 0.021296296296296296
0 0.14583333333333334 0.9495370370370371 0.01875 0.041666666666666664
0 0.08828125 0.8513888888888889 0.0140625 0.030555555555555555
0 0.18151041666666667 0.6680555555555555 0.0067708333333333336 0.012037037037037037
0 0.13880208333333333 0.6504629629629629 0.005729166666666666 0.012037037037037037
0 0.165625 0.5666666666666667 0.003125 0.007407407407407408
0 0.7213541666666666 0.6037037037037037 0.008333333333333333 0.007407407407407408
0 0.7270833333333333 0.6041666666666666 0.004166666666666667 0.004629629629629629
