0 0.35546875 0.5550925925925926 0.0515625 0.04722222222222222
0 0.38723958333333336 0.5185185185185185 0.04739583333333333 0.04814814814814815
0 0.41380208333333335 0.5277777777777778 0.05572916666666667 0.05740740740740741
0 0.5526041666666667 0.5259259259259259 0.03958333333333333 0.05185185185185185
0 0.5809895833333333 0.4935185185185185 0.034895833333333334 0.046296296296296294
0 0.846875 0.22824074074074074 0.011458333333333333 0.013888888888888888
0 0.8625 0.2625 0.014583333333333334 0.019444444444444445
0 0.86796875 0.2828703703703704 0.016145833333333335 0.021296296296296296
0 0.8731770833333333 0.3074074074074074 0.015104166666666667 0.024074074074074074
0 0.8736979166666666 0.35509259259259257 0.018229166666666668 0.026851851851851852
0 0.8713541666666667 0.37407407407407406 0.019791666666666666 0.03333333333333333
0 0.8234375 0.30648148148148147 0.015625 0.022222222222222223
0 0.81875 0.31666666666666665 0.013541666666666667 0.018518518518518517
0 0.8169270833333333 0.3388888888888889 0.0171875 0.025925925925925925
0 0.8122395833333333 0.3560185185185185 0.019270833333333334 0.026851851851851852
0 0.76953125 0.3888888888888889 0.04114583333333333 0.03148148148148148
0 0.75625 0.4041666666666667 0.042708333333333334 0.028703703703703703
0 0.7596354166666667 0.42083333333333334 0.0421875 0.03425925925925926
0 0.7778645833333333 0.45185185185185184 0.025520833333333333 0.040740740740740744
0 0.8638020833333333 0.47129629629629627 0.024479166666666666 0.037037037037037035
0 0.8502604166666666 0.5356481481481481 0.03177083333333333 0.05092592592592592
0 0.72734375 0.5782407407407407 0.0140625 0.025
0 0.47630208333333335 0.774074074074074 0.0734375 0.1037037037037037
0 0.35833333333333334 0.875462962962963 0.05625 0.13796296296296295
0 0.40130208333333334 0.9023148148148148 0.0828125 0.1287037037037037
0 0.24583333333333332 1.0208333333333333 0.10833333333333334 0.16018518518518518
0 0.31145833333333334 1.0532407407407407 0.10104166666666667 0.1712962962962963
0 0.68515625 0.4652777777777778 0.030729166666666665 0.041666666666666664
0 0.64375 0.5263888888888889 0.034375 0.07314814814814814
