4 0.159375 0.028703703703703703 0.020833333333333332 0.020370370370370372
4 0.20442708333333334 0.16064814814814815 0.011979166666666667 0.03611111111111111
4 0.20494791666666667 0.23796296296296296 0.0109375 0.037037037037037035
4 0.24140625 0.11898148148148148 0.019270833333333334 0.019444444444444445
4 0.2421875 0.15787037037037038 0.019791666666666666 0.017592592592592594
4 0.24348958333333334 0.1763888888888889 0.019270833333333334 0.01574074074074074
4 0.2421875 0.19675925925925927 0.020833333333333332 0.017592592592592594
4 0.24479166666666666 0.2152777777777778 0.020833333333333332 0.019444444444444445
4 0.24661458333333333 0.2490740740740741 0.019270833333333334 0.018518518518518517
4 0.24765625 0.2708333333333333 0.0171875 0.01574074074074074
4 0.29635416666666664 0.3314814814814815 0.009375 0.037037037037037035
4 0.2950520833333333 0.28379629629629627 0.008854166666666666 0.03796296296296296
4 0.25390625 0.3421296296296296 0.0203125 0.017592592592592594
4 0.2546875 0.3625 0.019791666666666666 0.017592592592592594
4 0.2578125 0.4050925925925926 0.016666666666666666 0.019444444444444445
4 0.2989583333333333 0.3851851851851852 0.009375 0.037037037037037035
4 0.23854166666666668 0.5763888888888888 0.019791666666666666 0.017592592592592594
4 0.27369791666666665 0.6101851851851852 0.018229166666666668 0.020370370370370372
4 0.3046875 0.6305555555555555 0.009375 0.037037037037037035
4 0.30885416666666665 0.7319444444444444 0.008333333333333333 0.03611111111111111
4 0.27682291666666664 0.7472222222222222 0.0109375 0.03148148148148148
4 0.3109375 0.7777777777777778 0.007291666666666667 0.03148148148148148
4 0.3109375 0.8199074074074074 0.007291666666666667 0.03611111111111111
4 0.31197916666666664 0.8611111111111112 0.009375 0.03888888888888889
4 0.27057291666666666 0.7847222222222222 0.021354166666666667 0.021296296296296296
4 0.24791666666666667 0.862037037037037 0.020833333333333332 0.024074074074074074
4 0.2546875 0.9 0.019791666666666666 0.022222222222222223
4 0.2591145833333333 0.9166666666666666 0.018229166666666668 0.024074074074074074
4 0.34791666666666665 0.9092592592592592 0.015625 0.014814814814814815
4 0.3651041666666667 0.8865740740740741 0.009375 0.030555555555555555
4 0.375 0.8865740740740741 0.011458333333333333 0.03611111111111111
4 0.38645833333333335 0.8828703703703704 0.010416666666666666 0.03796296296296296
4 0.42161458333333335 0.8189814814814815 0.008854166666666666 0.03611111111111111
4 0.40572916666666664 0.9625 0.008333333333333333 0.019444444444444445
4 0.39010416666666664 0.9606481481481481 0.009375 0.021296296296296296
4 0.4390625 0.7680555555555556 0.010416666666666666 0.03796296296296296
4 0.46458333333333335 0.7523148148148148 0.009375 0.03611111111111111
4 0.46145833333333336 0.6703703703703704 0.010416666666666666 0.03888888888888889
4 0.409375 0.6027777777777777 0.021875 0.025925925925925925
4 0.44192708333333336 0.5375 0.008854166666666666 0.030555555555555555
4 0.4440104166666667 0.4787037037037037 0.008854166666666666 0.03333333333333333
4 0.45729166666666665 0.41805555555555557 0.008333333333333333 0.030555555555555555
4 0.4518229166666667 0.3351851851851852 0.013020833333333334 0.037037037037037035
4 0.45260416666666664 0.2388888888888889 0.010416666666666666 0.037037037037037035
4 0.46770833333333334 0.21944444444444444 0.017708333333333333 0.022222222222222223
4 0.40677083333333336 0.2300925925925926 0.008333333333333333 0.028703703703703703
4 0.36640625 0.012962962962962963 0.019270833333333334 0.016666666666666666
4 0.42578125 0.037037037037037035 0.0109375 0.037037037037037035
4 0.44192708333333336 0.01574074074074074 0.011979166666666667 0.03148148148148148
4 0.44817708333333334 0.10138888888888889 0.0109375 0.03796296296296296
4 0.6380208333333334 0.9597222222222223 0.022916666666666665 0.017592592592592594
4 0.578125 0.9541666666666667 0.025 0.019444444444444445
