0 0.13177083333333334 0.4398148148148148 0.00625 0.007407407407407408
0 0.23671875 0.6078703703703704 0.011979166666666667 0.019444444444444445
0 0.21510416666666668 0.6175925925925926 0.014583333333333334 0.022222222222222223
0 0.15182291666666667 0.649537037037037 0.0140625 0.025
0 0.17291666666666666 0.6189814814814815 0.015625 0.021296296296296296
0 0.10598958333333333 0.725925925925926 0.021354166666666667 0.02962962962962963
0 0.2591145833333333 0.5597222222222222 0.011979166666666667 0.01574074074074074
0 0.12317708333333334 0.7 0.018229166666666668 0.024074074074074074
0 0.29583333333333334 0.47685185185185186 0.007291666666666667 0.012962962962962963
0 0.33958333333333335 0.4115740740740741 0.005208333333333333 0.008333333333333333
0 0.16302083333333334 0.8333333333333334 0.023958333333333335 0.037037037037037035
0 0.04583333333333333 0.8226851851851852 0.027083333333333334 0.03611111111111111
0 0.065625 0.7916666666666666 0.022916666666666665 0.03148148148148148
0 0.08567708333333333 0.4527777777777778 0.013020833333333334 0.009259259259259259
0 0.29322916666666665 0.6953703703703704 0.009375 0.022222222222222223
0 0.19322916666666667 0.5814814814814815 0.009375 0.016666666666666666
0 0.20703125 0.5578703703703703 0.0078125 0.017592592592592594
0 0.3653645833333333 0.4263888888888889 0.0046875 0.008333333333333333
0 0.7205729166666667 0.40555555555555556 0.0078125 0.007407407407407408
0 0.7026041666666667 0.4013888888888889 0.00625 0.006481481481481481
0 0.6971354166666667 0.4 0.0067708333333333336 0.007407407407407408
0 0.7221354166666667 0.4398148148148148 0.0109375 0.007407407407407408
0 0.7203125 0.4337962962962963 0.010416666666666666 0.006481481481481481
0 0.7919270833333333 0.4125 0.009895833333333333 0.006481481481481481
0 0.7033854166666667 0.39351851851851855 0.009895833333333333 0.007407407407407408
0 0.68828125 0.4111111111111111 0.009895833333333333 0.005555555555555556
0 0.36770833333333336 0.4166666666666667 0.005208333333333333 0.007407407407407408
0 0.36822916666666666 0.4125 0.004166666666666667 0.004629629629629629
0 0.36328125 0.3388888888888889 0.0026041666666666665 0.003703703703703704
0 0.35546875 0.32314814814814813 0.0026041666666666665 0.005555555555555556
