4 0.2981770833333333 0.011111111111111112 0.0109375 0.022222222222222223
4 0.3614583333333333 0.0375 0.0125 0.03425925925925926
4 0.36328125 0.12824074074074074 0.0140625 0.041666666666666664
4 0.41302083333333334 0.19537037037037036 0.015625 0.04259259259259259
4 0.29609375 0.14074074074074075 0.0140625 0.044444444444444446
4 0.29348958333333336 0.18611111111111112 0.016145833333333335 0.04814814814814815
4 0.2947916666666667 0.24074074074074073 0.014583333333333334 0.05
4 0.29296875 0.29907407407407405 0.0171875 0.05740740740740741
4 0.29244791666666664 0.35833333333333334 0.015104166666666667 0.05185185185185185
4 0.2203125 0.42824074074074076 0.04583333333333333 0.03611111111111111
4 0.17760416666666667 0.41944444444444445 0.03854166666666667 0.040740740740740744
4 0.2875 0.6125 0.020833333333333332 0.0787037037037037
4 0.2825520833333333 0.7175925925925926 0.022395833333333334 0.09259259259259259
4 0.28203125 0.9393518518518519 0.024479166666666666 0.06574074074074074
4 0.38515625 0.4828703703703704 0.021354166666666667 0.07314814814814814
4 0.37057291666666664 0.35138888888888886 0.0171875 0.05648148148148148
4 0.4083333333333333 0.3921296296296296 0.019791666666666666 0.05648148148148148
4 0.434375 0.44305555555555554 0.019791666666666666 0.058333333333333334
4 0.4296875 0.37546296296296294 0.019791666666666666 0.058333333333333334
4 0.6052083333333333 0.1388888888888889 0.026041666666666668 0.03888888888888889
4 0.621875 0.1388888888888889 0.020833333333333332 0.03518518518518519
4 0.6661458333333333 0.5388888888888889 0.029166666666666667 0.07222222222222222
4 0.7125 0.5361111111111111 0.03229166666666667 0.07222222222222222
4 0.6346354166666667 0.6777777777777778 0.049479166666666664 0.040740740740740744
4 0.6184895833333334 0.637962962962963 0.04739583333333333 0.037037037037037035
4 0.7010416666666667 0.7731481481481481 0.034375 0.08333333333333333
