0 0.17552083333333332 0.1824074074074074 0.003125 0.007407407407407408
0 0.13984375 0.2013888888888889 0.005729166666666666 0.006481481481481481
0 0.14895833333333333 0.19768518518518519 0.007291666666666667 0.004629629629629629
0 0.15234375 0.20092592592592592 0.005729166666666666 0.005555555555555556
0 0.15625 0.19722222222222222 0.00625 0.005555555555555556
0 0.20130208333333333 0.274537037037037 0.0036458333333333334 0.008333333333333333
0 0.22057291666666667 0.275 0.005729166666666666 0.011111111111111112
0 0.20546875 0.5981481481481481 0.0067708333333333336 0.018518518518518517
0 0.20364583333333333 0.6226851851851852 0.00625 0.019444444444444445
0 0.203125 0.6435185185185185 0.00625 0.020370370370370372
0 0.18932291666666667 0.6583333333333333 0.011979166666666667 0.016666666666666666
0 0.17604166666666668 0.6685185185185185 0.010416666666666666 0.016666666666666666
0 0.20364583333333333 0.6694444444444444 0.008333333333333333 0.022222222222222223
0 0.20885416666666667 0.6925925925925925 0.008333333333333333 0.020370370370370372
0 0.21067708333333332 0.7152777777777778 0.0067708333333333336 0.021296296296296296
0 0.21875 0.7550925925925925 0.008333333333333333 0.023148148148148147
0 0.22239583333333332 0.7814814814814814 0.008333333333333333 0.022222222222222223
0 0.22708333333333333 0.8087962962962963 0.008333333333333333 0.026851851851851852
0 0.23229166666666667 0.8430555555555556 0.008333333333333333 0.028703703703703703
0 0.23802083333333332 0.8824074074074074 0.008333333333333333 0.027777777777777776
0 0.16354166666666667 0.8768518518518519 0.016666666666666666 0.024074074074074074
0 0.18645833333333334 0.8625 0.016666666666666666 0.026851851851851852
0 0.2015625 0.8328703703703704 0.016666666666666666 0.023148148148148147
0 0.18697916666666667 0.8319444444444445 0.017708333333333333 0.025
0 0.5463541666666667 0.5671296296296297 0.011458333333333333 0.013888888888888888
0 0.11901041666666666 0.4648148148148148 0.005729166666666666 0.016666666666666666
0 0.12604166666666666 0.4634259259259259 0.005208333333333333 0.013888888888888888
0 0.1296875 0.49166666666666664 0.007291666666666667 0.016666666666666666
0 0.13697916666666668 0.49166666666666664 0.007291666666666667 0.016666666666666666
0 0.14375 0.4898148148148148 0.005208333333333333 0.014814814814814815
0 0.15208333333333332 0.4842592592592593 0.007291666666666667 0.016666666666666666
0 0.13515625 0.4597222222222222 0.005729166666666666 0.01574074074074074
0 0.14609375 0.4546296296296296 0.0046875 0.014814814814814815
0 0.15390625 0.4537037037037037 0.0067708333333333336 0.014814814814814815
0 0.1609375 0.45231481481481484 0.00625 0.01574074074074074
0 0.159375 0.48148148148148145 0.008333333333333333 0.016666666666666666
0 0.16770833333333332 0.44907407407407407 0.005208333333333333 0.014814814814814815
0 0.03567708333333333 0.31851851851851853 0.0109375 0.007407407407407408
0 0.03802083333333333 0.31342592592592594 0.011458333333333333 0.006481481481481481
0 0.040364583333333336 0.3087962962962963 0.0109375 0.006481481481481481
0 0.012239583333333333 0.3060185185185185 0.009895833333333333 0.01574074074074074
