4 0.18958333333333333 0.014814814814814815 0.030208333333333334 0.020370370370370372
4 0.23489583333333333 0.018518518518518517 0.026041666666666668 0.018518518518518517
4 0.24348958333333334 0.03194444444444444 0.028645833333333332 0.019444444444444445
4 0.3807291666666667 0.10185185185185185 0.030208333333333334 0.02962962962962963
4 0.31197916666666664 0.016666666666666666 0.025 0.016666666666666666
4 0.37395833333333334 0.01898148148148148 0.026041666666666668 0.01574074074074074
4 0.41432291666666665 0.1412037037037037 0.03802083333333333 0.032407407407407406
4 0.378125 0.03611111111111111 0.019791666666666666 0.016666666666666666
4 0.31223958333333335 0.03333333333333333 0.027604166666666666 0.018518518518518517
4 0.27890625 0.03287037037037037 0.0265625 0.019444444444444445
4 0.346875 0.03888888888888889 0.0125 0.016666666666666666
4 0.3919270833333333 0.041666666666666664 0.009895833333333333 0.011111111111111112
4 0.40598958333333335 0.040740740740740744 0.011979166666666667 0.011111111111111112
