0 0.26276041666666666 0.5731481481481482 0.05572916666666667 0.12777777777777777
0 0.22109375 0.537962962962963 0.05572916666666667 0.11296296296296296
0 0.5846354166666666 0.018055555555555554 0.0171875 0.03611111111111111
0 0.30807291666666664 0.08796296296296297 0.027604166666666666 0.037037037037037035
0 0.34453125 0.04351851851851852 0.021354166666666667 0.03148148148148148
0 0.36875 0.01898148148148148 0.01875 0.025
0 0.042708333333333334 0.2833333333333333 0.052083333333333336 0.037037037037037035
0 0.019791666666666666 0.3162037037037037 0.03958333333333333 0.04537037037037037
0 0.09817708333333333 0.16111111111111112 0.0421875 0.03148148148148148
0 0.38229166666666664 0.006481481481481481 0.013541666666666667 0.012962962962962963
