0 0.3875 0.5643518518518519 0.01875 0.028703703703703703
0 0.38229166666666664 0.46296296296296297 0.011458333333333333 0.024074074074074074
0 0.39505208333333336 0.4337962962962963 0.008854166666666666 0.017592592592592594
0 0.3828125 0.40324074074074073 0.007291666666666667 0.012037037037037037
0 0.37526041666666665 0.36944444444444446 0.008854166666666666 0.012962962962962963
0 0.3846354166666667 0.3592592592592593 0.008854166666666666 0.012962962962962963
0 0.37135416666666665 0.30324074074074076 0.008333333333333333 0.012037037037037037
0 0.35859375 0.2962962962962963 0.0067708333333333336 0.014814814814814815
0 0.35494791666666664 0.35833333333333334 0.0078125 0.014814814814814815
0 0.41458333333333336 0.9212962962962963 0.03125 0.09259259259259259
