0 0.08255208333333333 0.5995370370370371 0.0078125 0.006481481481481481
0 0.4317708333333333 0.5407407407407407 0.0010416666666666667 0.003703703703703704
0 0.428125 0.5472222222222223 0.0020833333333333333 0.003703703703703704
0 0.42552083333333335 0.5587962962962963 0.0020833333333333333 0.002777777777777778
0 0.43020833333333336 0.5611111111111111 0.0020833333333333333 0.003703703703703704
0 0.41432291666666665 0.5546296296296296 0.0026041666666666665 0.003703703703703704
0 0.4158854166666667 0.5574074074074075 0.0026041666666666665 0.003703703703703704
0 0.41432291666666665 0.5675925925925925 0.0046875 0.003703703703703704
0 0.434375 0.5611111111111111 0.005208333333333333 0.003703703703703704
0 0.4270833333333333 0.5824074074074074 0.003125 0.005555555555555556
0 0.43125 0.5648148148148148 0.0020833333333333333 0.003703703703703704
0 0.43854166666666666 0.5634259259259259 0.004166666666666667 0.004629629629629629
0 0.440625 0.5611111111111111 0.004166666666666667 0.003703703703703704
0 0.43854166666666666 0.5574074074074075 0.0020833333333333333 0.003703703703703704
0 0.43828125 0.5546296296296296 0.0015625 0.003703703703703704
0 0.43802083333333336 0.5518518518518518 0.0020833333333333333 0.003703703703703704
0 0.43359375 0.5726851851851852 0.0026041666666666665 0.004629629629629629
0 0.4401041666666667 0.5814814814814815 0.003125 0.005555555555555556
0 0.4359375 0.587037037037037 0.003125 0.005555555555555556
0 0.42083333333333334 0.5912037037037037 0.003125 0.004629629629629629
0 0.42083333333333334 0.5953703703703703 0.003125 0.005555555555555556
0 0.41119791666666666 0.5930555555555556 0.0067708333333333336 0.004629629629629629
0 0.4119791666666667 0.5958333333333333 0.00625 0.004629629629629629
0 0.40989583333333335 0.5986111111111111 0.00625 0.004629629629629629
0 0.41119791666666666 0.600462962962963 0.005729166666666666 0.004629629629629629
0 0.4119791666666667 0.6055555555555555 0.007291666666666667 0.005555555555555556
0 0.4127604166666667 0.6106481481481482 0.0078125 0.006481481481481481
0 0.4078125 0.6152777777777778 0.008333333333333333 0.006481481481481481
0 0.46171875 0.5685185185185185 0.0026041666666666665 0.005555555555555556
0 0.4609375 0.5648148148148148 0.003125 0.003703703703703704
0 0.4328125 0.6018518518518519 0.003125 0.007407407407407408
0 0.4348958333333333 0.5981481481481481 0.003125 0.005555555555555556
0 0.4375 0.6 0.003125 0.005555555555555556
0 0.44244791666666666 0.5995370370370371 0.0026041666666666665 0.006481481481481481
0 0.4432291666666667 0.6018518518518519 0.003125 0.005555555555555556
0 0.4434895833333333 0.6055555555555555 0.0036458333333333334 0.005555555555555556
0 0.4434895833333333 0.6175925925925926 0.0036458333333333334 0.007407407407407408
0 0.43411458333333336 0.6347222222222222 0.005729166666666666 0.008333333333333333
0 0.43697916666666664 0.6449074074074074 0.00625 0.008333333333333333
0 0.44609375 0.6421296296296296 0.0046875 0.006481481481481481
0 0.42682291666666666 0.675 0.005729166666666666 0.012962962962962963
0 0.43802083333333336 0.7013888888888888 0.005208333333333333 0.013888888888888888
0 0.46640625 0.6819444444444445 0.013020833333333334 0.010185185185185186
0 0.48098958333333336 0.6791666666666667 0.013020833333333334 0.008333333333333333
0 0.48098958333333336 0.6754629629629629 0.011979166666666667 0.008333333333333333
0 0.4783854166666667 0.6625 0.011979166666666667 0.008333333333333333
0 0.48046875 0.6671296296296296 0.011979166666666667 0.010185185185185186
0 0.46484375 0.6726851851851852 0.011979166666666667 0.008333333333333333
0 0.465625 0.6685185185185185 0.011458333333333333 0.009259259259259259
0 0.46484375 0.6648148148148149 0.011979166666666667 0.009259259259259259
0 0.4625 0.6541666666666667 0.010416666666666666 0.008333333333333333
0 0.46119791666666665 0.6513888888888889 0.0109375 0.008333333333333333
0 0.46067708333333335 0.638425925925926 0.0109375 0.008333333333333333
0 0.459375 0.6449074074074074 0.010416666666666666 0.008333333333333333
0 0.4596354166666667 0.6365740740740741 0.0109375 0.008333333333333333
0 0.4591145833333333 0.6356481481481482 0.0109375 0.008333333333333333
0 0.4596354166666667 0.6319444444444444 0.0109375 0.008333333333333333
0 0.45807291666666666 0.6300925925925925 0.0109375 0.008333333333333333
0 0.45989583333333334 0.6291666666666667 0.010416666666666666 0.008333333333333333
0 0.45755208333333336 0.6273148148148148 0.0109375 0.008333333333333333
0 0.45859375 0.624537037037037 0.0109375 0.008333333333333333
0 0.4549479166666667 0.6189814814814815 0.008854166666666666 0.006481481481481481
0 0.45546875 0.6143518518518518 0.008854166666666666 0.006481481481481481
0 0.45546875 0.611574074074074 0.008854166666666666 0.006481481481481481
0 0.4765625 0.6587962962962963 0.0125 0.008333333333333333
0 0.47604166666666664 0.6541666666666667 0.0125 0.008333333333333333
0 0.4752604166666667 0.6513888888888889 0.011979166666666667 0.008333333333333333
0 0.47421875 0.6458333333333334 0.011979166666666667 0.008333333333333333
0 0.47291666666666665 0.6439814814814815 0.0125 0.008333333333333333
0 0.47369791666666666 0.6449074074074074 0.011979166666666667 0.008333333333333333
0 0.47265625 0.6393518518518518 0.0109375 0.008333333333333333
0 0.4708333333333333 0.6287037037037037 0.010416666666666666 0.007407407407407408
0 0.4700520833333333 0.625462962962963 0.009895833333333333 0.006481481481481481
0 0.4703125 0.6273148148148148 0.010416666666666666 0.006481481481481481
0 0.46953125 0.6212962962962963 0.009895833333333333 0.005555555555555556
0 0.46953125 0.6199074074074075 0.0109375 0.008333333333333333
0 0.46848958333333335 0.6171296296296296 0.0109375 0.008333333333333333
0 0.46640625 0.6125 0.011979166666666667 0.008333333333333333
0 0.4674479166666667 0.6143518518518518 0.011979166666666667 0.008333333333333333
0 0.5192708333333333 0.6916666666666667 0.013541666666666667 0.011111111111111112
0 0.5192708333333333 0.687037037037037 0.013541666666666667 0.011111111111111112
0 0.5161458333333333 0.6824074074074075 0.013541666666666667 0.011111111111111112
0 0.5140625 0.6759259259259259 0.013541666666666667 0.011111111111111112
0 0.5130208333333334 0.6712962962962963 0.013541666666666667 0.011111111111111112
0 0.5114583333333333 0.6685185185185185 0.013541666666666667 0.011111111111111112
0 0.5104166666666666 0.6657407407407407 0.013541666666666667 0.011111111111111112
0 0.5083333333333333 0.6611111111111111 0.013541666666666667 0.011111111111111112
0 0.5072916666666667 0.6583333333333333 0.013541666666666667 0.011111111111111112
0 0.5041666666666667 0.6546296296296297 0.013541666666666667 0.011111111111111112
0 0.50234375 0.6481481481481481 0.011979166666666667 0.009259259259259259
0 0.49895833333333334 0.6444444444444445 0.011458333333333333 0.009259259259259259
0 0.5018229166666667 0.6416666666666667 0.011979166666666667 0.009259259259259259
0 0.5 0.6388888888888888 0.011458333333333333 0.009259259259259259
0 0.49921875 0.6361111111111111 0.011979166666666667 0.009259259259259259
0 0.49661458333333336 0.6328703703703704 0.0109375 0.010185185185185186
0 0.4953125 0.6300925925925925 0.010416666666666666 0.010185185185185186
0 0.4934895833333333 0.6273148148148148 0.0109375 0.010185185185185186
0 0.4934895833333333 0.6226851851851852 0.0109375 0.010185185185185186
0 0.49140625 0.6217592592592592 0.0109375 0.010185185185185186
0 0.4908854166666667 0.6189814814814815 0.0109375 0.010185185185185186
0 0.4869791666666667 0.611574074074074 0.010416666666666666 0.010185185185185186
0 0.48828125 0.6143518518518518 0.0109375 0.010185185185185186
0 0.4549479166666667 0.7143518518518519 0.005729166666666666 0.013888888888888888
0 0.44765625 0.7736111111111111 0.008854166666666666 0.01574074074074074
0 0.48385416666666664 0.7592592592592593 0.019791666666666666 0.012962962962962963
0 0.4830729166666667 0.7736111111111111 0.019270833333333334 0.013888888888888888
0 0.50625 0.8587962962962963 0.026041666666666668 0.017592592592592594
0 0.50859375 0.8740740740740741 0.0265625 0.018518518518518517
0 0.5091145833333334 0.8902777777777777 0.0265625 0.017592592592592594
0 0.5143229166666666 0.9064814814814814 0.0265625 0.022222222222222223
0 0.5268229166666667 0.8393518518518519 0.025520833333333333 0.019444444444444445
0 0.52109375 0.8277777777777777 0.021354166666666667 0.018518518518518517
0 0.5184895833333333 0.8185185185185185 0.021354166666666667 0.018518518518518517
0 0.5174479166666667 0.8069444444444445 0.021354166666666667 0.017592592592592594
0 0.5158854166666667 0.8013888888888889 0.021354166666666667 0.017592592592592594
0 0.5153645833333333 0.7930555555555555 0.021354166666666667 0.017592592592592594
0 0.5109375 0.7800925925925926 0.021875 0.017592592592592594
0 0.50859375 0.7717592592592593 0.021354166666666667 0.017592592592592594
0 0.5057291666666667 0.762962962962963 0.01875 0.016666666666666666
0 0.5020833333333333 0.7541666666666667 0.017708333333333333 0.01574074074074074
0 0.5505208333333333 0.7546296296296297 0.015625 0.014814814814814815
0 0.5572916666666666 0.7787037037037037 0.020833333333333332 0.016666666666666666
0 0.5864583333333333 0.8314814814814815 0.025 0.020370370370370372
0 0.5901041666666667 0.8462962962962963 0.025 0.020370370370370372
0 0.5955729166666667 0.8592592592592593 0.027604166666666666 0.020370370370370372
0 0.61875 0.9171296296296296 0.03333333333333333 0.025
0 0.6098958333333333 0.8967592592592593 0.03125 0.019444444444444445
0 0.60390625 0.8842592592592593 0.030729166666666665 0.018518518518518517
0 0.6296875 0.9462962962962963 0.03333333333333333 0.025925925925925925
0 0.6372395833333333 0.9648148148148148 0.0359375 0.014814814814814815
0 0.3963541666666667 0.9490740740740741 0.0125 0.040740740740740744
0 0.3848958333333333 0.8171296296296297 0.009375 0.025
0 0.38671875 0.6337962962962963 0.005729166666666666 0.008333333333333333
