4 0.2265625 0.7435185185185185 0.103125 0.06666666666666667
4 0.18151041666666667 0.5833333333333334 0.08697916666666666 0.05555555555555555
4 0.26119791666666664 0.3439814814814815 0.07447916666666667 0.05648148148148148
4 0.27239583333333334 0.2912037037037037 0.065625 0.049074074074074076
4 0.28619791666666666 0.12546296296296297 0.05260416666666667 0.03796296296296296
4 0.275 0.21203703703703702 0.058333333333333334 0.03518518518518519
4 0.4153645833333333 0.012037037037037037 0.016145833333333335 0.024074074074074074
4 0.6638020833333333 0.8842592592592593 0.10989583333333333 0.09444444444444444
4 0.6388020833333333 0.6930555555555555 0.09739583333333333 0.07685185185185185
4 0.61171875 0.600462962962963 0.0828125 0.07314814814814814
4 0.6013020833333333 0.524537037037037 0.08177083333333333 0.06574074074074074
4 0.6322916666666667 0.4041666666666667 0.052083333333333336 0.10833333333333334
4 0.5755208333333334 0.4125 0.071875 0.05277777777777778
4 0.50859375 0.13148148148148148 0.050520833333333334 0.040740740740740744
4 0.6760416666666667 0.38101851851851853 0.05416666666666667 0.09907407407407408
4 0.5924479166666666 0.4666666666666667 0.07864583333333333 0.05555555555555555
4 0.7096354166666666 0.6935185185185185 0.0390625 0.1574074074074074
4 0.7080729166666667 0.5064814814814815 0.0421875 0.1259259259259259
