0 0.22057291666666667 0.937962962962963 0.04114583333333333 0.06851851851851852
0 0.3338541666666667 0.9439814814814815 0.07291666666666667 0.05648148148148148
0 0.3372395833333333 0.8712962962962963 0.0640625 0.07222222222222222
0 0.3533854166666667 0.7925925925925926 0.06302083333333333 0.05555555555555555
0 0.24739583333333334 0.7555555555555555 0.036458333333333336 0.12037037037037036
0 0.3684895833333333 0.6814814814814815 0.059895833333333336 0.05555555555555555
0 0.37942708333333336 0.5555555555555556 0.059895833333333336 0.053703703703703705
0 0.403125 0.31203703703703706 0.05 0.04814814814814815
0 0.42604166666666665 0.09675925925925925 0.041666666666666664 0.03611111111111111
0 0.42682291666666666 0.07083333333333333 0.043229166666666666 0.030555555555555555
0 0.43072916666666666 0.04583333333333333 0.040625 0.03796296296296296
