0 0.12942708333333333 0.9601851851851851 0.0453125 0.024074074074074074
0 0.2984375 0.9564814814814815 0.01875 0.03148148148148148
0 0.3489583333333333 0.9532407407407407 0.01875 0.03796296296296296
0 0.13020833333333334 0.8541666666666666 0.040625 0.03425925925925926
0 0.21119791666666668 0.8893518518518518 0.019270833333333334 0.06944444444444445
0 0.20963541666666666 0.7662037037037037 0.03802083333333333 0.03425925925925926
0 0.13619791666666667 0.774537037037037 0.04114583333333333 0.030555555555555555
0 0.13697916666666668 0.6305555555555555 0.03958333333333333 0.040740740740740744
0 0.14244791666666667 0.5518518518518518 0.04114583333333333 0.03518518518518519
0 0.21614583333333334 0.6106481481481482 0.03854166666666667 0.032407407407407406
0 0.23177083333333334 0.3638888888888889 0.01875 0.06481481481481481
0 0.23541666666666666 0.29212962962962963 0.016666666666666666 0.06574074074074074
0 0.07890625 0.30787037037037035 0.0421875 0.032407407407407406
0 0.0796875 0.27361111111111114 0.042708333333333334 0.032407407407407406
0 0.13098958333333333 0.287962962962963 0.019270833333333334 0.06481481481481481
0 0.2359375 0.2111111111111111 0.01875 0.06851851851851852
0 0.16145833333333334 0.175 0.0375 0.03518518518518519
0 0.07369791666666667 0.18101851851851852 0.04010416666666667 0.03425925925925926
0 0.07161458333333333 0.1449074074074074 0.03802083333333333 0.026851851851851852
0 0.12708333333333333 0.1449074074074074 0.019791666666666666 0.062037037037037036
0 0.06302083333333333 0.06388888888888888 0.04479166666666667 0.037037037037037035
0 0.15859375 0.09490740740740741 0.0390625 0.03611111111111111
0 0.15989583333333332 0.058333333333333334 0.0375 0.03518518518518519
0 0.15833333333333333 0.022685185185185187 0.042708333333333334 0.03611111111111111
0 0.23776041666666667 0.053703703703703705 0.018229166666666668 0.06481481481481481
0 0.2359375 0.12685185185185185 0.017708333333333333 0.07222222222222222
0 0.5036458333333333 0.9282407407407407 0.03958333333333333 0.03425925925925926
0 0.43333333333333335 0.7148148148148148 0.01875 0.06481481481481481
0 0.43411458333333336 0.6365740740740741 0.015104166666666667 0.06018518518518518
0 0.4390625 0.5634259259259259 0.016666666666666666 0.06388888888888888
