4 0.28619791666666666 0.5351851851851852 0.05677083333333333 0.07222222222222222
4 0.18072916666666666 0.39861111111111114 0.036458333333333336 0.04351851851851852
4 0.058333333333333334 0.48657407407407405 0.036458333333333336 0.0712962962962963
4 0.18854166666666666 0.6287037037037037 0.05520833333333333 0.09814814814814815
4 0.13854166666666667 0.4236111111111111 0.035416666666666666 0.05462962962962963
4 0.10989583333333333 0.38055555555555554 0.030208333333333334 0.04259259259259259
4 0.06822916666666666 0.29074074074074074 0.022916666666666665 0.027777777777777776
4 0.06145833333333333 0.32731481481481484 0.021875 0.028703703703703703
4 0.034375 0.2518518518518518 0.020833333333333332 0.02962962962962963
4 0.03046875 0.6444444444444445 0.059895833333333336 0.11666666666666667
4 0.5419270833333333 0.3819444444444444 0.043229166666666666 0.05277777777777778
4 0.5075520833333333 0.3712962962962963 0.043229166666666666 0.05
4 0.5854166666666667 0.3402777777777778 0.03958333333333333 0.049074074074074076
4 0.6265625 0.31157407407407406 0.034375 0.03611111111111111
4 0.6682291666666667 0.31203703703703706 0.03229166666666667 0.03888888888888889
4 0.70625 0.22453703703703703 0.027083333333333334 0.026851851851851852
4 0.5643229166666667 0.3314814814814815 0.04010416666666667 0.04259259259259259
4 0.46536458333333336 0.29907407407407405 0.0328125 0.03148148148148148
4 0.41875 0.33055555555555555 0.04375 0.03333333333333333
4 0.4765625 0.30925925925925923 0.03333333333333333 0.03888888888888889
4 0.5294270833333333 0.27037037037037037 0.0265625 0.02962962962962963
4 0.4484375 0.29259259259259257 0.03333333333333333 0.03148148148148148
4 0.4361979166666667 0.28425925925925927 0.0328125 0.03148148148148148
4 0.51328125 0.26064814814814813 0.0265625 0.030555555555555555
4 0.50078125 0.2550925925925926 0.0265625 0.030555555555555555
4 0.6520833333333333 0.2518518518518518 0.01875 0.03333333333333333
4 0.3104166666666667 0.9356481481481481 0.06041666666666667 0.07314814814814814
