4 0.6098958333333333 0.9472222222222222 0.06666666666666667 0.05
4 0.5848958333333333 0.9013888888888889 0.06770833333333333 0.09166666666666666
4 0.55859375 0.8439814814814814 0.059895833333333336 0.075
4 0.5234375 0.7476851851851852 0.059375 0.062037037037037036
4 0.5028645833333333 0.7018518518518518 0.0546875 0.06481481481481481
4 0.4856770833333333 0.6620370370370371 0.05364583333333333 0.06296296296296296
4 0.459375 0.5699074074074074 0.051041666666666666 0.049074074074074076
4 0.36015625 0.475 0.04635416666666667 0.04814814814814815
4 0.40338541666666666 0.4532407407407407 0.043229166666666666 0.03981481481481482
4 0.38255208333333335 0.4078703703703704 0.0453125 0.03611111111111111
4 0.3763020833333333 0.3875 0.043229166666666666 0.03796296296296296
4 0.32135416666666666 0.2523148148148148 0.03125 0.028703703703703703
4 0.31614583333333335 0.2375 0.03229166666666667 0.023148148148148147
4 0.2877604166666667 0.1726851851851852 0.0296875 0.023148148148148147
4 0.28828125 0.14953703703703702 0.0265625 0.03425925925925926
4 0.28671875 0.07083333333333333 0.0234375 0.019444444444444445
4 0.2838541666666667 0.06157407407407407 0.022916666666666665 0.019444444444444445
4 0.25286458333333334 0.0962962962962963 0.0140625 0.025925925925925925
4 0.24609375 0.0824074074074074 0.0109375 0.020370370370370372
4 0.34010416666666665 0.7856481481481481 0.046875 0.11388888888888889
4 0.06901041666666667 0.8726851851851852 0.03697916666666667 0.12314814814814815
4 0.10703125 0.8342592592592593 0.03697916666666667 0.11481481481481481
4 0.1046875 0.3175925925925926 0.020833333333333332 0.04259259259259259
4 0.15833333333333333 0.03657407407407407 0.009375 0.023148148148148147
4 0.17526041666666667 0.047685185185185185 0.0109375 0.019444444444444445
4 0.17083333333333334 0.018055555555555554 0.011458333333333333 0.019444444444444445
