0 0.5388020833333333 0.4861111111111111 0.0140625 0.027777777777777776
0 0.7083333333333334 0.5342592592592592 0.034375 0.027777777777777776
0 0.6432291666666666 0.4976851851851852 0.034375 0.026851851851851852
0 0.64140625 0.5259259259259259 0.03177083333333333 0.03333333333333333
0 0.6427083333333333 0.5745370370370371 0.0375 0.028703703703703703
0 0.6497395833333334 0.6759259259259259 0.0453125 0.037037037037037035
0 0.6473958333333333 0.725462962962963 0.04583333333333333 0.03425925925925926
0 0.6489583333333333 0.7550925925925925 0.04791666666666667 0.03796296296296296
0 0.6609375 0.8166666666666667 0.06145833333333333 0.05185185185185185
0 0.6588541666666666 0.8486111111111111 0.059375 0.05277777777777778
0 0.784375 0.8393518518518519 0.05 0.05462962962962963
0 0.771875 0.7930555555555555 0.05 0.05648148148148148
0 0.7697916666666667 0.7541666666666667 0.04583333333333333 0.04537037037037037
0 0.7604166666666666 0.7055555555555556 0.036458333333333336 0.044444444444444446
0 0.74453125 0.6768518518518518 0.0359375 0.04259259259259259
0 0.72421875 0.6467592592592593 0.0390625 0.03981481481481482
0 0.71875 0.6171296296296296 0.041666666666666664 0.032407407407407406
0 0.87734375 0.9842592592592593 0.05677083333333333 0.025925925925925925
0 0.5864583333333333 0.1625 0.007291666666666667 0.012037037037037037
0 0.59921875 0.2569444444444444 0.008854166666666666 0.013888888888888888
