0 0.06901041666666667 0.3111111111111111 0.0203125 0.037037037037037035
0 0.10677083333333333 0.2759259259259259 0.016666666666666666 0.02962962962962963
0 0.09479166666666666 0.2523148148148148 0.015625 0.023148148148148147
0 0.0515625 0.2689814814814815 0.01875 0.025
0 0.07213541666666666 0.19537037037037036 0.013020833333333334 0.016666666666666666
0 0.15104166666666666 0.1962962962962963 0.010416666666666666 0.018518518518518517
0 0.12369791666666667 0.17685185185185184 0.008854166666666666 0.014814814814814815
0 0.14140625 0.16111111111111112 0.008854166666666666 0.014814814814814815
0 0.10859375 0.21342592592592594 0.013020833333333334 0.025
0 0.0859375 0.16944444444444445 0.009375 0.014814814814814815
0 0.11041666666666666 0.1486111111111111 0.00625 0.012037037037037037
0 0.12942708333333333 0.07685185185185185 0.0036458333333333334 0.007407407407407408
0 0.1328125 0.06620370370370371 0.004166666666666667 0.006481481481481481
0 0.14557291666666666 0.12268518518518519 0.0067708333333333336 0.010185185185185186
0 0.14635416666666667 0.10231481481481482 0.005208333333333333 0.010185185185185186
0 0.14765625 0.0875 0.0046875 0.008333333333333333
0 0.13932291666666666 0.08333333333333333 0.0046875 0.009259259259259259
0 0.13697916666666668 0.09305555555555556 0.005208333333333333 0.010185185185185186
0 0.15442708333333333 0.08287037037037037 0.0046875 0.008333333333333333
0 0.09453125 0.15648148148148147 0.009895833333333333 0.012962962962962963
0 0.10963541666666667 0.11898148148148148 0.0067708333333333336 0.012037037037037037
0 0.10546875 0.10555555555555556 0.005729166666666666 0.011111111111111112
0 0.325 0.3125 0.011458333333333333 0.025
0 0.2598958333333333 0.2462962962962963 0.008333333333333333 0.016666666666666666
0 0.3140625 0.2439814814814815 0.014583333333333334 0.021296296296296296
0 0.27421875 0.17962962962962964 0.005729166666666666 0.012962962962962963
0 0.28359375 0.18796296296296297 0.011979166666666667 0.009259259259259259
0 0.3151041666666667 0.2152777777777778 0.0125 0.012037037037037037
0 0.28463541666666664 0.19305555555555556 0.005729166666666666 0.012037037037037037
0 0.27786458333333336 0.18564814814814815 0.005729166666666666 0.010185185185185186
0 0.2526041666666667 0.15648148148148147 0.00625 0.009259259259259259
0 0.25546875 0.16018518518518518 0.005729166666666666 0.009259259259259259
0 0.25833333333333336 0.16203703703703703 0.007291666666666667 0.011111111111111112
0 0.26171875 0.1675925925925926 0.0078125 0.011111111111111112
0 0.225 0.12824074074074074 0.005208333333333333 0.006481481481481481
0 0.22005208333333334 0.12777777777777777 0.0036458333333333334 0.007407407407407408
0 0.21744791666666666 0.11990740740740741 0.0046875 0.006481481481481481
0 0.22109375 0.12175925925925926 0.0026041666666666665 0.006481481481481481
0 0.25234375 0.18333333333333332 0.005729166666666666 0.012962962962962963
0 0.28854166666666664 0.19953703703703704 0.007291666666666667 0.012037037037037037
0 0.26901041666666664 0.18333333333333332 0.0078125 0.012962962962962963
0 0.23828125 0.1439814814814815 0.005729166666666666 0.010185185185185186
0 0.234375 0.14027777777777778 0.005208333333333333 0.008333333333333333
0 0.23489583333333333 0.13703703703703704 0.005208333333333333 0.009259259259259259
0 0.22786458333333334 0.1310185185185185 0.005729166666666666 0.008333333333333333
0 0.22213541666666667 0.13564814814814816 0.0046875 0.008333333333333333
0 0.19010416666666666 0.10787037037037037 0.004166666666666667 0.008333333333333333
