0 0.029427083333333333 0.5259259259259259 0.058854166666666666 0.15555555555555556
0 0.05572916666666667 0.34675925925925927 0.05416666666666667 0.10648148148148148
0 0.10234375 0.26435185185185184 0.0515625 0.08981481481481482
0 0.14947916666666666 0.17037037037037037 0.042708333333333334 0.07037037037037037
0 0.17786458333333333 0.1162037037037037 0.0359375 0.05092592592592592
0 0.13932291666666666 0.03657407407407407 0.050520833333333334 0.028703703703703703
0 0.1515625 0.016666666666666666 0.04583333333333333 0.03333333333333333
0 0.23020833333333332 0.022222222222222223 0.01875 0.03518518518518519
0 0.32760416666666664 0.10833333333333334 0.027083333333333334 0.053703703703703705
0 0.39296875 0.031018518518518518 0.018229166666666668 0.03796296296296296
0 0.41484375 0.022222222222222223 0.019270833333333334 0.03148148148148148
0 0.415625 0.05 0.022916666666666665 0.03888888888888889
0 0.4192708333333333 0.08518518518518518 0.025 0.046296296296296294
0 0.4236979166666667 0.12685185185185185 0.0234375 0.044444444444444446
0 0.4453125 0.16527777777777777 0.06458333333333334 0.049074074074074076
0 0.39817708333333335 0.2361111111111111 0.0328125 0.07407407407407407
0 0.4390625 0.35462962962962963 0.0375 0.1
0 0.38307291666666665 0.42453703703703705 0.043229166666666666 0.11944444444444445
0 0.4375 0.4935185185185185 0.04791666666666667 0.13333333333333333
0 0.38229166666666664 0.5791666666666667 0.05416666666666667 0.17685185185185184
0 0.44192708333333336 0.7481481481481481 0.059895833333333336 0.22777777777777777
0 0.18828125 0.8138888888888889 0.09635416666666667 0.26481481481481484
