4 0.2721354166666667 0.6430555555555556 0.059895833333333336 0.11018518518518519
4 0.32734375 0.4666666666666667 0.027604166666666666 0.05
4 0.34427083333333336 0.3976851851851852 0.015625 0.026851851851851852
4 0.35104166666666664 0.36527777777777776 0.014583333333333334 0.021296296296296296
4 0.32890625 0.33564814814814814 0.015104166666666667 0.017592592592592594
4 0.34869791666666666 0.3458333333333333 0.0109375 0.01574074074074074
4 0.42864583333333334 0.37175925925925923 0.027083333333333334 0.01574074074074074
4 0.40911458333333334 0.3939814814814815 0.0171875 0.028703703703703703
4 0.4703125 0.36944444444444446 0.025 0.020370370370370372
4 0.5044270833333333 0.3685185185185185 0.0234375 0.016666666666666666
4 0.55 0.37083333333333335 0.025 0.021296296296296296
4 0.4734375 0.4527777777777778 0.05416666666666667 0.04259259259259259
4 0.5859375 0.6393518518518518 0.103125 0.08611111111111111
4 0.2677083333333333 0.46944444444444444 0.03125 0.04814814814814815
4 0.65625 0.9291666666666667 0.1375 0.08611111111111111
4 0.6434895833333333 0.8490740740740741 0.16302083333333334 0.12407407407407407
4 0.7013020833333333 0.5532407407407407 0.0421875 0.058333333333333334
