4 0.03463541666666667 0.1037037037037037 0.06927083333333334 0.06296296296296296
4 0.1515625 0.07175925925925926 0.06875 0.058333333333333334
4 0.4817708333333333 0.38981481481481484 0.07395833333333333 0.13148148148148148
4 0.3255208333333333 0.013888888888888888 0.029166666666666667 0.027777777777777776
4 0.48333333333333334 0.03333333333333333 0.028125 0.06666666666666667
4 0.5322916666666667 0.03148148148148148 0.03125 0.06296296296296296
4 0.6065104166666667 0.04027777777777778 0.03697916666666667 0.08055555555555556
4 0.6440104166666667 0.0375 0.03177083333333333 0.075
4 0.5166666666666667 0.18564814814814815 0.06041666666666667 0.06759259259259259
4 0.7127604166666667 0.03518518518518519 0.03177083333333333 0.053703703703703705
4 0.7125 0.09768518518518518 0.03333333333333333 0.06944444444444445
4 0.7010416666666667 0.15925925925925927 0.05625 0.06481481481481481
4 0.7026041666666667 0.22175925925925927 0.053125 0.06018518518518518
