0 0.5455729166666666 0.5564814814814815 0.0328125 0.09259259259259259
0 0.5791666666666667 0.4166666666666667 0.027083333333333334 0.06851851851851852
0 0.625 0.4217592592592593 0.03125 0.0712962962962963
0 0.5708333333333333 0.35138888888888886 0.01875 0.03981481481481482
0 0.603125 0.3384259259259259 0.025 0.04722222222222222
0 0.59609375 0.2884259259259259 0.019270833333333334 0.032407407407407406
0 0.5854166666666667 0.22685185185185186 0.014583333333333334 0.03148148148148148
0 0.46041666666666664 0.4041666666666667 0.027083333333333334 0.05462962962962963
0 0.34609375 0.5148148148148148 0.0671875 0.05185185185185185
0 0.26015625 0.4875 0.05677083333333333 0.04537037037037037
0 0.30104166666666665 0.4148148148148148 0.030208333333333334 0.05185185185185185
0 0.33307291666666666 0.41435185185185186 0.0265625 0.05092592592592592
0 0.36302083333333335 0.4046296296296296 0.020833333333333332 0.046296296296296294
0 0.4153645833333333 0.29212962962962963 0.03697916666666667 0.028703703703703703
0 0.046614583333333334 0.5444444444444444 0.06510416666666667 0.05925925925925926
0 0.23046875 0.5481481481481482 0.0609375 0.04814814814814815
0 0.20286458333333332 0.4699074074074074 0.049479166666666664 0.05462962962962963
0 0.6625 0.25787037037037036 0.019791666666666666 0.026851851851851852
0 0.42473958333333334 0.4083333333333333 0.021354166666666667 0.04814814814814815
0 0.5625 0.07546296296296297 0.00625 0.010185185185185186
0 0.55078125 0.07407407407407407 0.0046875 0.007407407407407408
0 0.58515625 0.08981481481481482 0.0067708333333333336 0.009259259259259259
0 0.6046875 0.11157407407407408 0.009375 0.012037037037037037
0 0.6125 0.11712962962962963 0.009375 0.013888888888888888
0 0.6135416666666667 0.12314814814814815 0.009375 0.012962962962962963
0 0.6171875 0.1300925925925926 0.009375 0.013888888888888888
0 0.6200520833333333 0.13657407407407407 0.0109375 0.013888888888888888
0 0.6283854166666667 0.14814814814814814 0.008854166666666666 0.016666666666666666
0 0.63125 0.15833333333333333 0.011458333333333333 0.014814814814814815
0 0.6361979166666667 0.1685185185185185 0.0109375 0.018518518518518517
0 0.6513020833333333 0.19675925925925927 0.015104166666666667 0.017592592592592594
0 0.6578125 0.20694444444444443 0.016666666666666666 0.021296296296296296
0 0.66484375 0.2222222222222222 0.016145833333333335 0.022222222222222223
0 0.659375 0.23703703703703705 0.01875 0.024074074074074074
0 0.6838541666666667 0.2638888888888889 0.023958333333333335 0.027777777777777776
0 0.6955729166666667 0.2851851851851852 0.0234375 0.02962962962962963
0 0.7151041666666667 0.32592592592592595 0.028125 0.03333333333333333
0 0.6940104166666666 0.22685185185185186 0.021354166666666667 0.025925925925925925
0 0.68671875 0.21064814814814814 0.015104166666666667 0.026851851851851852
0 0.6802083333333333 0.19907407407407407 0.014583333333333334 0.025925925925925925
0 0.6713541666666667 0.1912037037037037 0.016666666666666666 0.021296296296296296
0 0.659375 0.175 0.020833333333333332 0.018518518518518517
0 0.6502604166666667 0.1587962962962963 0.0203125 0.019444444444444445
0 0.6549479166666666 0.16620370370370371 0.019270833333333334 0.017592592592592594
0 0.6979166666666666 0.16527777777777777 0.022916666666666665 0.01574074074074074
0 0.7177083333333333 0.1884259259259259 0.021875 0.023148148148148147
0 0.7205729166666667 0.19537037037037036 0.0171875 0.022222222222222223
0 0.5333333333333333 0.1763888888888889 0.010416666666666666 0.025
0 0.53359375 0.11805555555555555 0.008854166666666666 0.017592592592592594
