0 0.0049479166666666664 0.005092592592592593 0.009895833333333333 0.010185185185185186
0 0.06614583333333333 0.2791666666666667 0.019791666666666666 0.019444444444444445
0 0.07552083333333333 0.1884259259259259 0.009375 0.013888888888888888
0 0.4328125 0.6023148148148149 0.028125 0.05277777777777778
0 0.4119791666666667 0.6185185185185185 0.026041666666666668 0.05555555555555555
0 0.38984375 0.6273148148148148 0.0265625 0.058333333333333334
0 0.45390625 0.5925925925925926 0.018229166666666668 0.044444444444444446
0 0.71015625 0.4273148148148148 0.019270833333333334 0.021296296296296296
0 0.6356770833333333 0.36435185185185187 0.019270833333333334 0.019444444444444445
0 0.45026041666666666 0.4375 0.030729166666666665 0.026851851851851852
0 0.3421875 0.4310185185185185 0.017708333333333333 0.03425925925925926
0 0.38255208333333335 0.4134259259259259 0.016145833333333335 0.032407407407407406
0 0.44114583333333335 0.41944444444444445 0.029166666666666667 0.024074074074074074
0 0.4309895833333333 0.32592592592592595 0.022395833333333334 0.016666666666666666
0 0.4010416666666667 0.33240740740740743 0.020833333333333332 0.018518518518518517
0 0.25416666666666665 0.37175925925925923 0.025 0.023148148148148147
0 0.17291666666666666 0.3680555555555556 0.027083333333333334 0.028703703703703703
0 0.171875 0.35694444444444445 0.027083333333333334 0.023148148148148147
0 0.3 0.3333333333333333 0.021875 0.020370370370370372
0 0.29791666666666666 0.32407407407407407 0.022916666666666665 0.018518518518518517
0 0.25078125 0.3296296296296296 0.022395833333333334 0.022222222222222223
0 0.24765625 0.32037037037037036 0.024479166666666666 0.018518518518518517
0 0.24635416666666668 0.3101851851851852 0.021875 0.014814814814814815
0 0.24270833333333333 0.30185185185185187 0.022916666666666665 0.018518518518518517
0 0.23958333333333334 0.2916666666666667 0.019791666666666666 0.016666666666666666
0 0.23645833333333333 0.2861111111111111 0.022916666666666665 0.018518518518518517
0 0.28229166666666666 0.28935185185185186 0.022916666666666665 0.017592592592592594
0 0.2908854166666667 0.3055555555555556 0.0234375 0.016666666666666666
0 0.26796875 0.33564814814814814 0.022395833333333334 0.023148148148148147
0 0.2765625 0.2740740740740741 0.019791666666666666 0.016666666666666666
0 0.26927083333333335 0.2638888888888889 0.017708333333333333 0.014814814814814815
0 0.28359375 0.21805555555555556 0.0109375 0.019444444444444445
0 0.27786458333333336 0.20555555555555555 0.008854166666666666 0.014814814814814815
0 0.22265625 0.23703703703703705 0.019270833333333334 0.014814814814814815
0 0.21901041666666668 0.22777777777777777 0.018229166666666668 0.012962962962962963
0 0.21588541666666666 0.22083333333333333 0.0171875 0.01574074074074074
0 0.22447916666666667 0.2462962962962963 0.01875 0.014814814814814815
0 0.17239583333333333 0.15694444444444444 0.009375 0.012037037037037037
