0 0.97734375 0.6763888888888889 0.044270833333333336 0.05462962962962963
0 1.0236979166666667 0.8430555555555556 0.0359375 0.06574074074074074
0 0.8622395833333333 1.2555555555555555 0.1421875 0.1425925925925926
0 0.7596354166666667 0.9023148148148148 0.09427083333333333 0.07314814814814814
0 0.6325520833333333 1.325 0.14739583333333334 0.12777777777777777
0 0.4484375 1.224074074074074 0.09583333333333334 0.18888888888888888
0 0.58984375 0.6328703703703704 0.06197916666666667 0.04722222222222222
0 0.6161458333333333 0.4615740740740741 0.034375 0.032407407407407406
0 0.5466145833333333 0.46944444444444444 0.04739583333333333 0.03333333333333333
0 0.4861979166666667 0.4162037037037037 0.018229166666666668 0.032407407407407406
0 0.5075520833333333 0.7300925925925926 0.034895833333333334 0.08981481481481482
0 0.19713541666666667 1.2486111111111111 0.07239583333333334 0.21574074074074073
0 0.24166666666666667 0.9888888888888889 0.059375 0.14814814814814814
0 0.2796875 0.7935185185185185 0.046875 0.1
0 0.28229166666666666 0.3314814814814815 0.028125 0.016666666666666666
0 0.3216145833333333 0.325 0.025520833333333333 0.016666666666666666
0 0.4583333333333333 0.3023148148148148 0.01875 0.013888888888888888
0 0.4046875 0.3125 0.023958333333333335 0.019444444444444445
