0 0.16458333333333333 0.8893518518518518 0.07291666666666667 0.16574074074074074
0 0.43385416666666665 0.7625 0.05520833333333333 0.1527777777777778
0 0.465625 0.5981481481481481 0.04479166666666667 0.12037037037037036
0 0.23515625 0.6888888888888889 0.05364583333333333 0.11666666666666667
0 0.28515625 0.5370370370370371 0.05260416666666667 0.10925925925925926
0 0.2828125 0.44907407407407407 0.06041666666666667 0.1
0 0.5567708333333333 0.5143518518518518 0.084375 0.0712962962962963
0 0.55234375 0.33287037037037037 0.059895833333333336 0.09351851851851851
0 0.540625 0.23194444444444445 0.0375 0.0824074074074074
0 0.5515625 0.16435185185185186 0.030208333333333334 0.07314814814814814
0 0.2604166666666667 0.31203703703703706 0.06041666666666667 0.06666666666666667
0 0.19765625 0.2708333333333333 0.059895833333333336 0.062037037037037036
0 0.14947916666666666 0.10324074074074074 0.034375 0.06018518518518518
0 0.21328125 0.17777777777777778 0.0578125 0.06296296296296296
0 0.27057291666666666 0.21944444444444444 0.0546875 0.05925925925925926
0 0.33151041666666664 0.25277777777777777 0.06510416666666667 0.06296296296296296
0 0.36640625 0.22962962962962963 0.05572916666666667 0.04814814814814815
0 0.39791666666666664 0.20601851851851852 0.052083333333333336 0.06388888888888888
0 0.41744791666666664 0.15694444444444444 0.059895833333333336 0.04722222222222222
0 0.43072916666666666 0.11851851851851852 0.052083333333333336 0.04814814814814815
0 0.584375 0.06018518518518518 0.0375 0.06111111111111111
0 0.45026041666666666 0.05277777777777778 0.0484375 0.046296296296296294
0 0.46197916666666666 0.025925925925925925 0.04375 0.044444444444444446
