4 0.23125 0.43194444444444446 0.035416666666666666 0.025
4 0.23723958333333334 0.41712962962962963 0.034895833333333334 0.019444444444444445
4 0.48515625 0.7078703703703704 0.0265625 0.06944444444444445
4 0.52734375 0.6731481481481482 0.021354166666666667 0.06111111111111111
4 0.5518229166666667 0.7013888888888888 0.021354166666666667 0.06388888888888888
4 0.584375 0.6833333333333333 0.021875 0.06296296296296296
4 0.5236979166666667 0.6101851851851852 0.0171875 0.04814814814814815
4 0.58046875 0.612037037037037 0.018229166666666668 0.05740740740740741
4 0.5265625 0.5444444444444444 0.016666666666666666 0.044444444444444446
4 0.5276041666666667 0.4930555555555556 0.016666666666666666 0.04351851851851852
4 0.5729166666666666 0.45092592592592595 0.014583333333333334 0.044444444444444446
4 0.5276041666666667 0.4513888888888889 0.015625 0.04351851851851852
4 0.5489583333333333 0.45231481481481484 0.015625 0.03981481481481482
4 0.5481770833333334 0.4074074074074074 0.015104166666666667 0.03518518518518519
4 0.5088541666666667 0.4064814814814815 0.013541666666666667 0.03333333333333333
4 0.52578125 0.4064814814814815 0.013020833333333334 0.03148148148148148
4 0.5286458333333334 0.37037037037037035 0.013541666666666667 0.037037037037037035
4 0.53125 0.3398148148148148 0.010416666666666666 0.027777777777777776
4 0.5489583333333333 0.34675925925925927 0.0125 0.032407407407407406
4 0.546875 0.2884259259259259 0.0125 0.025
4 0.5848958333333333 0.2708333333333333 0.0125 0.023148148148148147
4 0.5302083333333333 0.07824074074074074 0.008333333333333333 0.013888888888888888
