0 0.2828125 0.5300925925925926 0.026041666666666668 0.07314814814814814
0 0.42526041666666664 0.5171296296296296 0.0265625 0.08425925925925926
0 0.31197916666666664 0.16018518518518518 0.01875 0.046296296296296294
0 0.4125 0.2652777777777778 0.017708333333333333 0.05648148148148148
0 0.40677083333333336 0.14074074074074075 0.015625 0.046296296296296294
0 0.3807291666666667 0.040740740740740744 0.014583333333333334 0.03333333333333333
0 0.4005208333333333 0.016203703703703703 0.013541666666666667 0.030555555555555555
0 0.37786458333333334 0.14351851851851852 0.0171875 0.04814814814814815
0 0.50703125 0.4759259259259259 0.018229166666666668 0.05740740740740741
0 0.5588541666666667 0.6162037037037037 0.028125 0.0787037037037037
0 0.5513020833333333 0.6888888888888889 0.0328125 0.07962962962962963
0 0.6395833333333333 0.4597222222222222 0.03333333333333333 0.05648148148148148
0 0.21744791666666666 0.5356481481481481 0.025520833333333333 0.062037037037037036
0 0.23671875 0.40185185185185185 0.0203125 0.04814814814814815
0 0.09088541666666666 0.05 0.0171875 0.020370370370370372
0 0.039322916666666666 0.10833333333333334 0.015104166666666667 0.020370370370370372
0 0.054427083333333334 0.09953703703703703 0.016145833333333335 0.023148148148148147
0 0.06875 0.09074074074074075 0.015625 0.022222222222222223
0 0.12604166666666666 0.05138888888888889 0.01875 0.021296296296296296
0 0.14010416666666667 0.044444444444444446 0.017708333333333333 0.022222222222222223
0 0.15052083333333333 0.03518518518518519 0.021875 0.020370370370370372
0 0.13567708333333334 0.007407407407407408 0.011979166666666667 0.014814814814814815
0 0.15 0.008333333333333333 0.010416666666666666 0.016666666666666666
0 0.0984375 0.009722222222222222 0.011458333333333333 0.019444444444444445
0 0.08645833333333333 0.009722222222222222 0.009375 0.019444444444444445
0 0.0265625 0.03796296296296296 0.026041666666666668 0.020370370370370372
0 0.01640625 0.049074074074074076 0.025520833333333333 0.018518518518518517
0 0.005989583333333334 0.07546296296296297 0.011979166666666667 0.01574074074074074
0 0.1796875 0.16898148148148148 0.014583333333333334 0.032407407407407406
0 0.24244791666666668 0.08148148148148149 0.025520833333333333 0.022222222222222223
0 0.17213541666666668 0.2013888888888889 0.019270833333333334 0.03425925925925926
0 0.38776041666666666 0.6875 0.0296875 0.0824074074074074
0 0.50078125 0.41388888888888886 0.018229166666666668 0.05740740740740741
0 0.4817708333333333 0.2625 0.014583333333333334 0.04537037037037037
0 0.475 0.2199074074074074 0.016666666666666666 0.03796296296296296
0 0.4546875 0.0712962962962963 0.013541666666666667 0.03888888888888889
0 0.4518229166666667 0.041666666666666664 0.0109375 0.02962962962962963
0 0.5786458333333333 0.10185185185185185 0.015625 0.03333333333333333
0 0.5703125 0.0763888888888889 0.015625 0.028703703703703703
0 0.540625 0.027777777777777776 0.0125 0.02962962962962963
0 0.7041666666666667 0.06712962962962964 0.016666666666666666 0.025
0 0.6833333333333333 0.02175925925925926 0.016666666666666666 0.030555555555555555
0 0.6708333333333333 0.020370370370370372 0.016666666666666666 0.022222222222222223
0 0.6591145833333333 0.013425925925925926 0.0140625 0.023148148148148147
0 0.7122395833333334 0.053703703703703705 0.0140625 0.020370370370370372
0 0.7182291666666667 0.07314814814814814 0.017708333333333333 0.02962962962962963
0 0.7184895833333333 0.1087962962962963 0.0140625 0.032407407407407406
0 0.7236979166666667 0.05787037037037037 0.0109375 0.021296296296296296
0 0.44869791666666664 0.018518518518518517 0.0140625 0.025925925925925925
