4 0.521875 0.8523148148148149 0.078125 0.19722222222222222
4 0.11432291666666666 0.9111111111111111 0.0953125 0.11666666666666667
4 0.22734375 0.725 0.10052083333333334 0.17222222222222222
4 0.51875 0.6662037037037037 0.11770833333333333 0.13240740740740742
4 0.23567708333333334 0.5986111111111111 0.10364583333333334 0.13055555555555556
4 0.21875 0.43148148148148147 0.09270833333333334 0.1
4 0.6643229166666667 0.7199074074074074 0.1234375 0.10277777777777777
4 0.6447916666666667 0.5041666666666667 0.09270833333333334 0.11388888888888889
4 0.62109375 0.38935185185185184 0.04635416666666667 0.10833333333333334
4 0.628125 0.32685185185185184 0.04583333333333333 0.08518518518518518
4 0.6588541666666666 0.23564814814814813 0.036458333333333336 0.06944444444444445
4 0.3302083333333333 0.387037037037037 0.08645833333333333 0.08148148148148149
4 0.2520833333333333 0.3486111111111111 0.06875 0.0824074074074074
4 0.18411458333333333 0.2962962962962963 0.06927083333333334 0.06851851851851852
4 0.11015625 0.22916666666666666 0.03697916666666667 0.06574074074074074
4 0.37864583333333335 0.36898148148148147 0.071875 0.06388888888888888
4 0.42135416666666664 0.3523148148148148 0.07083333333333333 0.06759259259259259
4 0.44973958333333336 0.3101851851851852 0.07552083333333333 0.06481481481481481
4 0.47109375 0.26944444444444443 0.0703125 0.05740740740740741
4 0.49322916666666666 0.2199074074074074 0.059375 0.049074074074074076
4 0.6666666666666666 0.1865740740740741 0.04791666666666667 0.05277777777777778
4 0.6765625 0.14722222222222223 0.03229166666666667 0.06851851851851852
4 0.659375 0.06574074074074074 0.035416666666666666 0.05185185185185185
4 0.7075520833333333 0.09537037037037037 0.0421875 0.04814814814814815
4 0.5052083333333334 0.19675925925925927 0.053125 0.049074074074074076
4 0.5174479166666667 0.18009259259259258 0.049479166666666664 0.058333333333333334
4 0.5268229166666667 0.1638888888888889 0.044270833333333336 0.05
4 0.5421875 0.15092592592592594 0.05416666666666667 0.046296296296296294
4 0.5518229166666667 0.12916666666666668 0.05260416666666667 0.03796296296296296
4 0.5614583333333333 0.10787037037037037 0.046875 0.03425925925925926
4 0.5747395833333333 0.09166666666666666 0.04739583333333333 0.040740740740740744
4 0.5875 0.06018518518518518 0.041666666666666664 0.037037037037037035
4 0.6109375 0.033796296296296297 0.03854166666666667 0.032407407407407406
4 0.7184895833333333 0.04490740740740741 0.021354166666666667 0.03981481481481482
