0 0.27317708333333335 0.6180555555555556 0.018229166666666668 0.03796296296296296
0 0.3515625 0.48194444444444445 0.016666666666666666 0.032407407407407406
0 0.35520833333333335 0.736574074074074 0.021875 0.021296296296296296
0 0.35989583333333336 0.5939814814814814 0.016666666666666666 0.028703703703703703
0 0.3890625 0.5347222222222222 0.015625 0.03425925925925926
0 0.39765625 0.3486111111111111 0.009895833333333333 0.032407407407407406
0 0.48333333333333334 0.22037037037037038 0.019791666666666666 0.020370370370370372
0 0.5393229166666667 0.19583333333333333 0.0171875 0.021296296296296296
0 0.5559895833333334 0.2162037037037037 0.018229166666666668 0.019444444444444445
0 0.6427083333333333 0.4152777777777778 0.019791666666666666 0.026851851851851852
0 0.6684895833333333 0.44722222222222224 0.0203125 0.03148148148148148
0 0.67890625 0.4310185185185185 0.021354166666666667 0.030555555555555555
0 0.6434895833333333 0.38842592592592595 0.0203125 0.030555555555555555
0 0.6549479166666666 0.37916666666666665 0.019270833333333334 0.03425925925925926
0 0.5861979166666667 0.15925925925925927 0.015104166666666667 0.025925925925925925
0 0.6401041666666667 0.1712962962962963 0.009375 0.02962962962962963
0 0.6268229166666667 0.12083333333333333 0.013020833333333334 0.025
0 0.6065104166666667 0.08148148148148149 0.013020833333333334 0.02962962962962963
0 0.40859375 0.46296296296296297 0.019270833333333334 0.03148148148148148
0 0.41432291666666665 0.4912037037037037 0.0171875 0.03425925925925926
0 0.42552083333333335 0.5027777777777778 0.013541666666666667 0.025925925925925925
0 0.20833333333333334 0.6898148148148148 0.020833333333333332 0.04259259259259259
0 0.17916666666666667 0.7476851851851852 0.022916666666666665 0.03796296296296296
0 0.17317708333333334 0.8333333333333334 0.0203125 0.040740740740740744
0 0.05755208333333333 0.1476851851851852 0.0171875 0.025
0 0.2953125 0.0625 0.017708333333333333 0.028703703703703703
0 0.31744791666666666 0.04398148148148148 0.0140625 0.021296296296296296
0 0.34453125 0.08055555555555556 0.015104166666666667 0.027777777777777776
0 0.37786458333333334 0.1259259259259259 0.0171875 0.025925925925925925
0 0.3296875 0.27314814814814814 0.016666666666666666 0.027777777777777776
0 0.3143229166666667 0.2967592592592593 0.019270833333333334 0.026851851851851852
0 0.265625 0.37777777777777777 0.017708333333333333 0.025925925925925925
0 0.3072916666666667 0.3111111111111111 0.017708333333333333 0.02962962962962963
0 0.2911458333333333 0.337037037037037 0.017708333333333333 0.027777777777777776
0 0.28359375 0.350462962962963 0.015104166666666667 0.025
0 0.25703125 0.3939814814814815 0.0171875 0.028703703703703703
0 0.2747395833333333 0.36527777777777776 0.019270833333333334 0.026851851851851852
0 0.29973958333333334 0.3226851851851852 0.0171875 0.028703703703703703
0 0.284375 0.2726851851851852 0.017708333333333333 0.030555555555555555
0 0.23723958333333334 0.3509259259259259 0.018229166666666668 0.03148148148148148
0 0.19895833333333332 0.4134259259259259 0.0125 0.026851851851851852
0 0.21875 0.38101851851851853 0.019791666666666666 0.028703703703703703
0 0.15286458333333333 0.48333333333333334 0.019270833333333334 0.03333333333333333
0 0.17473958333333334 0.4486111111111111 0.0171875 0.028703703703703703
0 0.2453125 0.1875 0.015625 0.025
0 0.2359375 0.17453703703703705 0.01875 0.026851851851851852
0 0.23046875 0.1638888888888889 0.015104166666666667 0.018518518518518517
0 0.225 0.15601851851851853 0.0125 0.028703703703703703
0 0.3260416666666667 0.010185185185185186 0.014583333333333334 0.020370370370370372
0 0.35520833333333335 0.04537037037037037 0.016666666666666666 0.024074074074074074
0 0.37161458333333336 0.09398148148148149 0.0171875 0.026851851851851852
0 0.3971354166666667 0.12453703703703704 0.0171875 0.026851851851851852
0 0.4015625 0.15833333333333333 0.016666666666666666 0.027777777777777776
0 0.446875 0.18425925925925926 0.019791666666666666 0.025925925925925925
0 0.3921875 0.09212962962962963 0.017708333333333333 0.025
0 0.41640625 0.06944444444444445 0.0171875 0.022222222222222223
0 0.41041666666666665 0.04259259259259259 0.015625 0.022222222222222223
0 0.43385416666666665 0.03287037037037037 0.017708333333333333 0.025
0 0.5184895833333333 0.04351851851851852 0.013020833333333334 0.024074074074074074
0 0.5684895833333333 0.08888888888888889 0.0140625 0.025925925925925925
0 0.57890625 0.10462962962962963 0.016145833333333335 0.03148148148148148
0 0.58984375 0.11712962962962963 0.015104166666666667 0.028703703703703703
0 0.6018229166666667 0.05787037037037037 0.015104166666666667 0.030555555555555555
0 0.5966145833333333 0.03564814814814815 0.0140625 0.026851851851851852
0 0.61953125 0.021296296296296296 0.0140625 0.025925925925925925
0 0.63828125 0.01898148148148148 0.0140625 0.026851851851851852
0 0.58203125 0.028703703703703703 0.0109375 0.025925925925925925
0 0.6932291666666667 0.08425925925925926 0.013541666666666667 0.022222222222222223
0 0.5981770833333333 0.005555555555555556 0.008854166666666666 0.011111111111111112
0 0.1234375 0.8939814814814815 0.026041666666666668 0.04722222222222222
0 0.11041666666666666 0.5949074074074074 0.020833333333333332 0.03425925925925926
0 0.26119791666666664 0.5902777777777778 0.019270833333333334 0.03796296296296296
0 0.23541666666666666 0.6412037037037037 0.020833333333333332 0.03796296296296296
0 0.00703125 0.7194444444444444 0.0140625 0.03333333333333333
0 0.054947916666666666 0.9597222222222223 0.021354166666666667 0.023148148148148147
0 0.09661458333333334 0.8796296296296297 0.025520833333333333 0.016666666666666666
