4 0.37057291666666664 0.8870370370370371 0.07447916666666667 0.17037037037037037
4 0.6630208333333333 0.5958333333333333 0.121875 0.09537037037037037
4 0.39791666666666664 0.5986111111111111 0.07916666666666666 0.12314814814814815
4 0.38567708333333334 0.4935185185185185 0.044270833333333336 0.09814814814814815
4 0.6315104166666666 0.5254629629629629 0.11614583333333334 0.08611111111111111
4 0.6192708333333333 0.4648148148148148 0.109375 0.07407407407407407
4 0.6265625 0.4375 0.08020833333333334 0.062037037037037036
4 0.6515625 0.4060185185185185 0.09479166666666666 0.0712962962962963
4 0.6731770833333334 0.350462962962963 0.0796875 0.06574074074074074
4 0.57421875 0.29444444444444445 0.03697916666666667 0.06296296296296296
4 0.53828125 0.28055555555555556 0.044270833333333336 0.053703703703703705
4 0.34713541666666664 0.4166666666666667 0.0828125 0.08148148148148149
4 0.32760416666666664 0.31805555555555554 0.071875 0.058333333333333334
4 0.3885416666666667 0.2861111111111111 0.03229166666666667 0.06111111111111111
4 0.38723958333333336 0.24768518518518517 0.027604166666666666 0.049074074074074076
4 0.38723958333333336 0.21203703703703702 0.027604166666666666 0.037037037037037035
4 0.3770833333333333 0.16435185185185186 0.019791666666666666 0.026851851851851852
4 0.3692708333333333 0.13333333333333333 0.016666666666666666 0.02962962962962963
4 0.36796875 0.11527777777777778 0.0140625 0.019444444444444445
4 0.37421875 0.08796296296296297 0.016145833333333335 0.027777777777777776
4 0.3494791666666667 0.01990740740740741 0.011458333333333333 0.019444444444444445
4 0.36666666666666664 0.02962962962962963 0.0125 0.018518518518518517
4 0.38671875 0.044444444444444446 0.013020833333333334 0.020370370370370372
4 0.43828125 0.22083333333333333 0.027604166666666666 0.06388888888888888
4 0.44244791666666666 0.09490740740740741 0.0171875 0.025
4 0.44817708333333334 0.11296296296296296 0.0234375 0.027777777777777776
4 0.46458333333333335 0.1310185185185185 0.020833333333333332 0.032407407407407406
4 0.47317708333333336 0.1439814814814815 0.021354166666666667 0.026851851851851852
4 0.48098958333333336 0.16435185185185186 0.024479166666666666 0.03425925925925926
4 0.49609375 0.1865740740740741 0.025520833333333333 0.03425925925925926
4 0.51015625 0.2111111111111111 0.028645833333333332 0.046296296296296294
4 0.521875 0.24074074074074073 0.03333333333333333 0.04259259259259259
4 0.36484375 0.10462962962962963 0.015104166666666667 0.020370370370370372
4 0.13619791666666667 0.2388888888888889 0.0515625 0.04259259259259259
4 0.6901041666666666 0.7638888888888888 0.078125 0.11666666666666667
