0 0.365625 0.7101851851851851 0.015625 0.037037037037037035
0 0.37864583333333335 0.6847222222222222 0.014583333333333334 0.05092592592592592
0 0.5244791666666667 0.48055555555555557 0.014583333333333334 0.037037037037037035
0 0.49114583333333334 0.49907407407407406 0.017708333333333333 0.03888888888888889
0 0.5153645833333333 0.2962962962962963 0.0171875 0.03148148148148148
0 0.3796875 0.12268518518518519 0.013541666666666667 0.028703703703703703
0 0.38828125 0.24583333333333332 0.013020833333333334 0.03425925925925926
0 0.4010416666666667 0.3333333333333333 0.015625 0.03888888888888889
0 0.38359375 0.3819444444444444 0.016145833333333335 0.03981481481481482
0 0.35625 0.5111111111111111 0.013541666666666667 0.046296296296296294
0 0.3372395833333333 0.47175925925925927 0.016145833333333335 0.04351851851851852
0 0.3380208333333333 0.5291666666666667 0.014583333333333334 0.04722222222222222
0 0.30859375 0.5356481481481481 0.0171875 0.049074074074074076
0 0.2903645833333333 0.6268518518518519 0.016145833333333335 0.046296296296296294
0 0.22916666666666666 0.6305555555555555 0.01875 0.05
0 0.2552083333333333 0.5796296296296296 0.017708333333333333 0.046296296296296294
0 0.15651041666666668 0.056018518518518516 0.009895833333333333 0.028703703703703703
0 0.15104166666666666 0.10972222222222222 0.011458333333333333 0.026851851851851852
0 0.14427083333333332 0.16018518518518518 0.011458333333333333 0.02962962962962963
0 0.1359375 0.20787037037037037 0.013541666666666667 0.032407407407407406
0 0.12994791666666666 0.2523148148148148 0.013020833333333334 0.03425925925925926
0 0.10208333333333333 0.38055555555555554 0.017708333333333333 0.03518518518518519
0 0.08802083333333334 0.4310185185185185 0.01875 0.03981481481481482
0 0.06875 0.5041666666666667 0.019791666666666666 0.04351851851851852
