0 0.32109375 0.06898148148148148 0.0171875 0.06944444444444445
0 0.32083333333333336 0.2310185185185185 0.01875 0.075
0 0.4317708333333333 0.30416666666666664 0.019791666666666666 0.0712962962962963
0 0.32083333333333336 0.4337962962962963 0.019791666666666666 0.06759259259259259
0 0.3229166666666667 0.3277777777777778 0.020833333333333332 0.07407407407407407
0 0.40911458333333334 0.5217592592592593 0.024479166666666666 0.08611111111111111
0 0.4578125 0.525 0.021875 0.07962962962962963
0 0.46380208333333334 0.6171296296296296 0.022395833333333334 0.08425925925925926
0 0.32005208333333335 0.6546296296296297 0.0203125 0.08703703703703704
0 0.3177083333333333 0.7648148148148148 0.023958333333333335 0.09074074074074075
0 0.475 0.825925925925926 0.029166666666666667 0.10740740740740741
0 0.32005208333333335 0.9097222222222222 0.0234375 0.10092592592592593
