0 0.34765625 0.9175925925925926 0.04010416666666667 0.10925925925925926
0 0.38203125 0.899537037037037 0.0421875 0.12685185185185185
0 0.42916666666666664 0.8851851851851852 0.042708333333333334 0.13703703703703704
0 0.46979166666666666 0.9064814814814814 0.04479166666666667 0.13148148148148148
0 0.4875 0.7467592592592592 0.0375 0.11388888888888889
0 0.44973958333333336 0.7185185185185186 0.0359375 0.10185185185185185
0 0.4140625 0.7398148148148148 0.03125 0.09074074074074075
0 0.4427083333333333 0.6296296296296297 0.030208333333333334 0.07222222222222222
0 0.5106770833333333 0.5939814814814814 0.033854166666666664 0.08796296296296297
0 0.4859375 0.5587962962962963 0.028125 0.07314814814814814
0 0.5010416666666667 0.45185185185185184 0.023958333333333335 0.05555555555555555
0 0.5536458333333333 0.25787037037037036 0.017708333333333333 0.03981481481481482
0 0.6104166666666667 0.13564814814814816 0.013541666666666667 0.025
0 0.57734375 0.13935185185185187 0.011979166666666667 0.023148148148148147
0 0.5614583333333333 0.14027777777777778 0.010416666666666666 0.021296296296296296
0 0.5591145833333333 0.10925925925925926 0.009895833333333333 0.018518518518518517
0 0.5708333333333333 0.09722222222222222 0.009375 0.024074074074074074
0 0.5768229166666666 0.056018518518518516 0.0078125 0.017592592592592594
0 0.5638020833333334 0.05324074074074074 0.0067708333333333336 0.01574074074074074
0 0.5880208333333333 0.01574074074074074 0.00625 0.014814814814814815
0 0.5838541666666667 0.01990740740740741 0.00625 0.013888888888888888
0 0.5736979166666667 0.03148148148148148 0.0067708333333333336 0.012962962962962963
0 0.5708333333333333 0.027314814814814816 0.005208333333333333 0.012037037037037037
0 0.5796875 0.014351851851851852 0.005208333333333333 0.012037037037037037
0 0.5440104166666667 0.07546296296296297 0.0109375 0.013888888888888888
0 0.559375 0.022222222222222223 0.007291666666666667 0.009259259259259259
0 0.5609375 0.018055555555555554 0.00625 0.008333333333333333
0 0.56171875 0.016203703703703703 0.0078125 0.006481481481481481
0 0.5622395833333333 0.013425925925925926 0.0078125 0.006481481481481481
0 0.5630208333333333 0.010185185185185186 0.007291666666666667 0.003703703703703704
0 0.5635416666666667 0.009259259259259259 0.00625 0.005555555555555556
0 0.56484375 0.0060185185185185185 0.0067708333333333336 0.004629629629629629
0 0.521875 0.1527777777777778 0.014583333333333334 0.018518518518518517
0 0.5143229166666666 0.1287037037037037 0.0067708333333333336 0.011111111111111112
0 0.5322916666666667 0.07685185185185185 0.00625 0.009259259259259259
0 0.46171875 0.3226851851851852 0.013020833333333334 0.028703703703703703
0 0.4505208333333333 0.33564814814814814 0.0125 0.030555555555555555
0 0.4390625 0.3458333333333333 0.0125 0.028703703703703703
0 0.3763020833333333 0.4666666666666667 0.019270833333333334 0.024074074074074074
0 0.3697916666666667 0.4847222222222222 0.019791666666666666 0.023148148148148147
0 0.321875 0.5449074074074074 0.019791666666666666 0.026851851851851852
0 0.31197916666666664 0.5509259259259259 0.011458333333333333 0.02962962962962963
0 0.290625 0.5726851851851852 0.011458333333333333 0.028703703703703703
0 0.28151041666666665 0.5824074074074074 0.0109375 0.02962962962962963
0 0.27291666666666664 0.5912037037037037 0.009375 0.025
0 0.26328125 0.6032407407407407 0.0109375 0.026851851851851852
0 0.15703125 0.7041666666666667 0.0067708333333333336 0.012037037037037037
0 0.15807291666666667 0.6962962962962963 0.0078125 0.009259259259259259
0 0.14453125 0.6949074074074074 0.0067708333333333336 0.010185185185185186
0 0.13776041666666666 0.6856481481481481 0.0046875 0.008333333333333333
0 0.0140625 0.8865740740740741 0.007291666666666667 0.013888888888888888
0 0.023958333333333335 0.8625 0.00625 0.012037037037037037
0 0.029947916666666668 0.8462962962962963 0.005729166666666666 0.011111111111111112
0 0.032552083333333336 0.8328703703703704 0.0036458333333333334 0.006481481481481481
0 0.03411458333333333 0.8268518518518518 0.0036458333333333334 0.007407407407407408
0 0.03984375 0.8166666666666667 0.0046875 0.011111111111111112
0 0.03697916666666667 0.8143518518518519 0.004166666666666667 0.008333333333333333
0 0.043229166666666666 0.8046296296296296 0.005208333333333333 0.007407407407407408
