0 0.24713541666666666 0.9407407407407408 0.050520833333333334 0.06296296296296296
0 0.25833333333333336 0.7106481481481481 0.0375 0.13055555555555556
0 0.22864583333333333 0.6675925925925926 0.035416666666666666 0.12222222222222222
0 0.24114583333333334 0.5078703703703704 0.03229166666666667 0.11018518518518519
0 0.20833333333333334 0.5212962962962963 0.03125 0.10925925925925926
0 0.2546875 0.3675925925925926 0.036458333333333336 0.11296296296296296
0 0.35859375 0.4537037037037037 0.025520833333333333 0.08888888888888889
0 0.3020833333333333 0.10462962962962963 0.028125 0.0962962962962963
0 0.28151041666666665 0.027777777777777776 0.0265625 0.05555555555555555
0 0.5127604166666667 0.19953703703703704 0.028645833333333332 0.08981481481481482
0 0.5174479166666667 0.30972222222222223 0.027604166666666666 0.09351851851851851
0 0.5231770833333333 0.44722222222222224 0.030729166666666665 0.10925925925925926
0 0.5265625 0.5842592592592593 0.030208333333333334 0.12037037037037036
0 0.53203125 0.75 0.0359375 0.1388888888888889
0 0.5348958333333333 0.9157407407407407 0.034375 0.10925925925925926
