0 0.30416666666666664 0.9314814814814815 0.09895833333333333 0.1648148148148148
0 0.3890625 0.861574074074074 0.103125 0.12314814814814815
0 0.2635416666666667 0.7759259259259259 0.09791666666666667 0.10925925925925926
0 0.2630208333333333 0.6638888888888889 0.08958333333333333 0.09259259259259259
0 0.40234375 0.7592592592592593 0.10052083333333334 0.07592592592592592
0 0.5151041666666667 0.8166666666666667 0.1 0.1
0 0.496875 1.1675925925925925 0.11145833333333334 0.2388888888888889
0 0.6635416666666667 1.2157407407407408 0.109375 0.25925925925925924
0 0.0984375 0.9810185185185185 0.13958333333333334 0.11203703703703703
0 0.1 0.5976851851851852 0.08645833333333333 0.0712962962962963
0 0.35 0.6777777777777778 0.04375 0.1111111111111111
0 0.3958333333333333 0.5976851851851852 0.041666666666666664 0.09722222222222222
0 0.34036458333333336 0.5430555555555555 0.0390625 0.0824074074074074
0 0.9065104166666667 0.6837962962962963 0.07760416666666667 0.1287037037037037
0 0.05755208333333333 1.1939814814814815 0.11510416666666666 0.25277777777777777
0 0.18958333333333333 1.3046296296296296 0.15520833333333334 0.1685185185185185
0 0.4356770833333333 1.2708333333333333 0.08802083333333334 0.2361111111111111
0 0.029427083333333333 0.5675925925925925 0.058854166666666666 0.06481481481481481
0 0.026041666666666668 0.6467592592592593 0.052083333333333336 0.0712962962962963
0 0.08151041666666667 0.7773148148148148 0.09739583333333333 0.09907407407407408
0 1.0109375 0.5976851851851852 0.06145833333333333 0.0824074074074074
0 0.7807291666666667 0.055092592592592596 0.03125 0.023148148148148147
0 0.684375 0.03657407407407407 0.026041666666666668 0.019444444444444445
0 0.7526041666666666 0.04259259259259259 0.026041666666666668 0.020370370370370372
0 0.8200520833333333 0.047685185185185185 0.03177083333333333 0.021296296296296296
0 0.86328125 0.05 0.03177083333333333 0.022222222222222223
0 0.9075520833333334 0.05555555555555555 0.034895833333333334 0.024074074074074074
0 0.9861979166666667 0.06111111111111111 0.034895833333333334 0.024074074074074074
0 0.8614583333333333 0.07962962962962963 0.034375 0.025925925925925925
0 0.8041666666666667 0.09074074074074075 0.034375 0.025925925925925925
0 0.7765625 0.09490740740740741 0.034375 0.026851851851851852
0 0.85546875 0.1125 0.03177083333333333 0.03611111111111111
0 0.9052083333333333 0.10231481481481482 0.036458333333333336 0.023148148148148147
0 0.9671875 0.11296296296296296 0.0375 0.027777777777777776
0 0.8109375 0.1337962962962963 0.015625 0.030555555555555555
0 0.7768229166666667 0.16111111111111112 0.034895833333333334 0.025925925925925925
0 0.8723958333333334 0.19074074074074074 0.035416666666666666 0.040740740740740744
