0 0.43723958333333335 0.3819444444444444 0.0296875 0.05277777777777778
0 0.67265625 0.6967592592592593 0.09114583333333333 0.15092592592592594
0 0.7815104166666667 0.5888888888888889 0.11510416666666666 0.10185185185185185
0 1.0078125 0.4777777777777778 0.05416666666666667 0.07407407407407407
0 0.5015625 0.28379629629629627 0.021875 0.03611111111111111
0 0.43723958333333335 0.31805555555555554 0.025520833333333333 0.04351851851851852
0 0.42682291666666666 0.3 0.024479166666666666 0.040740740740740744
0 0.42916666666666664 0.2759259259259259 0.023958333333333335 0.037037037037037035
0 0.48020833333333335 0.21712962962962962 0.016666666666666666 0.026851851851851852
0 0.41875 0.23564814814814813 0.016666666666666666 0.026851851851851852
0 0.4171875 0.22453703703703703 0.015625 0.021296296296296296
0 0.4166666666666667 0.2162037037037037 0.015625 0.021296296296296296
0 0.41484375 0.20879629629629629 0.015104166666666667 0.023148148148148147
0 0.4122395833333333 0.18425925925925926 0.011979166666666667 0.018518518518518517
0 0.40546875 0.17685185185185184 0.0234375 0.018518518518518517
0 0.403125 0.1699074074074074 0.026041666666666668 0.017592592592592594
0 0.41354166666666664 0.16527777777777777 0.010416666666666666 0.01574074074074074
0 0.8200520833333333 0.3365740740740741 0.0421875 0.041666666666666664
0 0.7778645833333333 0.3050925925925926 0.0390625 0.03981481481481482
0 0.753125 0.26851851851851855 0.028125 0.03518518518518519
0 0.7114583333333333 0.26342592592592595 0.030208333333333334 0.028703703703703703
0 0.69140625 0.24953703703703703 0.0265625 0.026851851851851852
0 0.6549479166666666 0.24768518518518517 0.024479166666666666 0.028703703703703703
0 0.67265625 0.23842592592592593 0.024479166666666666 0.026851851851851852
0 0.646875 0.23333333333333334 0.022916666666666665 0.02962962962962963
0 0.6395833333333333 0.21944444444444444 0.019791666666666666 0.022222222222222223
0 0.6328125 0.21157407407407408 0.019791666666666666 0.023148148148148147
0 0.6119791666666666 0.19722222222222222 0.019791666666666666 0.022222222222222223
0 0.603125 0.18935185185185185 0.017708333333333333 0.025
0 0.5510416666666667 0.18611111111111112 0.014583333333333334 0.022222222222222223
0 0.5893229166666667 0.17314814814814813 0.019270833333333334 0.020370370370370372
0 0.5572916666666666 0.15833333333333333 0.016666666666666666 0.014814814814814815
0 0.56328125 0.1625 0.016145833333333335 0.01574074074074074
0 0.5473958333333333 0.1527777777777778 0.010416666666666666 0.014814814814814815
0 0.5127604166666667 0.14444444444444443 0.018229166666666668 0.012962962962962963
0 0.48411458333333335 0.12777777777777777 0.008854166666666666 0.014814814814814815
0 0.421875 0.10092592592592593 0.005208333333333333 0.007407407407407408
0 0.41822916666666665 0.09305555555555556 0.004166666666666667 0.006481481481481481
0 0.41953125 0.08657407407407407 0.0036458333333333334 0.006481481481481481
0 0.415625 0.08287037037037037 0.003125 0.004629629629629629
0 0.4192708333333333 0.07592592592592592 0.003125 0.005555555555555556
0 0.4583333333333333 0.09907407407407408 0.005208333333333333 0.007407407407407408
0 0.44869791666666664 0.09583333333333334 0.0036458333333333334 0.008333333333333333
