4 0.016666666666666666 0.8625 0.03333333333333333 0.06388888888888888
4 0.31796875 0.6546296296296297 0.033854166666666664 0.12222222222222222
4 0.36302083333333335 0.6722222222222223 0.035416666666666666 0.12407407407407407
4 0.28489583333333335 0.5875 0.042708333333333334 0.09537037037037037
4 0.44140625 0.8111111111111111 0.0328125 0.12962962962962962
4 0.3765625 0.5569444444444445 0.026041666666666668 0.08055555555555556
4 0.42734375 0.5324074074074074 0.030729166666666665 0.1037037037037037
4 0.38203125 0.4615740740740741 0.028645833333333332 0.0824074074074074
4 0.39348958333333334 0.37083333333333335 0.0234375 0.07314814814814814
4 0.4002604166666667 0.3023148148148148 0.021354166666666667 0.06388888888888888
4 0.40234375 0.22777777777777777 0.0203125 0.05555555555555555
4 0.5151041666666667 0.31851851851851853 0.022916666666666665 0.06111111111111111
4 0.5125 0.2587962962962963 0.021875 0.05277777777777778
4 0.44947916666666665 0.1962962962962963 0.01875 0.04814814814814815
4 0.3328125 0.24814814814814815 0.022916666666666665 0.053703703703703705
4 0.36744791666666665 0.05277777777777778 0.0140625 0.03148148148148148
4 0.36171875 0.08425925925925926 0.016145833333333335 0.03148148148148148
4 0.4244791666666667 0.05462962962962963 0.016666666666666666 0.04259259259259259
4 0.3953125 0.11388888888888889 0.01875 0.046296296296296294
