4 0.7721354166666666 0.6125 0.04114583333333333 0.041666666666666664
4 0.8098958333333334 0.5995370370370371 0.034375 0.041666666666666664
4 0.7234375 0.962037037037037 0.059375 0.06666666666666667
4 0.44244791666666666 0.8476851851851852 0.0453125 0.05092592592592592
4 0.49973958333333335 0.8240740740740741 0.05260416666666667 0.04814814814814815
4 0.403125 0.5912037037037037 0.025 0.06388888888888888
4 0.38515625 0.4708333333333333 0.019270833333333334 0.04722222222222222
4 0.26588541666666665 0.37824074074074077 0.0359375 0.032407407407407406
4 0.3138020833333333 0.4898148148148148 0.0203125 0.05
4 0.2760416666666667 0.4912037037037037 0.04375 0.03611111111111111
4 0.2828125 0.4587962962962963 0.04375 0.032407407407407406
4 0.275 0.4388888888888889 0.041666666666666664 0.027777777777777776
4 0.27395833333333336 0.5856481481481481 0.04791666666666667 0.03981481481481482
4 0.2830729166666667 0.6157407407407407 0.04635416666666667 0.044444444444444446
4 0.28463541666666664 0.6884259259259259 0.04635416666666667 0.04351851851851852
4 0.278125 0.7300925925925926 0.057291666666666664 0.04537037037037037
4 0.028125 0.17546296296296296 0.034375 0.023148148148148147
4 0.22291666666666668 0.14444444444444443 0.029166666666666667 0.022222222222222223
4 0.21145833333333333 0.052314814814814814 0.022916666666666665 0.019444444444444445
4 0.5919270833333333 0.08009259259259259 0.0234375 0.019444444444444445
4 0.6166666666666667 0.07777777777777778 0.022916666666666665 0.018518518518518517
4 0.7830729166666667 0.04722222222222222 0.016145833333333335 0.014814814814814815
4 0.8015625 0.04537037037037037 0.019791666666666666 0.016666666666666666
4 0.82109375 0.0412037037037037 0.018229166666666668 0.01574074074074074
4 0.8408854166666667 0.03935185185185185 0.021354166666666667 0.017592592592592594
4 0.86640625 0.033796296296296297 0.021354166666666667 0.01574074074074074
