0 0.028645833333333332 0.13842592592592592 0.057291666666666664 0.10648148148148148
0 0.03567708333333333 0.04537037037037037 0.043229166666666666 0.06851851851851852
0 0.109375 0.07546296296296297 0.046875 0.08981481481481482
0 0.3346354166666667 0.02546296296296296 0.025520833333333333 0.05092592592592592
0 0.334375 0.09212962962962963 0.03125 0.0787037037037037
0 0.29401041666666666 0.13518518518518519 0.03697916666666667 0.0962962962962963
0 0.33229166666666665 0.1986111111111111 0.035416666666666666 0.10648148148148148
0 0.2953125 0.062037037037037036 0.030208333333333334 0.07037037037037037
0 0.28229166666666666 0.4273148148148148 0.052083333333333336 0.15833333333333333
0 0.37109375 0.4462962962962963 0.05677083333333333 0.15555555555555556
0 0.23151041666666666 0.624537037037037 0.06302083333333333 0.19722222222222222
0 0.4393229166666667 0.30185185185185187 0.0921875 0.06851851851851852
0 0.44895833333333335 0.3726851851851852 0.10416666666666667 0.075
0 0.47578125 0.6134259259259259 0.1234375 0.16203703703703703
