4 0.553125 0.5231481481481481 0.029166666666666667 0.07037037037037037
4 0.5674479166666667 0.3921296296296296 0.030729166666666665 0.04537037037037037
4 0.5302083333333333 0.1962962962962963 0.016666666666666666 0.024074074074074074
4 0.45338541666666665 0.22777777777777777 0.028645833333333332 0.027777777777777776
4 0.4901041666666667 0.2574074074074074 0.036458333333333336 0.02962962962962963
4 0.5182291666666666 0.06574074074074074 0.007291666666666667 0.014814814814814815
4 0.575 0.05648148148148148 0.007291666666666667 0.014814814814814815
4 0.5395833333333333 0.04398148148148148 0.007291666666666667 0.010185185185185186
4 0.5513020833333333 0.02962962962962963 0.005729166666666666 0.009259259259259259
4 0.5497395833333333 0.03888888888888889 0.0078125 0.011111111111111112
4 0.553125 0.020833333333333332 0.005208333333333333 0.008333333333333333
4 0.55234375 0.019444444444444445 0.005729166666666666 0.009259259259259259
