0 0.10182291666666667 0.913425925925926 0.05572916666666667 0.058333333333333334
0 0.10989583333333333 0.8564814814814815 0.051041666666666666 0.053703703703703705
0 0.25104166666666666 0.8564814814814815 0.04791666666666667 0.04814814814814815
0 0.25078125 0.8055555555555556 0.043229166666666666 0.05
0 0.434375 0.8763888888888889 0.03229166666666667 0.09537037037037037
0 0.5111979166666667 0.9578703703703704 0.0453125 0.028703703703703703
0 0.3567708333333333 0.5981481481481481 0.020833333333333332 0.05555555555555555
0 0.15052083333333333 0.5722222222222222 0.03854166666666667 0.03888888888888889
0 0.09036458333333333 0.5634259259259259 0.0359375 0.03425925925925926
0 0.10104166666666667 0.4740740740740741 0.01875 0.04814814814814815
0 0.12265625 0.4625 0.018229166666666668 0.04722222222222222
0 0.15963541666666667 0.36342592592592593 0.0265625 0.025
0 0.2234375 0.22824074074074074 0.01875 0.025
0 0.1125 0.011111111111111112 0.008333333333333333 0.012962962962962963
0 0.08984375 0.09259259259259259 0.0109375 0.016666666666666666
0 0.11979166666666667 0.0912037037037037 0.009375 0.01574074074074074
0 0.12291666666666666 0.07685185185185185 0.008333333333333333 0.014814814814814815
0 0.125 0.05925925925925926 0.008333333333333333 0.018518518518518517
0 0.12916666666666668 0.04259259259259259 0.007291666666666667 0.014814814814814815
0 0.10677083333333333 0.03009259259259259 0.00625 0.013888888888888888
0 0.5940104166666667 0.2037037037037037 0.016145833333333335 0.020370370370370372
0 0.6125 0.19675925925925927 0.016666666666666666 0.021296296296296296
0 0.53203125 0.31203703703703706 0.0234375 0.022222222222222223
0 0.5247395833333334 0.2967592592592593 0.022395833333333334 0.021296296296296296
0 0.4127604166666667 0.14166666666666666 0.018229166666666668 0.014814814814814815
0 0.4088541666666667 0.13194444444444445 0.01875 0.01574074074074074
0 0.4036458333333333 0.12083333333333333 0.017708333333333333 0.01574074074074074
0 0.39348958333333334 0.1050925925925926 0.018229166666666668 0.013888888888888888
0 0.3919270833333333 0.09675925925925925 0.015104166666666667 0.012037037037037037
0 0.38619791666666664 0.08842592592592592 0.0171875 0.013888888888888888
0 0.3776041666666667 0.05138888888888889 0.009375 0.013888888888888888
