0 0.44609375 0.7537037037037037 0.0546875 0.11481481481481481
0 0.4359375 0.6222222222222222 0.03333333333333333 0.06111111111111111
0 0.22708333333333333 0.6263888888888889 0.07916666666666666 0.075
0 0.24453125 0.575 0.08072916666666667 0.04814814814814815
0 0.17864583333333334 0.5944444444444444 0.06875 0.05185185185185185
0 0.20390625 0.4787037037037037 0.0359375 0.024074074074074074
0 0.3 0.4773148148148148 0.040625 0.025
0 0.36666666666666664 0.4625 0.017708333333333333 0.021296296296296296
0 0.43125 0.5310185185185186 0.025 0.03796296296296296
0 0.37734375 0.45231481481481484 0.0171875 0.021296296296296296
0 0.39010416666666664 0.4425925925925926 0.01875 0.025925925925925925
0 0.40625 0.43657407407407406 0.017708333333333333 0.019444444444444445
0 0.43854166666666666 0.45694444444444443 0.021875 0.023148148148148147
0 0.521875 0.4263888888888889 0.026041666666666668 0.01574074074074074
0 0.5424479166666667 0.4023148148148148 0.0140625 0.012037037037037037
0 0.5158854166666667 0.3972222222222222 0.009895833333333333 0.011111111111111112
