4 0.030729166666666665 0.7763888888888889 0.013541666666666667 0.04351851851851852
4 0.05390625 0.7708333333333334 0.0140625 0.04351851851851852
4 0.06875 0.7703703703703704 0.013541666666666667 0.04259259259259259
4 0.08411458333333334 0.7638888888888888 0.0109375 0.03148148148148148
4 0.09791666666666667 0.7643518518518518 0.0125 0.041666666666666664
4 0.014322916666666666 0.8708333333333333 0.0171875 0.04722222222222222
4 0.042708333333333334 0.8638888888888889 0.014583333333333334 0.046296296296296294
4 0.0703125 0.861574074074074 0.014583333333333334 0.04537037037037037
4 0.055989583333333336 0.8597222222222223 0.015104166666666667 0.04537037037037037
4 0.00390625 0.7796296296296297 0.0078125 0.04259259259259259
4 0.1859375 0.7541666666666667 0.010416666666666666 0.03796296296296296
4 0.21354166666666666 0.7439814814814815 0.010416666666666666 0.03796296296296296
4 0.22994791666666667 0.7430555555555556 0.009895833333333333 0.03796296296296296
4 0.18854166666666666 0.8421296296296297 0.011458333333333333 0.03981481481481482
4 0.20494791666666667 0.8412037037037037 0.009895833333333333 0.041666666666666664
4 0.24609375 0.8333333333333334 0.009895833333333333 0.04259259259259259
4 0.2713541666666667 0.8314814814814815 0.010416666666666666 0.03888888888888889
4 0.28489583333333335 0.8282407407407407 0.010416666666666666 0.03981481481481482
4 0.3109375 0.8199074074074074 0.010416666666666666 0.04537037037037037
4 0.3260416666666667 0.8208333333333333 0.009375 0.04351851851851852
4 0.3614583333333333 0.8106481481481481 0.009375 0.049074074074074076
4 0.30104166666666665 0.7356481481481482 0.009375 0.03796296296296296
4 0.3299479166666667 0.7300925925925926 0.009895833333333333 0.03796296296296296
4 0.36640625 0.7287037037037037 0.009895833333333333 0.03888888888888889
4 0.6716145833333333 0.1638888888888889 0.0109375 0.025925925925925925
4 0.6796875 0.16342592592592592 0.010416666666666666 0.025
4 0.6908854166666667 0.17083333333333334 0.009895833333333333 0.025
4 0.7 0.17546296296296296 0.010416666666666666 0.025
4 0.7127604166666667 0.18333333333333332 0.011979166666666667 0.024074074074074074
