4 0.008072916666666667 0.31851851851851853 0.016145833333333335 0.03518518518518519
4 0.31744791666666666 0.47685185185185186 0.016145833333333335 0.05925925925925926
4 0.28541666666666665 0.5074074074074074 0.03229166666666667 0.03518518518518519
4 0.28020833333333334 0.48194444444444445 0.036458333333333336 0.03425925925925926
4 0.2786458333333333 0.4152777777777778 0.03333333333333333 0.03611111111111111
4 0.27291666666666664 0.38935185185185184 0.030208333333333334 0.030555555555555555
4 0.2721354166666667 0.3416666666666667 0.0328125 0.027777777777777776
4 0.2755208333333333 0.2800925925925926 0.035416666666666666 0.026851851851851852
4 0.28046875 0.2490740740740741 0.034895833333333334 0.027777777777777776
4 0.26979166666666665 0.1962962962962963 0.016666666666666666 0.05740740740740741
4 0.31666666666666665 0.03611111111111111 0.03125 0.05185185185185185
4 0.35703125 0.02824074074074074 0.016145833333333335 0.05648148148148148
4 0.32135416666666666 0.09722222222222222 0.016666666666666666 0.06666666666666667
4 0.3640625 0.4726851851851852 0.016666666666666666 0.062037037037037036
4 0.3765625 0.7027777777777777 0.016666666666666666 0.06111111111111111
4 0.40078125 0.8773148148148148 0.018229166666666668 0.06388888888888888
4 0.4453125 0.8245370370370371 0.014583333333333334 0.058333333333333334
4 0.47760416666666666 0.8393518518518519 0.03333333333333333 0.028703703703703703
4 0.50625 0.8083333333333333 0.03229166666666667 0.02962962962962963
4 0.51796875 0.8726851851851852 0.0328125 0.03611111111111111
4 0.52109375 0.9037037037037037 0.034895833333333334 0.03518518518518519
4 0.5234375 0.937037037037037 0.03333333333333333 0.03518518518518519
4 0.5296875 0.9625 0.035416666666666666 0.019444444444444445
4 0.571875 0.7671296296296296 0.034375 0.04351851851851852
4 0.4934895833333333 0.6425925925925926 0.03177083333333333 0.03518518518518519
4 0.4791666666666667 0.5254629629629629 0.034375 0.03425925925925926
4 0.4752604166666667 0.4935185185185185 0.03177083333333333 0.03148148148148148
4 0.47317708333333336 0.46296296296296297 0.03177083333333333 0.027777777777777776
4 0.47291666666666665 0.4337962962962963 0.028125 0.028703703703703703
4 0.47317708333333336 0.40555555555555556 0.0328125 0.03148148148148148
4 0.46484375 0.2513888888888889 0.03177083333333333 0.030555555555555555
4 0.4609375 0.22592592592592592 0.03125 0.02962962962962963
4 0.5294270833333333 0.12083333333333333 0.0234375 0.058333333333333334
