0 0.47369791666666666 1.3342592592592593 0.03697916666666667 0.10555555555555556
0 0.5684895833333333 1.2259259259259259 0.033854166666666664 0.10740740740740741
0 0.5684895833333333 1.0907407407407408 0.0328125 0.11481481481481481
0 0.56171875 0.8768518518518519 0.0265625 0.07407407407407407
0 0.5557291666666667 0.8018518518518518 0.023958333333333335 0.06481481481481481
0 0.5453125 0.625 0.020833333333333332 0.05185185185185185
0 0.33880208333333334 0.45555555555555555 0.021354166666666667 0.05
0 0.521875 0.3824074074074074 0.017708333333333333 0.03518518518518519
0 0.51640625 0.3453703703703704 0.018229166666666668 0.03333333333333333
0 0.5104166666666666 0.30185185185185187 0.013541666666666667 0.03148148148148148
0 0.5114583333333333 0.2638888888888889 0.013541666666666667 0.02962962962962963
0 0.51015625 0.19166666666666668 0.013020833333333334 0.025925925925925925
0 0.5075520833333333 0.10694444444444444 0.011979166666666667 0.019444444444444445
0 0.5098958333333333 0.14351851851851852 0.013541666666666667 0.053703703703703705
0 0.40989583333333335 0.01712962962962963 0.009375 0.019444444444444445
0 0.36640625 0.08472222222222223 0.011979166666666667 0.025
0 0.3567708333333333 0.13333333333333333 0.017708333333333333 0.05740740740740741
0 0.3377604166666667 0.20185185185185187 0.011979166666666667 0.027777777777777776
0 0.33489583333333334 0.2300925925925926 0.0125 0.026851851851851852
0 0.32916666666666666 0.2550925925925926 0.013541666666666667 0.028703703703703703
0 0.32265625 0.2851851851851852 0.015104166666666667 0.02962962962962963
0 0.31484375 0.3175925925925926 0.018229166666666668 0.03518518518518519
0 0.2546875 0.5791666666666667 0.023958333333333335 0.05277777777777778
0 0.24322916666666666 0.6435185185185185 0.026041666666666668 0.06111111111111111
0 0.21822916666666667 0.7462962962962963 0.03333333333333333 0.07407407407407407
0 0.30494791666666665 0.8564814814814815 0.0296875 0.07037037037037037
0 0.17552083333333332 0.9175925925925926 0.0375 0.09444444444444444
0 0.14739583333333334 1.0083333333333333 0.042708333333333334 0.1037037037037037
0 0.11432291666666666 1.1245370370370371 0.04739583333333333 0.11018518518518519
0 0.07838541666666667 1.262037037037037 0.05260416666666667 0.13148148148148148
0 0.821875 0.14444444444444443 0.014583333333333334 0.025925925925925925
0 0.8125 0.12824074074074074 0.011458333333333333 0.021296296296296296
0 0.8325520833333333 0.14074074074074075 0.013020833333333334 0.022222222222222223
0 0.8375 0.1300925925925926 0.014583333333333334 0.021296296296296296
0 0.8432291666666667 0.018518518518518517 0.023958333333333335 0.016666666666666666
