0 0.26171875 0.6296296296296297 0.015104166666666667 0.03148148148148148
0 0.24739583333333334 0.43194444444444446 0.014583333333333334 0.01574074074074074
0 0.25104166666666666 0.42268518518518516 0.015625 0.013888888888888888
0 0.27682291666666664 0.4398148148148148 0.008854166666666666 0.014814814814814815
0 0.3229166666666667 0.3449074074074074 0.00625 0.010185185185185186
0 0.30494791666666665 0.3212962962962963 0.005729166666666666 0.009259259259259259
0 0.4315104166666667 0.2490740740740741 0.0046875 0.007407407407407408
0 0.43645833333333334 0.24444444444444444 0.003125 0.007407407407407408
0 0.44114583333333335 0.23472222222222222 0.005208333333333333 0.004629629629629629
0 0.4265625 0.24166666666666667 0.003125 0.005555555555555556
0 0.4276041666666667 0.23796296296296296 0.003125 0.005555555555555556
0 0.33619791666666665 0.25277777777777777 0.0046875 0.007407407407407408
0 0.32578125 0.2916666666666667 0.005729166666666666 0.007407407407407408
0 0.34322916666666664 0.24953703703703703 0.004166666666666667 0.008333333333333333
0 0.32734375 0.2574074074074074 0.0046875 0.007407407407407408
0 0.32838541666666665 0.23055555555555557 0.0036458333333333334 0.005555555555555556
0 0.33619791666666665 0.2273148148148148 0.0026041666666666665 0.006481481481481481
0 0.33645833333333336 0.2222222222222222 0.003125 0.003703703703703704
0 0.36041666666666666 0.24351851851851852 0.003125 0.005555555555555556
0 0.31302083333333336 0.17037037037037037 0.003125 0.003703703703703704
0 0.3145833333333333 0.1726851851851852 0.0020833333333333333 0.002777777777777778
0 0.31953125 0.175 0.0036458333333333334 0.003703703703703704
0 0.32526041666666666 0.18009259259259258 0.0026041666666666665 0.002777777777777778
0 0.33671875 0.19027777777777777 0.0026041666666666665 0.004629629629629629
0 0.334375 0.19814814814814816 0.0020833333333333333 0.005555555555555556
0 0.32916666666666666 0.2050925925925926 0.0020833333333333333 0.004629629629629629
0 0.33567708333333335 0.20925925925925926 0.0026041666666666665 0.003703703703703704
