0 0.36041666666666666 0.5217592592592593 0.027083333333333334 0.04351851851851852
0 0.3341145833333333 0.512962962962963 0.021354166666666667 0.03888888888888889
0 0.4921875 0.41944444444444445 0.019791666666666666 0.04259259259259259
0 0.4856770833333333 0.5592592592592592 0.0234375 0.053703703703703705
0 0.42864583333333334 0.6402777777777777 0.028125 0.05648148148148148
0 0.24427083333333333 0.7078703703703704 0.036458333333333336 0.041666666666666664
0 0.52421875 0.4009259259259259 0.015104166666666667 0.04259259259259259
0 0.43125 0.13703703703703704 0.016666666666666666 0.018518518518518517
0 0.5484375 0.21712962962962962 0.0125 0.028703703703703703
0 0.5455729166666666 0.30462962962962964 0.0109375 0.03333333333333333
0 0.5513020833333333 0.1449074074074074 0.013020833333333334 0.019444444444444445
0 0.5643229166666667 0.10833333333333334 0.009895833333333333 0.016666666666666666
0 0.57265625 0.07962962962962963 0.0078125 0.012962962962962963
0 0.5643229166666667 0.031018518518518518 0.005729166666666666 0.01574074074074074
0 0.5565104166666667 0.05277777777777778 0.008854166666666666 0.014814814814814815
0 0.5463541666666667 0.10231481481481482 0.008333333333333333 0.013888888888888888
0 0.5364583333333334 0.09907407407407408 0.009375 0.014814814814814815
0 0.5966145833333333 0.043055555555555555 0.008854166666666666 0.01574074074074074
0 0.6046875 0.026851851851851852 0.008333333333333333 0.025925925925925925
0 0.5796875 0.013888888888888888 0.00625 0.016666666666666666
