4 0.07682291666666667 0.7236111111111111 0.0859375 0.16018518518518518
4 0.16640625 0.7296296296296296 0.05677083333333333 0.16666666666666666
4 0.2557291666666667 0.625 0.05625 0.1685185185185185
4 0.4940104166666667 0.5027777777777778 0.03697916666666667 0.12037037037037036
4 0.48489583333333336 0.3814814814814815 0.035416666666666666 0.09444444444444444
4 0.13333333333333333 0.5662037037037037 0.071875 0.1361111111111111
4 0.3072916666666667 0.3490740740740741 0.040625 0.10555555555555556
4 0.35625 0.2972222222222222 0.03333333333333333 0.08888888888888889
4 0.3302083333333333 0.25925925925925924 0.035416666666666666 0.08518518518518518
4 0.23098958333333333 0.49027777777777776 0.030729166666666665 0.0712962962962963
4 0.5328125 0.15925925925925927 0.023958333333333335 0.06481481481481481
4 0.5364583333333334 0.3175925925925926 0.027083333333333334 0.09444444444444444
4 0.34401041666666665 0.1875 0.0296875 0.06018518518518518
4 0.3497395833333333 0.13194444444444445 0.025520833333333333 0.06018518518518518
4 0.36015625 0.07731481481481481 0.0234375 0.058333333333333334
4 0.37005208333333334 0.032407407407407406 0.019270833333333334 0.04814814814814815
4 0.3028645833333333 0.038425925925925926 0.022395833333333334 0.062037037037037036
