0 0.5963541666666666 0.8976851851851851 0.05416666666666667 0.04351851851851852
0 0.32473958333333336 0.7379629629629629 0.018229166666666668 0.053703703703703705
0 0.35520833333333335 0.663425925925926 0.0125 0.041666666666666664
0 0.29791666666666666 0.6685185185185185 0.019791666666666666 0.04259259259259259
0 0.31145833333333334 0.5935185185185186 0.014583333333333334 0.037037037037037035
0 0.3067708333333333 0.462037037037037 0.009375 0.024074074074074074
0 0.3143229166666667 0.4273148148148148 0.009895833333333333 0.025
0 0.3046875 0.3712962962962963 0.008333333333333333 0.014814814814814815
0 0.3046875 0.35694444444444445 0.008333333333333333 0.01574074074074074
0 0.30416666666666664 0.3296296296296296 0.007291666666666667 0.018518518518518517
0 0.325 0.3 0.00625 0.011111111111111112
0 0.32473958333333336 0.2851851851851852 0.0078125 0.014814814814814815
0 0.30364583333333334 0.2865740740740741 0.00625 0.013888888888888888
0 0.3026041666666667 0.27314814814814814 0.00625 0.011111111111111112
0 0.32109375 0.25324074074074077 0.0067708333333333336 0.013888888888888888
0 0.32057291666666665 0.24351851851851852 0.005729166666666666 0.011111111111111112
0 0.3190104166666667 0.23055555555555557 0.0046875 0.011111111111111112
0 0.31927083333333334 0.225 0.005208333333333333 0.007407407407407408
0 0.3177083333333333 0.20972222222222223 0.005208333333333333 0.010185185185185186
0 0.3177083333333333 0.20416666666666666 0.005208333333333333 0.006481481481481481
0 0.328125 0.19305555555555556 0.005208333333333333 0.008333333333333333
0 0.3 0.13194444444444445 0.00625 0.006481481481481481
0 0.23645833333333333 0.7134259259259259 0.026041666666666668 0.028703703703703703
0 0.07473958333333333 0.7342592592592593 0.0390625 0.03148148148148148
0 0.09140625 0.674537037037037 0.03177083333333333 0.028703703703703703
0 0.03125 0.675 0.025 0.027777777777777776
0 0.010416666666666666 0.6060185185185185 0.017708333333333333 0.03425925925925926
0 0.012760416666666666 0.7458333333333333 0.025520833333333333 0.032407407407407406
0 0.16979166666666667 0.34444444444444444 0.01875 0.012962962962962963
0 0.2296875 0.30277777777777776 0.00625 0.011111111111111112
0 0.21927083333333333 0.2712962962962963 0.008333333333333333 0.012962962962962963
0 0.22526041666666666 0.25092592592592594 0.0067708333333333336 0.011111111111111112
0 0.22682291666666668 0.24305555555555555 0.0067708333333333336 0.010185185185185186
0 0.23385416666666667 0.2152777777777778 0.007291666666666667 0.010185185185185186
