0 0.5458333333333333 0.7407407407407407 0.0375 0.04259259259259259
0 0.5604166666666667 0.6791666666666667 0.034375 0.03611111111111111
0 0.28151041666666665 0.8527777777777777 0.011979166666666667 0.02962962962962963
0 0.2716145833333333 0.8717592592592592 0.011979166666666667 0.03425925925925926
0 0.26067708333333334 0.8916666666666667 0.013020833333333334 0.037037037037037035
0 0.32109375 0.6671296296296296 0.009895833333333333 0.017592592592592594
0 0.3338541666666667 0.5939814814814814 0.007291666666666667 0.010185185185185186
0 0.30390625 0.6324074074074074 0.0078125 0.011111111111111112
0 0.2953125 0.6532407407407408 0.008333333333333333 0.01574074074074074
0 0.23854166666666668 0.6819444444444445 0.004166666666666667 0.008333333333333333
0 0.25078125 0.6356481481481482 0.0078125 0.013888888888888888
0 0.23411458333333332 0.6407407407407407 0.0036458333333333334 0.009259259259259259
0 0.2830729166666667 0.6287037037037037 0.005729166666666666 0.012962962962962963
0 0.27239583333333334 0.6078703703703704 0.005208333333333333 0.010185185185185186
0 0.2609375 0.6032407407407407 0.004166666666666667 0.008333333333333333
0 0.26901041666666664 0.5787037037037037 0.0046875 0.007407407407407408
0 0.22604166666666667 0.6208333333333333 0.00625 0.008333333333333333
0 0.22630208333333332 0.6180555555555556 0.0067708333333333336 0.008333333333333333
0 0.22526041666666666 0.6152777777777778 0.0067708333333333336 0.008333333333333333
0 0.24322916666666666 0.600925925925926 0.00625 0.007407407407407408
0 0.24192708333333332 0.5995370370370371 0.005729166666666666 0.008333333333333333
0 0.24140625 0.5944444444444444 0.0046875 0.009259259259259259
0 0.24166666666666667 0.5898148148148148 0.005208333333333333 0.009259259259259259
0 0.221875 0.6129629629629629 0.00625 0.009259259259259259
0 0.22291666666666668 0.6069444444444444 0.005208333333333333 0.006481481481481481
0 0.2591145833333333 0.5527777777777778 0.0046875 0.007407407407407408
0 0.2669270833333333 0.5435185185185185 0.0046875 0.009259259259259259
0 0.26119791666666664 0.537962962962963 0.0026041666666666665 0.005555555555555556
0 0.2643229166666667 0.5319444444444444 0.0026041666666666665 0.004629629629629629
0 0.23463541666666668 0.5796296296296296 0.005729166666666666 0.011111111111111112
0 0.23463541666666668 0.575925925925926 0.0046875 0.005555555555555556
0 0.25052083333333336 0.5597222222222222 0.003125 0.006481481481481481
0 0.2484375 0.5560185185185185 0.0020833333333333333 0.004629629629629629
0 0.2518229166666667 0.5486111111111112 0.0026041666666666665 0.004629629629629629
0 0.2559895833333333 0.5416666666666666 0.0026041666666666665 0.005555555555555556
0 0.25364583333333335 0.538425925925926 0.0020833333333333333 0.004629629629629629
0 0.2513020833333333 0.5356481481481481 0.0026041666666666665 0.004629629629629629
0 0.25 0.5324074074074074 0.0020833333333333333 0.003703703703703704
0 0.25234375 0.5300925925925926 0.0026041666666666665 0.004629629629629629
0 0.23333333333333334 0.5699074074074074 0.005208333333333333 0.008333333333333333
0 0.22552083333333334 0.5833333333333334 0.003125 0.005555555555555556
0 0.22526041666666666 0.5555555555555556 0.0036458333333333334 0.007407407407407408
0 0.24010416666666667 0.5393518518518519 0.0020833333333333333 0.004629629629629629
0 0.2375 0.5407407407407407 0.0020833333333333333 0.003703703703703704
0 0.24765625 0.524074074074074 0.0026041666666666665 0.003703703703703704
0 0.24453125 0.5199074074074074 0.0015625 0.002777777777777778
0 0.24244791666666668 0.5189814814814815 0.0015625 0.002777777777777778
0 0.23619791666666667 0.525 0.0015625 0.003703703703703704
0 0.23307291666666666 0.5236111111111111 0.0015625 0.002777777777777778
0 0.23359375 0.5199074074074074 0.0015625 0.002777777777777778
0 0.24010416666666667 0.5157407407407407 0.0020833333333333333 0.003703703703703704
0 0.2359375 0.5162037037037037 0.0020833333333333333 0.002777777777777778
0 0.23776041666666667 0.513425925925926 0.0015625 0.002777777777777778
