0 0.25807291666666665 0.4898148148148148 0.019270833333333334 0.020370370370370372
0 0.2643229166666667 0.4962962962962963 0.019270833333333334 0.020370370370370372
0 0.27057291666666666 0.5027777777777778 0.019270833333333334 0.024074074074074074
0 0.2755208333333333 0.512962962962963 0.019791666666666666 0.022222222222222223
0 0.28046875 0.5222222222222223 0.0203125 0.024074074074074074
0 0.2875 0.5305555555555556 0.019791666666666666 0.024074074074074074
0 0.2955729166666667 0.5388888888888889 0.0203125 0.025925925925925925
0 0.29973958333333334 0.5486111111111112 0.018229166666666668 0.023148148148148147
0 0.30859375 0.5574074074074075 0.018229166666666668 0.024074074074074074
0 0.3171875 0.5685185185185185 0.01875 0.027777777777777776
0 0.32447916666666665 0.5805555555555556 0.019791666666666666 0.03148148148148148
0 0.3580729166666667 0.5921296296296297 0.0203125 0.030555555555555555
0 0.2734375 0.4648148148148148 0.01875 0.020370370370370372
0 0.31197916666666664 0.47129629629629627 0.01875 0.022222222222222223
0 0.32838541666666665 0.4615740740740741 0.013020833333333334 0.023148148148148147
0 0.34609375 0.4476851851851852 0.019270833333333334 0.019444444444444445
0 0.3151041666666667 0.6509259259259259 0.016666666666666666 0.025925925925925925
0 0.4109375 0.44027777777777777 0.015625 0.01574074074074074
0 0.41953125 0.43657407407407406 0.015104166666666667 0.01574074074074074
0 0.42630208333333336 0.4305555555555556 0.015104166666666667 0.014814814814814815
0 0.4317708333333333 0.425462962962963 0.014583333333333334 0.01574074074074074
0 0.4375 0.4203703703703704 0.014583333333333334 0.016666666666666666
0 0.42994791666666665 0.45555555555555555 0.016145833333333335 0.020370370370370372
0 0.44973958333333336 0.44027777777777777 0.0171875 0.017592592592592594
0 0.4713541666666667 0.399537037037037 0.014583333333333334 0.012037037037037037
0 0.4778645833333333 0.4060185185185185 0.013020833333333334 0.013888888888888888
0 0.5143229166666666 0.43796296296296294 0.013020833333333334 0.014814814814814815
0 0.6067708333333334 0.8458333333333333 0.023958333333333335 0.05462962962962963
0 0.71171875 0.5314814814814814 0.0140625 0.022222222222222223
