4 0.026822916666666665 0.4115740740740741 0.0515625 0.11388888888888889
4 0.08229166666666667 0.4361111111111111 0.07708333333333334 0.14629629629629629
4 0.11432291666666666 0.475462962962963 0.08385416666666666 0.1527777777777778
4 0.22057291666666667 0.7685185185185185 0.12135416666666667 0.15185185185185185
4 0.2713541666666667 0.6916666666666667 0.1125 0.1425925925925926
4 0.4388020833333333 0.32685185185185184 0.0796875 0.11666666666666667
4 0.49973958333333335 0.9199074074074074 0.05677083333333333 0.10092592592592593
4 0.6489583333333333 0.11064814814814815 0.04583333333333333 0.0824074074074074
4 0.03046875 0.9259259259259259 0.0578125 0.09259259259259259
4 0.021875 0.6574074074074074 0.04375 0.11296296296296296
