0 0.27760416666666665 0.6078703703703704 0.03854166666666667 0.06018518518518518
0 0.3302083333333333 0.6305555555555555 0.025 0.06851851851851852
0 0.3807291666666667 0.6458333333333334 0.028125 0.09351851851851851
0 0.40729166666666666 0.6546296296296297 0.028125 0.08333333333333333
0 0.465625 0.6717592592592593 0.027083333333333334 0.08981481481481482
0 0.4940104166666667 0.6787037037037037 0.028645833333333332 0.0962962962962963
0 0.47265625 0.5643518518518519 0.0484375 0.03981481481481482
0 0.5763020833333333 0.4847222222222222 0.049479166666666664 0.028703703703703703
0 0.5658854166666667 0.5166666666666667 0.0515625 0.03333333333333333
0 0.051041666666666666 0.2662037037037037 0.01875 0.019444444444444445
0 0.06510416666666667 0.25555555555555554 0.017708333333333333 0.024074074074074074
0 0.1125 0.2212962962962963 0.016666666666666666 0.020370370370370372
0 0.121875 0.21574074074074073 0.020833333333333332 0.016666666666666666
0 0.18333333333333332 0.20833333333333334 0.01875 0.022222222222222223
0 0.1625 0.22037037037037038 0.01875 0.022222222222222223
0 0.13255208333333332 0.2074074074074074 0.021354166666666667 0.014814814814814815
0 0.4856770833333333 0.15555555555555556 0.0171875 0.011111111111111112
0 0.47890625 0.1625 0.018229166666666668 0.01574074074074074
0 0.15390625 0.24675925925925926 0.0234375 0.021296296296296296
0 0.09895833333333333 0.2310185185185185 0.022916666666666665 0.017592592592592594
0 0.084375 0.23935185185185184 0.020833333333333332 0.019444444444444445
0 0.1515625 0.19444444444444445 0.015625 0.016666666666666666
0 0.19427083333333334 0.16620370370370371 0.017708333333333333 0.013888888888888888
0 0.2630208333333333 0.12037037037037036 0.015625 0.011111111111111112
0 0.47109375 0.06898148148148148 0.005729166666666666 0.010185185185185186
0 0.5380208333333333 0.005092592592592593 0.0020833333333333333 0.004629629629629629
