0 0.5807291666666666 0.812962962962963 0.040625 0.053703703703703705
0 0.5270833333333333 0.7388888888888889 0.03125 0.04814814814814815
0 0.4661458333333333 0.6972222222222222 0.029166666666666667 0.037037037037037035
0 0.4796875 0.6694444444444444 0.025 0.03148148148148148
0 0.4671875 0.649074074074074 0.016666666666666666 0.027777777777777776
0 0.4588541666666667 0.6328703703703704 0.01875 0.026851851851851852
0 0.44765625 0.6143518518518518 0.0234375 0.026851851851851852
0 0.39166666666666666 0.4203703703703704 0.007291666666666667 0.011111111111111112
0 0.40703125 0.5398148148148149 0.011979166666666667 0.020370370370370372
0 0.3953125 0.4875 0.011458333333333333 0.013888888888888888
0 0.3963541666666667 0.45787037037037037 0.007291666666666667 0.012037037037037037
0 0.3958333333333333 0.4462962962962963 0.011458333333333333 0.012962962962962963
0 0.35234375 0.5046296296296297 0.0109375 0.014814814814814815
0 0.35833333333333334 0.4615740740740741 0.008333333333333333 0.013888888888888888
0 0.34375 0.4273148148148148 0.00625 0.010185185185185186
0 0.34817708333333336 0.425462962962963 0.005729166666666666 0.010185185185185186
0 0.3143229166666667 0.49166666666666664 0.011979166666666667 0.016666666666666666
0 0.26953125 0.5351851851851852 0.0109375 0.020370370370370372
0 0.2046875 0.799537037037037 0.06458333333333334 0.049074074074074076
0 0.18125 0.7587962962962963 0.05416666666666667 0.041666666666666664
0 0.25885416666666666 0.7231481481481481 0.023958333333333335 0.040740740740740744
0 0.2643229166666667 0.687037037037037 0.0328125 0.03518518518518519
0 0.26458333333333334 0.6643518518518519 0.03854166666666667 0.03796296296296296
0 0.25859375 0.6444444444444445 0.0203125 0.027777777777777776
0 0.2625 0.5777777777777777 0.020833333333333332 0.024074074074074074
0 0.26458333333333334 0.5643518518518519 0.014583333333333334 0.021296296296296296
0 0.15651041666666668 0.5287037037037037 0.021354166666666667 0.014814814814814815
0 0.16041666666666668 0.5212962962962963 0.021875 0.020370370370370372
0 0.16432291666666668 0.5180555555555556 0.024479166666666666 0.019444444444444445
0 0.16953125 0.5115740740740741 0.0234375 0.019444444444444445
0 0.11458333333333333 0.5027777777777778 0.011458333333333333 0.016666666666666666
