0 0.4825520833333333 1.3018518518518518 0.05260416666666667 0.17407407407407408
0 0.44427083333333334 1.1412037037037037 0.052083333333333336 0.17314814814814813
0 0.6739583333333333 1.175462962962963 0.10416666666666667 0.10277777777777777
0 0.6614583333333334 1.0013888888888889 0.09791666666666667 0.08796296296296297
0 0.3723958333333333 0.9629629629629629 0.052083333333333336 0.15925925925925927
0 0.4622395833333333 0.9546296296296296 0.04635416666666667 0.14444444444444443
0 0.5169270833333334 0.9175925925925926 0.043229166666666666 0.12777777777777777
0 0.6643229166666667 0.8675925925925926 0.08072916666666667 0.06666666666666667
0 0.4044270833333333 0.8194444444444444 0.04739583333333333 0.12037037037037036
0 0.61328125 0.7625 0.033854166666666664 0.09907407407407408
0 0.5325520833333334 0.7273148148148149 0.0265625 0.0824074074074074
0 0.42890625 0.7023148148148148 0.03802083333333333 0.09351851851851851
0 0.44427083333333334 0.6189814814814815 0.03229166666666667 0.0787037037037037
0 0.5453125 0.5675925925925925 0.027083333333333334 0.07592592592592592
0 0.6078125 0.549537037037037 0.025 0.0712962962962963
0 0.45755208333333336 0.5453703703703704 0.028645833333333332 0.06481481481481481
0 0.47552083333333334 0.4935185185185185 0.026041666666666668 0.06666666666666667
0 0.3984375 0.4810185185185185 0.03229166666666667 0.041666666666666664
0 0.47760416666666666 0.4412037037037037 0.023958333333333335 0.05277777777777778
0 0.5583333333333333 0.4236111111111111 0.019791666666666666 0.041666666666666664
0 0.646875 0.4810185185185185 0.052083333333333336 0.03981481481481482
0 0.6440104166666667 0.4546296296296296 0.0546875 0.037037037037037035
0 0.6377604166666667 0.42962962962962964 0.04739583333333333 0.03888888888888889
0 0.6463541666666667 0.4101851851851852 0.04583333333333333 0.037037037037037035
0 0.48359375 0.3921296296296296 0.0234375 0.04722222222222222
0 0.5489583333333333 0.375 0.01875 0.046296296296296294
0 0.63671875 0.3384259259259259 0.04114583333333333 0.03425925925925926
0 0.5598958333333334 0.3087962962962963 0.01875 0.03425925925925926
0 0.5010416666666667 0.31157407407407406 0.021875 0.03981481481481482
0 0.5557291666666667 0.26944444444444443 0.015625 0.03333333333333333
0 0.63828125 0.3087962962962963 0.0390625 0.028703703703703703
0 0.6395833333333333 0.2912037037037037 0.03854166666666667 0.026851851851851852
0 0.6369791666666667 0.2796296296296296 0.036458333333333336 0.022222222222222223
0 0.5736979166666667 0.27546296296296297 0.0171875 0.030555555555555555
0 0.6388020833333333 0.25787037037037036 0.033854166666666664 0.026851851851851852
0 0.5216145833333333 0.25555555555555554 0.018229166666666668 0.03333333333333333
0 0.5010416666666667 0.23657407407407408 0.03125 0.026851851851851852
0 0.6411458333333333 0.24583333333333332 0.034375 0.025
0 0.6375 0.2337962962962963 0.027083333333333334 0.021296296296296296
0 0.6296875 0.22546296296296298 0.029166666666666667 0.025
0 0.5322916666666667 0.20972222222222223 0.017708333333333333 0.032407407407407406
0 0.5385416666666667 0.18611111111111112 0.013541666666666667 0.03333333333333333
0 0.6177083333333333 0.18981481481481483 0.013541666666666667 0.022222222222222223
0 0.6177083333333333 0.17083333333333334 0.013541666666666667 0.023148148148148147
0 0.6203125 0.15 0.013541666666666667 0.022222222222222223
0 0.6174479166666667 0.13472222222222222 0.013020833333333334 0.019444444444444445
0 0.5421875 0.17083333333333334 0.013541666666666667 0.026851851851851852
0 0.546875 0.12731481481481483 0.020833333333333332 0.021296296296296296
0 0.578125 0.11342592592592593 0.022916666666666665 0.021296296296296296
0 0.5239583333333333 0.049074074074074076 0.011458333333333333 0.018518518518518517
0 0.5473958333333333 0.05138888888888889 0.009375 0.017592592592592594
0 0.5721354166666667 0.05555555555555555 0.0109375 0.018518518518518517
0 0.57890625 0.0412037037037037 0.009895833333333333 0.013888888888888888
0 0.6255208333333333 0.028703703703703703 0.014583333333333334 0.014814814814814815
0 0.5822916666666667 0.033796296296296297 0.008333333333333333 0.013888888888888888
0 0.57421875 0.027314814814814816 0.008854166666666666 0.012037037037037037
0 0.5846354166666666 0.026851851851851852 0.008854166666666666 0.012962962962962963
0 0.61640625 0.02361111111111111 0.0078125 0.012037037037037037
0 0.61875 0.010648148148148148 0.00625 0.012037037037037037
0 0.72578125 0.09305555555555556 0.019270833333333334 0.01574074074074074
0 0.7541666666666667 0.09490740740740741 0.023958333333333335 0.017592592592592594
0 0.7705729166666667 0.05138888888888889 0.008854166666666666 0.01574074074074074
0 0.7817708333333333 0.05185185185185185 0.009375 0.014814814814814815
0 0.6807291666666667 0.04027777777777778 0.009375 0.01574074074074074
0 0.6697916666666667 0.09675925925925925 0.026041666666666668 0.019444444444444445
