4 0.08776041666666666 0.31342592592592594 0.034895833333333334 0.07685185185185185
4 0.1171875 0.3106481481481482 0.03125 0.0712962962962963
4 0.14921875 0.31157407407407406 0.03177083333333333 0.075
4 0.17630208333333333 0.31342592592592594 0.033854166666666664 0.07685185185185185
4 0.23177083333333334 0.32731481481481484 0.036458333333333336 0.07314814814814814
4 0.2604166666666667 0.33564814814814814 0.03125 0.075
4 0.2877604166666667 0.3365740740740741 0.03177083333333333 0.07314814814814814
4 0.31666666666666665 0.34444444444444444 0.03125 0.07777777777777778
4 0.34791666666666665 0.34629629629629627 0.029166666666666667 0.07037037037037037
4 0.40182291666666664 0.35833333333333334 0.028645833333333332 0.07592592592592592
4 0.42890625 0.35648148148148145 0.0234375 0.08148148148148149
4 0.4557291666666667 0.36018518518518516 0.023958333333333335 0.07407407407407407
4 0.6385416666666667 0.3976851851851852 0.025 0.08055555555555556
4 0.67890625 0.4462962962962963 0.05364583333333333 0.044444444444444446
4 0.68671875 0.4949074074074074 0.058854166666666666 0.04351851851851852
4 0.7015625 0.537962962962963 0.06354166666666666 0.04814814814814815
4 0.6065104166666667 0.5106481481481482 0.058854166666666666 0.05277777777777778
4 0.81953125 0.5805555555555556 0.06927083333333334 0.053703703703703705
4 0.4979166666666667 0.487962962962963 0.059375 0.04814814814814815
4 0.38359375 0.47314814814814815 0.06197916666666667 0.046296296296296294
4 0.37109375 0.5564814814814815 0.058854166666666666 0.05185185185185185
4 0.26067708333333334 0.5310185185185186 0.0609375 0.05092592592592592
4 0.17395833333333333 0.43333333333333335 0.05625 0.044444444444444446
4 0.06354166666666666 0.4148148148148148 0.06145833333333333 0.04814814814814815
4 0.0359375 0.4930555555555556 0.06145833333333333 0.05092592592592592
