4 0.64609375 0.1685185185185185 0.05677083333333333 0.11666666666666667
4 0.709375 0.09768518518518518 0.03854166666666667 0.08981481481481482
4 0.33984375 0.013425925925925926 0.0578125 0.026851851851851852
4 0.33307291666666666 0.3675925925925926 0.08072916666666667 0.07037037037037037
4 0.33541666666666664 0.2986111111111111 0.078125 0.06759259259259259
4 0.3346354166666667 0.23472222222222222 0.08072916666666667 0.06759259259259259
4 0.33359375 0.5824074074074074 0.10572916666666667 0.08333333333333333
4 0.3333333333333333 0.6819444444444445 0.10416666666666667 0.07685185185185185
4 0.3375 0.7768518518518519 0.11458333333333333 0.08333333333333333
4 0.33619791666666665 0.8875 0.12135416666666667 0.09907407407407408
4 0.51171875 0.4652777777777778 0.03802083333333333 0.14351851851851852
