4 0.009635416666666667 0.17314814814814813 0.019270833333333334 0.04259259259259259
4 0.04296875 0.14027777777777778 0.0328125 0.03796296296296296
4 0.040625 0.16527777777777777 0.04479166666666667 0.03796296296296296
4 0.06484375 0.10787037037037037 0.04114583333333333 0.03425925925925926
4 0.05416666666666667 0.20416666666666666 0.05 0.03981481481481482
4 0.0875 0.16111111111111112 0.046875 0.03333333333333333
4 0.09921875 0.1527777777777778 0.0453125 0.02962962962962963
4 0.10807291666666667 0.13564814814814816 0.043229166666666666 0.025
4 0.11979166666666667 0.12407407407407407 0.041666666666666664 0.024074074074074074
4 0.12109375 0.10972222222222222 0.03697916666666667 0.019444444444444445
4 0.20625 0.2740740740740741 0.04895833333333333 0.04814814814814815
4 0.42630208333333336 0.08703703703703704 0.019270833333333334 0.03148148148148148
4 0.47890625 0.20879629629629629 0.028645833333333332 0.05092592592592592
4 0.5028645833333333 0.40046296296296297 0.0765625 0.09351851851851851
4 0.6151041666666667 0.6055555555555555 0.07604166666666666 0.15925925925925927
4 0.6619791666666667 0.5291666666666667 0.075 0.1287037037037037
