4 0.11588541666666667 0.7212962962962963 0.07864583333333333 0.14074074074074075
4 0.17239583333333333 0.7273148148148149 0.058333333333333334 0.1287037037037037
4 0.4390625 0.7314814814814815 0.09583333333333334 0.08888888888888889
4 0.47578125 0.8106481481481481 0.10260416666666666 0.10092592592592593
4 0.06692708333333333 0.7189814814814814 0.0796875 0.12314814814814815
4 0.06692708333333333 0.9375 0.13385416666666666 0.06388888888888888
4 0.15494791666666666 0.43148148148148147 0.0453125 0.03148148148148148
4 0.24166666666666667 0.4587962962962963 0.05 0.032407407407407406
4 0.2234375 0.4337962962962963 0.046875 0.041666666666666664
4 0.6877604166666667 0.5523148148148148 0.05260416666666667 0.06759259259259259
4 0.57578125 0.37592592592592594 0.022395833333333334 0.03148148148148148
4 0.7088541666666667 0.5018518518518519 0.0375 0.037037037037037035
4 0.6703125 0.35694444444444445 0.023958333333333335 0.025
4 0.5588541666666667 0.34675925925925927 0.019791666666666666 0.021296296296296296
4 0.44973958333333336 0.30972222222222223 0.011979166666666667 0.017592592592592594
4 0.53828125 0.3087962962962963 0.0140625 0.017592592592592594
4 0.090625 0.4476851851851852 0.036458333333333336 0.021296296296296296
4 0.41354166666666664 0.3490740740740741 0.03125 0.022222222222222223
4 0.3328125 0.32685185185185184 0.015625 0.025925925925925925
4 0.31744791666666666 0.33240740740740743 0.016145833333333335 0.024074074074074074
4 0.37994791666666666 0.2222222222222222 0.0067708333333333336 0.009259259259259259
4 0.38255208333333335 0.23564814814814813 0.011979166666666667 0.010185185185185186
4 0.35442708333333334 0.3282407407407407 0.025520833333333333 0.023148148148148147
4 0.3653645833333333 0.32407407407407407 0.0203125 0.022222222222222223
4 0.37135416666666665 0.31712962962962965 0.017708333333333333 0.017592592592592594
4 0.37057291666666664 0.31157407407407406 0.0265625 0.017592592592592594
4 0.3776041666666667 0.3087962962962963 0.014583333333333334 0.012037037037037037
4 0.37109375 0.3050925925925926 0.0234375 0.013888888888888888
4 0.3671875 0.2986111111111111 0.025 0.019444444444444445
4 0.37109375 0.29212962962962963 0.021354166666666667 0.017592592592592594
4 0.3697916666666667 0.28379629629629627 0.020833333333333332 0.012037037037037037
4 0.3697916666666667 0.2777777777777778 0.020833333333333332 0.014814814814814815
4 0.4125 0.3263888888888889 0.0125 0.023148148148148147
4 0.415625 0.3138888888888889 0.015625 0.020370370370370372
4 0.40963541666666664 0.3023148148148148 0.0109375 0.021296296296296296
4 0.40651041666666665 0.2898148148148148 0.013020833333333334 0.012962962962962963
4 0.40546875 0.2828703703703704 0.011979166666666667 0.017592592592592594
4 0.2635416666666667 0.3458333333333333 0.03125 0.021296296296296296
4 0.29921875 0.33287037037037037 0.015104166666666667 0.028703703703703703
