0 0.017447916666666667 0.014814814814814815 0.030729166666666665 0.02962962962962963
0 0.05364583333333333 0.019444444444444445 0.042708333333333334 0.03333333333333333
0 0.13229166666666667 0.04814814814814815 0.046875 0.03148148148148148
0 0.18046875 0.052314814814814814 0.0296875 0.05648148148148148
0 0.2296875 0.05787037037037037 0.04375 0.041666666666666664
0 0.19140625 0.03333333333333333 0.0359375 0.04259259259259259
0 0.246875 0.046296296296296294 0.036458333333333336 0.044444444444444446
0 0.2830729166666667 0.022685185185185187 0.0359375 0.03981481481481482
0 0.3299479166666667 0.02962962962962963 0.0359375 0.03518518518518519
0 0.30026041666666664 0.05740740740740741 0.0421875 0.040740740740740744
0 0.2825520833333333 0.07361111111111111 0.05572916666666667 0.03796296296296296
0 0.35208333333333336 0.08888888888888889 0.05520833333333333 0.044444444444444446
0 0.41458333333333336 0.10787037037037037 0.06354166666666666 0.049074074074074076
0 0.38645833333333335 0.044444444444444446 0.052083333333333336 0.02962962962962963
0 0.4705729166666667 0.05787037037037037 0.028645833333333332 0.04537037037037037
0 0.50390625 0.047685185185185185 0.024479166666666666 0.06018518518518518
0 0.5802083333333333 0.04212962962962963 0.03125 0.05277777777777778
0 0.21927083333333333 0.15648148148148147 0.06875 0.06296296296296296
0 0.022916666666666665 0.1865740740740741 0.04583333333333333 0.058333333333333334
0 0.03411458333333333 0.23935185185185184 0.0671875 0.06388888888888888
0 0.08072916666666667 0.20833333333333334 0.075 0.04814814814814815
0 0.17291666666666666 0.2462962962962963 0.06041666666666667 0.07777777777777778
0 0.2526041666666667 0.2828703703703704 0.08645833333333333 0.07685185185185185
0 0.22473958333333333 0.32037037037037036 0.0890625 0.08703703703703704
0 0.31276041666666665 0.18194444444444444 0.06510416666666667 0.06388888888888888
0 0.03125 0.4263888888888889 0.0625 0.11388888888888889
0 0.05859375 0.4550925925925926 0.11510416666666666 0.13055555555555556
0 0.10182291666666667 0.4740740740740741 0.11927083333333334 0.1388888888888889
0 0.1484375 0.5365740740740741 0.10833333333333334 0.13796296296296295
0 0.21119791666666668 0.5587962962962963 0.11510416666666666 0.18055555555555555
0 0.2760416666666667 0.6092592592592593 0.10104166666666667 0.18703703703703703
0 0.3645833333333333 0.6657407407407407 0.09791666666666667 0.2074074074074074
0 0.484375 0.7245370370370371 0.09270833333333334 0.23055555555555557
0 0.490625 0.3662037037037037 0.08229166666666667 0.10833333333333334
0 0.6359375 0.12685185185185185 0.03229166666666667 0.06666666666666667
0 0.6690104166666667 0.19027777777777777 0.04010416666666667 0.08055555555555556
