4 0.16432291666666668 0.23333333333333334 0.030729166666666665 0.03518518518518519
4 0.20052083333333334 0.24861111111111112 0.029166666666666667 0.04537037037037037
4 0.27317708333333335 0.12546296296296297 0.022395833333333334 0.032407407407407406
4 0.32005208333333335 0.05787037037037037 0.018229166666666668 0.025
4 0.30416666666666664 0.008333333333333333 0.017708333333333333 0.016666666666666666
4 0.34713541666666664 0.35509259259259257 0.019270833333333334 0.041666666666666664
4 0.41380208333333335 0.2611111111111111 0.0171875 0.03888888888888889
4 0.2640625 0.4546296296296296 0.021875 0.04259259259259259
4 0.4796875 0.5967592592592592 0.019791666666666666 0.06759259259259259
4 0.43671875 0.0875 0.009895833333333333 0.023148148148148147
4 0.47317708333333336 0.07546296296296297 0.009895833333333333 0.021296296296296296
4 0.4466145833333333 0.0375 0.008854166666666666 0.028703703703703703
