0 0.31953125 0.524537037037037 0.0203125 0.07685185185185185
0 0.29765625 0.36666666666666664 0.019270833333333334 0.05185185185185185
0 0.3307291666666667 0.2111111111111111 0.016666666666666666 0.040740740740740744
0 0.31015625 0.12962962962962962 0.016145833333333335 0.03518518518518519
0 0.41171875 0.04861111111111111 0.016145833333333335 0.04537037037037037
0 0.31328125 0.03796296296296296 0.013020833333333334 0.02962962962962963
0 0.70703125 0.5611111111111111 0.021354166666666667 0.040740740740740744
0 0.625 0.47129629629629627 0.026041666666666668 0.05555555555555555
0 0.6372395833333333 0.19722222222222222 0.025520833333333333 0.027777777777777776
0 0.5927083333333333 0.11666666666666667 0.025 0.03333333333333333
0 0.5354166666666667 0.06481481481481481 0.01875 0.02962962962962963
0 0.67265625 0.15925925925925927 0.030729166666666665 0.022222222222222223
