4 0.940625 1.0324074074074074 0.10625 0.09814814814814815
4 0.8263020833333333 0.9837962962962963 0.0796875 0.08981481481481482
4 0.7213541666666666 0.8944444444444445 0.08645833333333333 0.10555555555555556
4 0.6455729166666667 0.8064814814814815 0.06510416666666667 0.07962962962962963
4 0.4796875 0.6356481481481482 0.06041666666666667 0.062037037037037036
4 0.09244791666666667 0.5861111111111111 0.0578125 0.044444444444444446
4 0.2869791666666667 0.45185185185185184 0.034375 0.044444444444444446
4 0.3098958333333333 0.40694444444444444 0.03229166666666667 0.03981481481481482
4 0.26484375 0.3712962962962963 0.03177083333333333 0.04259259259259259
4 0.23802083333333332 0.40879629629629627 0.035416666666666666 0.04722222222222222
4 0.3890625 0.2861111111111111 0.027083333333333334 0.03148148148148148
4 0.35520833333333335 0.25833333333333336 0.025 0.03518518518518519
4 0.3328125 0.2833333333333333 0.026041666666666668 0.03518518518518519
4 0.40703125 0.25555555555555554 0.024479166666666666 0.025925925925925925
4 0.4361979166666667 0.23287037037037037 0.033854166666666664 0.025
4 0.45598958333333334 0.2101851851851852 0.027604166666666666 0.024074074074074074
4 0.43359375 0.1712962962962963 0.018229166666666668 0.022222222222222223
4 0.44817708333333334 0.15555555555555556 0.0171875 0.024074074074074074
4 0.4817708333333333 0.12731481481481483 0.015625 0.019444444444444445
4 0.4752604166666667 0.17453703703703705 0.016145833333333335 0.021296296296296296
4 0.48854166666666665 0.15925925925925927 0.015625 0.022222222222222223
