4 0.26145833333333335 0.5532407407407407 0.190625 0.12685185185185185
4 0.16380208333333332 0.2375 0.04739583333333333 0.03425925925925926
4 0.26588541666666665 0.22592592592592592 0.021354166666666667 0.03518518518518519
4 0.2950520833333333 0.2162037037037037 0.0296875 0.04351851851851852
4 0.3098958333333333 0.20694444444444443 0.021875 0.032407407407407406
4 0.20520833333333333 0.21851851851851853 0.04791666666666667 0.02962962962962963
4 0.13984375 0.1763888888888889 0.033854166666666664 0.021296296296296296
4 0.16171875 0.1962962962962963 0.03697916666666667 0.027777777777777776
4 0.23203125 0.17314814814814813 0.033854166666666664 0.022222222222222223
4 0.25677083333333334 0.18935185185185185 0.03958333333333333 0.025
4 0.2875 0.18333333333333332 0.041666666666666664 0.025925925925925925
4 0.27838541666666666 0.1736111111111111 0.028645833333333332 0.023148148148148147
