4 0.35703125 0.8518518518518519 0.18177083333333333 0.16666666666666666
4 0.4825520833333333 0.937037037037037 0.23177083333333334 0.07037037037037037
4 0.6315104166666666 0.5685185185185185 0.0421875 0.02962962962962963
4 0.6674479166666667 0.5412037037037037 0.022395833333333334 0.017592592592592594
4 0.53359375 0.5458333333333333 0.028645833333333332 0.019444444444444445
4 0.496875 0.5208333333333334 0.01875 0.01574074074074074
4 0.4479166666666667 0.5560185185185185 0.029166666666666667 0.026851851851851852
4 0.47708333333333336 0.5333333333333333 0.01875 0.020370370370370372
4 0.44140625 0.525 0.015104166666666667 0.012962962962962963
4 0.4203125 0.524537037037037 0.014583333333333334 0.013888888888888888
4 0.38828125 0.5138888888888888 0.009895833333333333 0.009259259259259259
4 0.3263020833333333 0.5486111111111112 0.019270833333333334 0.025
4 0.3653645833333333 0.5125 0.0109375 0.012037037037037037
4 0.3203125 0.5041666666666667 0.007291666666666667 0.008333333333333333
4 0.2981770833333333 0.5032407407407408 0.005729166666666666 0.006481481481481481
4 0.2791666666666667 0.5027777777777778 0.005208333333333333 0.007407407407407408
4 0.7197916666666667 0.5805555555555556 0.01875 0.03148148148148148
