0 0.42473958333333334 0.9236111111111112 0.13385416666666666 0.09722222222222222
0 0.4197916666666667 0.8064814814814815 0.121875 0.10925925925925926
0 0.40078125 0.5180555555555556 0.09635416666666667 0.08981481481481482
0 0.39348958333333334 0.4337962962962963 0.09114583333333333 0.08055555555555556
0 0.39375 0.3236111111111111 0.08854166666666667 0.075
0 0.5716145833333334 0.08842592592592592 0.044270833333333336 0.09166666666666666
0 0.38567708333333334 0.17824074074074073 0.07239583333333334 0.06388888888888888
0 0.3958333333333333 0.26805555555555555 0.090625 0.06574074074074074
0 0.48046875 0.17453703703703705 0.0359375 0.08425925925925926
0 0.4625 0.06712962962962964 0.027083333333333334 0.058333333333333334
0 0.38333333333333336 0.13935185185185187 0.06458333333333334 0.05277777777777778
0 0.37916666666666665 0.10555555555555556 0.06354166666666666 0.053703703703703705
0 0.37161458333333336 0.022222222222222223 0.05572916666666667 0.044444444444444446
0 0.6924479166666667 0.513425925925926 0.0734375 0.17314814814814813
0 0.6346354166666667 0.29305555555555557 0.0578125 0.1175925925925926
0 0.15130208333333334 0.43796296296296294 0.10052083333333334 0.08148148148148149
0 0.09322916666666667 0.8004629629629629 0.14583333333333334 0.11574074074074074
0 0.22604166666666667 0.02824074074074074 0.06145833333333333 0.049074074074074076
