0 0.14869791666666668 0.8912037037037037 0.1078125 0.16203703703703703
0 0.5901041666666667 0.8708333333333333 0.1 0.20277777777777778
0 0.5557291666666667 0.6611111111111111 0.078125 0.15185185185185185
0 0.5231770833333333 0.5087962962962963 0.050520833333333334 0.11018518518518519
0 0.23463541666666668 0.638425925925926 0.0796875 0.16574074074074074
0 0.27447916666666666 0.5162037037037037 0.04895833333333333 0.11388888888888889
0 0.3059895833333333 0.4425925925925926 0.0484375 0.08148148148148149
0 0.52265625 0.4300925925925926 0.0453125 0.08425925925925926
0 0.32916666666666666 0.37037037037037035 0.041666666666666664 0.06666666666666667
0 0.3502604166666667 0.3226851851851852 0.0328125 0.05277777777777778
0 0.37135416666666665 0.28425925925925927 0.020833333333333332 0.037037037037037035
0 0.50546875 0.324537037037037 0.027604166666666666 0.04351851851851852
0 0.5059895833333333 0.287962962962963 0.022395833333333334 0.046296296296296294
0 0.3846354166666667 0.25787037037037036 0.0265625 0.04537037037037037
0 0.3736979166666667 0.2388888888888889 0.03802083333333333 0.044444444444444446
0 0.3416666666666667 0.22083333333333333 0.03958333333333333 0.03425925925925926
0 0.3807291666666667 0.20925925925925926 0.040625 0.027777777777777776
0 0.3390625 0.2023148148148148 0.035416666666666666 0.030555555555555555
0 0.39947916666666666 0.2050925925925926 0.03333333333333333 0.025
0 0.41848958333333336 0.19814814814814816 0.030729166666666665 0.024074074074074074
0 0.42526041666666664 0.19166666666666668 0.033854166666666664 0.025925925925925925
0 0.42942708333333335 0.1824074074074074 0.027604166666666666 0.024074074074074074
0 0.43515625 0.1736111111111111 0.025520833333333333 0.023148148148148147
0 0.4390625 0.16620370370370371 0.026041666666666668 0.023148148148148147
0 0.4427083333333333 0.16018518518518518 0.020833333333333332 0.020370370370370372
0 0.44921875 0.1574074074074074 0.022395833333333334 0.020370370370370372
0 0.45078125 0.15185185185185185 0.024479166666666666 0.018518518518518517
0 0.4513020833333333 0.14953703703703702 0.021354166666666667 0.023148148148148147
0 0.45598958333333334 0.14537037037037037 0.022395833333333334 0.018518518518518517
0 0.45625 0.14074074074074075 0.021875 0.024074074074074074
0 0.4591145833333333 0.13796296296296295 0.021354166666666667 0.022222222222222223
0 0.4661458333333333 0.13148148148148148 0.020833333333333332 0.014814814814814815
0 0.47630208333333335 0.11898148148148148 0.0203125 0.01574074074074074
0 0.47994791666666664 0.11666666666666667 0.019270833333333334 0.016666666666666666
0 0.4796875 0.11342592592592593 0.01875 0.019444444444444445
0 0.48098958333333336 0.11203703703703703 0.022395833333333334 0.018518518518518517
0 0.48489583333333336 0.10740740740740741 0.015625 0.014814814814814815
0 0.4875 0.10555555555555556 0.014583333333333334 0.014814814814814815
0 0.49140625 0.09907407407407408 0.018229166666666668 0.012962962962962963
0 0.4947916666666667 0.09583333333333334 0.013541666666666667 0.013888888888888888
0 0.4973958333333333 0.09074074074074075 0.0125 0.011111111111111112
0 0.49973958333333335 0.08888888888888889 0.009895833333333333 0.011111111111111112
0 0.5005208333333333 0.0875 0.010416666666666666 0.010185185185185186
0 0.50234375 0.08518518518518518 0.0109375 0.011111111111111112
0 0.5075520833333333 0.07685185185185185 0.0109375 0.012962962962962963
0 0.5419270833333333 0.06944444444444445 0.0067708333333333336 0.009259259259259259
0 0.534375 0.0763888888888889 0.007291666666666667 0.010185185185185186
0 0.5390625 0.08148148148148149 0.007291666666666667 0.011111111111111112
0 0.5375 0.08472222222222223 0.00625 0.008333333333333333
0 0.534375 0.09074074074074075 0.00625 0.009259259259259259
0 0.5283854166666667 0.1087962962962963 0.0078125 0.010185185185185186
0 0.5270833333333333 0.11435185185185186 0.008333333333333333 0.010185185185185186
0 0.5263020833333333 0.11712962962962963 0.0078125 0.010185185185185186
0 0.5265625 0.12222222222222222 0.009375 0.011111111111111112
0 0.5229166666666667 0.12824074074074074 0.010416666666666666 0.012037037037037037
0 0.51171875 0.17407407407407408 0.015104166666666667 0.025925925925925925
0 0.5239583333333333 0.14166666666666666 0.01875 0.016666666666666666
0 0.51484375 0.1449074074074074 0.0171875 0.01574074074074074
0 0.51328125 0.15462962962962962 0.018229166666666668 0.018518518518518517
0 0.5106770833333333 0.16203703703703703 0.0203125 0.018518518518518517
0 0.50625 0.19074074074074074 0.021875 0.024074074074074074
0 0.5083333333333333 0.19814814814814816 0.016666666666666666 0.027777777777777776
0 0.52578125 0.2162037037037037 0.0421875 0.030555555555555555
0 0.5466145833333333 0.24305555555555555 0.044270833333333336 0.03796296296296296
0 0.4901041666666667 0.23703703703703705 0.042708333333333334 0.03518518518518519
0 0.5049479166666667 0.262037037037037 0.025520833333333333 0.03148148148148148
