4 0.07395833333333333 0.18055555555555555 0.05 0.03888888888888889
4 0.07317708333333334 0.05648148148148148 0.0484375 0.044444444444444446
4 0.20104166666666667 0.1814814814814815 0.05 0.05
4 0.18333333333333332 0.24305555555555555 0.051041666666666666 0.05092592592592592
4 0.27109375 0.26435185185185184 0.028645833333333332 0.08425925925925926
4 0.3065104166666667 0.3263888888888889 0.022395833333333334 0.08981481481481482
4 0.22864583333333333 0.3384259259259259 0.028125 0.08425925925925926
4 0.19609375 0.48055555555555557 0.049479166666666664 0.06481481481481481
4 0.31015625 0.48703703703703705 0.022395833333333334 0.08888888888888889
4 0.14322916666666666 0.6513888888888889 0.04791666666666667 0.0824074074074074
4 0.15442708333333333 0.6972222222222222 0.0484375 0.07592592592592592
4 0.24036458333333333 0.7555555555555555 0.022395833333333334 0.08148148148148149
4 0.23723958333333334 0.937037037037037 0.024479166666666666 0.07037037037037037
4 0.3494791666666667 0.49398148148148147 0.022916666666666665 0.09537037037037037
4 0.34817708333333336 0.6037037037037037 0.019270833333333334 0.08703703703703704
4 0.35390625 0.14675925925925926 0.021354166666666667 0.09166666666666666
4 0.0296875 0.46805555555555556 0.04479166666666667 0.08611111111111111
4 0.050520833333333334 0.3226851851851852 0.05625 0.04351851851851852
4 0.05026041666666667 0.25601851851851853 0.05677083333333333 0.04722222222222222
