0 0.12760416666666666 0.6069444444444444 0.07708333333333334 0.15092592592592594
0 0.09166666666666666 0.26342592592592595 0.051041666666666666 0.08055555555555556
0 0.21067708333333332 0.052314814814814814 0.021354166666666667 0.04351851851851852
0 0.22890625 0.021296296296296296 0.025520833333333333 0.04259259259259259
0 0.4583333333333333 0.32546296296296295 0.06979166666666667 0.06018518518518518
0 0.45859375 0.2916666666666667 0.06510416666666667 0.053703703703703705
0 0.45625 0.2569444444444444 0.06041666666666667 0.04722222222222222
0 0.45598958333333334 0.23287037037037037 0.0609375 0.049074074074074076
0 0.45260416666666664 0.20879629629629629 0.04895833333333333 0.03796296296296296
0 0.45703125 0.18009259259259258 0.05677083333333333 0.04722222222222222
0 0.45390625 0.15555555555555556 0.04635416666666667 0.046296296296296294
0 0.4549479166666667 0.14351851851851852 0.05260416666666667 0.046296296296296294
0 0.45338541666666665 0.10462962962962963 0.0453125 0.04814814814814815
0 0.45338541666666665 0.08611111111111111 0.043229166666666666 0.03148148148148148
0 0.45677083333333335 0.075 0.04583333333333333 0.03518518518518519
0 0.4549479166666667 0.05925925925925926 0.04114583333333333 0.027777777777777776
0 0.45416666666666666 0.047685185185185185 0.03854166666666667 0.03611111111111111
0 0.45364583333333336 0.028703703703703703 0.034375 0.025925925925925925
0 0.16953125 0.05694444444444444 0.024479166666666666 0.041666666666666664
0 0.1921875 0.025 0.019791666666666666 0.037037037037037035
