0 0.20989583333333334 0.30092592592592593 0.010416666666666666 0.037037037037037035
0 0.22369791666666666 0.31342592592592594 0.0109375 0.03796296296296296
0 0.20130208333333333 0.12453703703703704 0.0109375 0.03611111111111111
0 0.01796875 0.3902777777777778 0.021354166666666667 0.032407407407407406
0 0.14322916666666666 0.7041666666666667 0.01875 0.021296296296296296
0 0.41119791666666666 0.9097222222222222 0.009895833333333333 0.03425925925925926
0 0.3854166666666667 0.7944444444444444 0.01875 0.02962962962962963
0 0.41848958333333336 0.48564814814814816 0.008854166666666666 0.03796296296296296
0 0.41822916666666665 0.5745370370370371 0.008333333333333333 0.03611111111111111
0 0.5010416666666667 0.19027777777777777 0.008333333333333333 0.03611111111111111
0 0.5010416666666667 0.2898148148148148 0.010416666666666666 0.03518518518518519
0 0.5046875 0.3611111111111111 0.010416666666666666 0.037037037037037035
0 0.5919270833333333 0.5458333333333333 0.009895833333333333 0.03611111111111111
