0 0.6361979166666667 0.6944444444444444 0.018229166666666668 0.05555555555555555
0 0.6302083333333334 0.5481481481481482 0.020833333333333332 0.040740740740740744
0 0.61328125 0.4759259259259259 0.016145833333333335 0.03148148148148148
0 0.60078125 0.4425925925925926 0.013020833333333334 0.02962962962962963
0 0.4276041666666667 0.5893518518518519 0.016666666666666666 0.06574074074074074
0 0.41171875 0.5324074074074074 0.016145833333333335 0.053703703703703705
0 0.38828125 0.4699074074074074 0.019270833333333334 0.04537037037037037
0 0.3546875 0.5171296296296296 0.019791666666666666 0.05092592592592592
0 0.43411458333333336 0.18935185185185185 0.0109375 0.021296296296296296
0 0.4861979166666667 0.21435185185185185 0.0109375 0.026851851851851852
0 0.4765625 0.17916666666666667 0.010416666666666666 0.025
0 0.49505208333333334 0.16203703703703703 0.008854166666666666 0.016666666666666666
0 0.46536458333333336 0.13518518518518519 0.009895833333333333 0.020370370370370372
0 0.47760416666666666 0.09583333333333334 0.009375 0.017592592592592594
0 0.5080729166666667 0.059722222222222225 0.0109375 0.019444444444444445
0 0.5333333333333333 0.0375 0.009375 0.019444444444444445
0 0.34791666666666665 0.2574074074074074 0.015625 0.022222222222222223
0 0.4596354166666667 0.6888888888888889 0.016145833333333335 0.05
0 0.45729166666666665 0.6393518518518518 0.013541666666666667 0.049074074074074076
0 0.4765625 0.4685185185185185 0.027083333333333334 0.022222222222222223
0 0.4752604166666667 0.45787037037037037 0.025520833333333333 0.021296296296296296
0 0.47291666666666665 0.44027777777777777 0.01875 0.017592592592592594
0 0.4744791666666667 0.4300925925925926 0.020833333333333332 0.023148148148148147
0 0.47421875 0.4148148148148148 0.0171875 0.018518518518518517
0 0.4739583333333333 0.40185185185185185 0.015625 0.018518518518518517
