4 0.2484375 0.9212962962962963 0.041666666666666664 0.07222222222222222
4 0.30755208333333334 0.9231481481481482 0.033854166666666664 0.07962962962962963
4 0.31015625 0.6819444444444445 0.03802083333333333 0.062037037037037036
4 0.34817708333333336 0.6101851851851852 0.03697916666666667 0.05925925925925926
4 0.35390625 0.5689814814814815 0.04010416666666667 0.06018518518518518
4 0.3614583333333333 0.5254629629629629 0.03854166666666667 0.06018518518518518
4 0.4625 0.30648148148148147 0.030208333333333334 0.05925925925925926
4 0.5244791666666667 0.2935185185185185 0.03125 0.05555555555555555
4 0.5177083333333333 0.7263888888888889 0.03333333333333333 0.06944444444444445
4 0.6028645833333334 0.8666666666666667 0.0390625 0.05925925925925926
4 0.6903645833333333 0.6263888888888889 0.0328125 0.058333333333333334
4 0.7002604166666667 0.6041666666666666 0.03802083333333333 0.062037037037037036
4 0.71015625 0.5763888888888888 0.03802083333333333 0.06018518518518518
4 0.71640625 0.5430555555555555 0.025520833333333333 0.04722222222222222
