0 0.21171875 0.5569444444444445 0.022395833333333334 0.05648148148148148
0 0.23619791666666667 0.37962962962962965 0.016145833333333335 0.040740740740740744
0 0.37109375 0.4023148148148148 0.015104166666666667 0.04722222222222222
0 0.2671875 0.29212962962962963 0.014583333333333334 0.03796296296296296
0 0.3182291666666667 0.18564814814814815 0.0125 0.032407407407407406
0 0.2752604166666667 0.1814814814814815 0.013020833333333334 0.027777777777777776
0 0.29296875 0.15555555555555556 0.011979166666666667 0.027777777777777776
0 0.27734375 0.12037037037037036 0.011979166666666667 0.025925925925925925
0 0.26484375 0.08425925925925926 0.0109375 0.022222222222222223
0 0.2955729166666667 0.05416666666666667 0.009895833333333333 0.023148148148148147
0 0.2796875 0.03564814814814815 0.010416666666666666 0.021296296296296296
0 0.41458333333333336 0.05185185185185185 0.01875 0.016666666666666666
0 0.6502604166666667 0.03009259259259259 0.013020833333333334 0.017592592592592594
0 0.6609375 0.04490740740740741 0.011458333333333333 0.019444444444444445
0 0.6388020833333333 0.014814814814814815 0.0078125 0.012962962962962963
