4 0.3859375 0.6699074074074074 0.023958333333333335 0.0712962962962963
4 0.4049479166666667 0.375 0.0140625 0.04259259259259259
4 0.41015625 0.32916666666666666 0.0140625 0.03425925925925926
4 0.41848958333333336 0.29259259259259257 0.013020833333333334 0.03148148148148148
4 0.4205729166666667 0.2518518518518518 0.0140625 0.03518518518518519
4 0.43020833333333336 0.22314814814814815 0.010416666666666666 0.03148148148148148
4 0.43776041666666665 0.19444444444444445 0.011979166666666667 0.02962962962962963
4 0.42421875 0.5736111111111111 0.0171875 0.058333333333333334
4 0.5700520833333333 0.65 0.018229166666666668 0.07407407407407407
4 0.3625 0.10277777777777777 0.00625 0.016666666666666666
