0 0.3151041666666667 0.8726851851851852 0.078125 0.19907407407407407
0 0.5796875 0.6203703703703703 0.053125 0.09259259259259259
0 0.5106770833333333 0.4152777777777778 0.03177083333333333 0.049074074074074076
0 0.478125 0.3402777777777778 0.025 0.03425925925925926
0 0.42604166666666665 0.33611111111111114 0.022916666666666665 0.027777777777777776
0 0.37942708333333336 0.4009259259259259 0.028645833333333332 0.05185185185185185
0 0.37473958333333335 0.3685185185185185 0.0203125 0.03518518518518519
0 0.37083333333333335 0.35185185185185186 0.021875 0.02962962962962963
0 0.32447916666666665 0.300462962962963 0.03333333333333333 0.021296296296296296
0 0.4518229166666667 0.2861111111111111 0.016145833333333335 0.03333333333333333
0 0.34609375 0.2564814814814815 0.0109375 0.022222222222222223
0 0.3692708333333333 0.2625 0.0125 0.025
0 0.4354166666666667 0.262037037037037 0.015625 0.024074074074074074
0 0.36640625 0.25046296296296294 0.0109375 0.01574074074074074
0 0.3625 0.24074074074074073 0.011458333333333333 0.016666666666666666
0 0.36171875 0.2337962962962963 0.0109375 0.019444444444444445
