4 0.4640625 0.7296296296296296 0.128125 0.10740740740740741
4 0.4557291666666667 0.6300925925925925 0.109375 0.09351851851851851
4 0.41953125 0.43333333333333335 0.0859375 0.06851851851851852
4 0.409375 0.38333333333333336 0.084375 0.06666666666666667
4 0.41302083333333334 0.34629629629629627 0.07291666666666667 0.046296296296296294
4 0.40677083333333336 0.3162037037037037 0.06770833333333333 0.049074074074074076
4 0.40286458333333336 0.28194444444444444 0.0609375 0.04722222222222222
4 0.39427083333333335 0.25972222222222224 0.06354166666666666 0.049074074074074076
4 0.40598958333333335 0.2310185185185185 0.05364583333333333 0.03981481481481482
4 0.3997395833333333 0.20879629629629629 0.044270833333333336 0.026851851851851852
4 0.39609375 0.19444444444444445 0.04635416666666667 0.03518518518518519
4 0.36692708333333335 0.17962962962962964 0.043229166666666666 0.04259259259259259
4 0.34765625 0.16666666666666666 0.0453125 0.03518518518518519
4 0.34817708333333336 0.15046296296296297 0.04010416666666667 0.026851851851851852
4 0.35651041666666666 0.13935185185185187 0.044270833333333336 0.03425925925925926
4 0.3611979166666667 0.12407407407407407 0.044270833333333336 0.03333333333333333
4 0.33932291666666664 0.10462962962962963 0.04010416666666667 0.03333333333333333
4 0.33932291666666664 0.0875 0.0328125 0.025
4 0.33958333333333335 0.07314814814814814 0.03333333333333333 0.024074074074074074
4 0.3359375 0.05648148148148148 0.029166666666666667 0.027777777777777776
4 0.11067708333333333 0.524537037037037 0.1140625 0.08425925925925926
4 0.1375 0.4634259259259259 0.096875 0.08055555555555556
4 0.14296875 0.40370370370370373 0.08697916666666666 0.06666666666666667
4 0.15625 0.3675925925925926 0.08541666666666667 0.05925925925925926
4 0.17890625 0.3277777777777778 0.07552083333333333 0.06111111111111111
4 0.1875 0.29907407407407405 0.07604166666666666 0.05
4 0.19869791666666667 0.27685185185185185 0.07239583333333334 0.05
4 0.22109375 0.21296296296296297 0.0546875 0.03888888888888889
4 0.23541666666666666 0.19814814814814816 0.058333333333333334 0.04259259259259259
4 0.23802083333333332 0.18055555555555555 0.053125 0.044444444444444446
4 0.228125 0.15324074074074073 0.04895833333333333 0.03425925925925926
4 0.23671875 0.1388888888888889 0.0453125 0.027777777777777776
4 0.240625 0.13148148148148148 0.04791666666666667 0.03148148148148148
4 0.240625 0.12175925925925926 0.04583333333333333 0.028703703703703703
4 0.25 0.11157407407407408 0.041666666666666664 0.026851851851851852
4 0.24895833333333334 0.10185185185185185 0.041666666666666664 0.02962962962962963
4 0.022395833333333334 0.3768518518518518 0.04375 0.07962962962962963
4 0.026041666666666668 0.29259259259259257 0.052083333333333336 0.07037037037037037
4 0.055989583333333336 0.3037037037037037 0.0546875 0.06111111111111111
4 0.13177083333333334 0.1884259259259259 0.03229166666666667 0.03981481481481482
4 0.15625 0.15694444444444444 0.026041666666666668 0.028703703703703703
4 0.26015625 0.07314814814814814 0.0359375 0.022222222222222223
4 0.2635416666666667 0.06759259259259259 0.03125 0.020370370370370372
4 0.2716145833333333 0.044444444444444446 0.0328125 0.022222222222222223
4 0.2 0.07268518518518519 0.014583333333333334 0.023148148148148147
4 0.20520833333333333 0.05324074074074074 0.013541666666666667 0.01574074074074074
4 0.21979166666666666 0.03009259259259259 0.009375 0.021296296296296296
4 0.27786458333333336 0.02175925925925926 0.018229166666666668 0.013888888888888888
4 0.37786458333333334 0.07314814814814814 0.013020833333333334 0.027777777777777776
4 0.30442708333333335 0.04583333333333333 0.016145833333333335 0.019444444444444445
