4 0.23932291666666666 0.6657407407407407 0.025520833333333333 0.05925925925925926
4 0.4036458333333333 0.35324074074074074 0.0125 0.021296296296296296
4 0.47734375 0.39444444444444443 0.013020833333333334 0.03148148148148148
4 0.5484375 0.4027777777777778 0.021875 0.018518518518518517
4 0.4088541666666667 0.15833333333333333 0.004166666666666667 0.009259259259259259
4 0.39557291666666666 0.12361111111111112 0.0036458333333333334 0.006481481481481481
4 0.47109375 0.1375 0.009895833333333333 0.008333333333333333
4 0.4544270833333333 0.15185185185185185 0.009895833333333333 0.007407407407407408
4 0.4640625 0.11805555555555555 0.004166666666666667 0.006481481481481481
4 0.45859375 0.11944444444444445 0.0046875 0.007407407407407408
4 0.09453125 0.2513888888888889 0.016145833333333335 0.010185185185185186
4 0.47578125 0.08657407407407407 0.0067708333333333336 0.004629629629629629
