0 0.3229166666666667 0.8962962962962963 0.06875 0.15185185185185185
0 0.20625 0.7810185185185186 0.08541666666666667 0.24537037037037038
0 0.18828125 0.06851851851851852 0.034895833333333334 0.044444444444444446
0 0.15130208333333334 0.08657407407407407 0.034895833333333334 0.04351851851851852
0 0.2786458333333333 0.014351851851851852 0.020833333333333332 0.028703703703703703
0 0.0609375 0.14537037037037037 0.04583333333333333 0.05185185185185185
0 0.04739583333333333 0.25416666666666665 0.07916666666666666 0.0712962962962963
0 0.046875 0.33611111111111114 0.09375 0.07222222222222222
0 0.23802083333333332 0.5476851851851852 0.058333333333333334 0.14351851851851852
0 0.41354166666666664 0.6944444444444444 0.06770833333333333 0.21481481481481482
0 0.40130208333333334 0.48194444444444445 0.04635416666666667 0.1287037037037037
0 0.3893229166666667 0.3592592592592593 0.0421875 0.10555555555555556
0 0.3606770833333333 0.1712962962962963 0.06614583333333333 0.053703703703703705
0 0.2513020833333333 0.39490740740740743 0.049479166666666664 0.13425925925925927
0 0.2752604166666667 0.2671296296296296 0.04114583333333333 0.0787037037037037
0 0.29244791666666664 0.1162037037037037 0.027604166666666666 0.049074074074074076
0 0.43072916666666666 0.9291666666666667 0.06979166666666667 0.08611111111111111
