4 0.5744791666666667 1.035648148148148 0.12604166666666666 0.15833333333333333
4 0.5942708333333333 0.887962962962963 0.14270833333333333 0.12777777777777777
4 0.60625 0.6319444444444444 0.11770833333333333 0.09722222222222222
4 0.62109375 0.5787037037037037 0.10260416666666666 0.08888888888888889
4 0.3846354166666667 0.5842592592592593 0.07447916666666667 0.11296296296296296
4 0.3859375 0.37546296296296294 0.053125 0.075
4 0.40286458333333336 0.3490740740740741 0.06927083333333334 0.07037037037037037
4 0.44088541666666664 0.337037037037037 0.06927083333333334 0.06296296296296296
4 0.4783854166666667 0.3212962962962963 0.06927083333333334 0.06296296296296296
4 0.49895833333333334 0.2796296296296296 0.07708333333333334 0.05185185185185185
4 0.6401041666666667 0.2523148148148148 0.065625 0.04351851851851852
4 0.6494791666666667 0.2337962962962963 0.059375 0.041666666666666664
4 0.6546875 0.18055555555555555 0.059375 0.04259259259259259
4 0.64609375 0.15925925925925927 0.0484375 0.03888888888888889
4 0.6546875 0.12314814814814815 0.04479166666666667 0.037037037037037035
