0 0.27786458333333336 0.5268518518518519 0.0484375 0.0962962962962963
0 0.3580729166666667 0.4027777777777778 0.06614583333333333 0.07592592592592592
0 0.3528645833333333 0.5944444444444444 0.050520833333333334 0.12037037037037036
0 0.33880208333333334 0.7449074074074075 0.06614583333333333 0.17685185185185184
0 0.6669270833333333 0.7217592592592592 0.12135416666666667 0.10648148148148148
0 0.6755208333333333 0.8375 0.10729166666666666 0.13425925925925927
0 0.5942708333333333 0.5296296296296297 0.09166666666666666 0.08333333333333333
0 0.5815104166666667 0.462037037037037 0.09635416666666667 0.08148148148148149
0 0.5700520833333333 0.4162037037037037 0.08177083333333333 0.06574074074074074
0 0.5557291666666667 0.37407407407407406 0.06666666666666667 0.05
0 0.5385416666666667 0.3527777777777778 0.06875 0.053703703703703705
0 0.52265625 0.31851851851851853 0.0546875 0.046296296296296294
0 0.5143229166666666 0.29444444444444445 0.0515625 0.03888888888888889
0 0.50859375 0.27685185185185185 0.06302083333333333 0.046296296296296294
0 0.38203125 0.31574074074074077 0.043229166666666666 0.05925925925925926
0 0.5091145833333334 0.2662037037037037 0.05364583333333333 0.05277777777777778
0 0.5049479166666667 0.25 0.05260416666666667 0.040740740740740744
0 0.49296875 0.22314814814814815 0.04739583333333333 0.03333333333333333
0 0.48515625 0.2013888888888889 0.04739583333333333 0.032407407407407406
0 0.4778645833333333 0.1925925925925926 0.04739583333333333 0.03518518518518519
0 0.4778645833333333 0.18333333333333332 0.0421875 0.03888888888888889
0 0.46822916666666664 0.1412037037037037 0.016666666666666666 0.026851851851851852
0 0.45364583333333336 0.13472222222222222 0.021875 0.025
0 0.4479166666666667 0.12314814814814815 0.019791666666666666 0.022222222222222223
0 0.44166666666666665 0.11296296296296296 0.017708333333333333 0.024074074074074074
0 0.43359375 0.1037037037037037 0.015104166666666667 0.022222222222222223
0 0.42682291666666666 0.09490740740740741 0.015104166666666667 0.019444444444444445
0 0.42213541666666665 0.08888888888888889 0.016145833333333335 0.020370370370370372
0 0.4161458333333333 0.08148148148148149 0.014583333333333334 0.020370370370370372
0 0.4046875 0.07222222222222222 0.013541666666666667 0.016666666666666666
0 0.40130208333333334 0.06481481481481481 0.011979166666666667 0.016666666666666666
0 0.3580729166666667 0.034722222222222224 0.008854166666666666 0.013888888888888888
0 0.3807291666666667 0.2722222222222222 0.03958333333333333 0.04814814814814815
0 0.375 0.23935185185185184 0.021875 0.03796296296296296
0 0.3815104166666667 0.20462962962962963 0.030729166666666665 0.03518518518518519
0 0.37473958333333335 0.17962962962962964 0.018229166666666668 0.03148148148148148
0 0.35182291666666665 0.16620370370370371 0.028645833333333332 0.03611111111111111
0 0.3703125 0.13796296296296295 0.01875 0.03148148148148148
0 0.36796875 0.12175925925925926 0.0140625 0.023148148148148147
0 0.3572916666666667 0.0837962962962963 0.019791666666666666 0.023148148148148147
0 0.35078125 0.062037037037037036 0.0140625 0.018518518518518517
