4 0.010416666666666666 0.9671296296296297 0.020833333333333332 0.05462962962962963
4 0.14088541666666668 0.8944444444444445 0.06197916666666667 0.08518518518518518
4 0.12135416666666667 0.8115740740740741 0.06458333333333334 0.06388888888888888
4 0.05546875 0.675 0.0578125 0.06851851851851852
4 0.21614583333333334 0.4759259259259259 0.04375 0.046296296296296294
4 0.26588541666666665 0.5356481481481481 0.0484375 0.05277777777777778
4 0.284375 0.5564814814814815 0.046875 0.05185185185185185
4 0.06822916666666666 0.30416666666666664 0.04375 0.03796296296296296
4 0.06015625 0.2847222222222222 0.0421875 0.030555555555555555
4 0.5348958333333333 0.5370370370370371 0.041666666666666664 0.05
4 0.6299479166666667 0.6300925925925925 0.0453125 0.058333333333333334
4 0.67421875 0.6837962962962963 0.04635416666666667 0.06759259259259259
4 0.6989583333333333 0.7212962962962963 0.04791666666666667 0.07037037037037037
4 0.72109375 0.7601851851851852 0.0484375 0.07037037037037037
4 0.7684895833333333 0.8347222222222223 0.049479166666666664 0.0824074074074074
4 0.8552083333333333 0.9606481481481481 0.052083333333333336 0.07314814814814814
4 0.784375 0.30185185185185187 0.034375 0.044444444444444446
