0 0.10078125 1.1027777777777779 0.12864583333333332 0.3074074074074074
0 0.7091145833333333 0.7222222222222222 0.0703125 0.13518518518518519
0 0.81796875 0.7240740740740741 0.08385416666666666 0.13703703703703704
0 1.0044270833333333 0.7268518518518519 0.07447916666666667 0.16666666666666666
0 0.8697916666666666 0.5888888888888889 0.06354166666666666 0.1
0 0.87734375 0.48657407407407405 0.049479166666666664 0.0787037037037037
0 0.2890625 0.46805555555555556 0.053125 0.10648148148148148
0 0.35572916666666665 0.24166666666666667 0.030208333333333334 0.05555555555555555
0 0.43463541666666666 0.10462962962962963 0.019270833333333334 0.037037037037037035
0 0.37994791666666666 0.16898148148148148 0.024479166666666666 0.03981481481481482
0 0.3924479166666667 0.12453703703703704 0.021354166666666667 0.03611111111111111
0 0.39895833333333336 0.09907407407407408 0.022916666666666665 0.03888888888888889
0 0.40572916666666664 0.08472222222222223 0.01875 0.03425925925925926
0 0.41328125 0.05277777777777778 0.0171875 0.02962962962962963
0 0.41744791666666664 0.04027777777777778 0.016145833333333335 0.028703703703703703
0 0.4205729166666667 0.027777777777777776 0.016145833333333335 0.025925925925925925
0 0.425 0.014814814814814815 0.015625 0.025925925925925925
0 0.49609375 0.018055555555555554 0.016145833333333335 0.032407407407407406
0 0.8385416666666666 0.4287037037037037 0.046875 0.07222222222222222
0 0.8080729166666667 0.3800925925925926 0.050520833333333334 0.062037037037037036
0 0.87265625 0.34675925925925927 0.0796875 0.06388888888888888
0 0.8645833333333334 0.3037037037037037 0.078125 0.053703703703703705
0 0.6684895833333333 0.2708333333333333 0.0359375 0.05462962962962963
0 0.76640625 0.26990740740740743 0.03697916666666667 0.05462962962962963
0 0.7270833333333333 0.20601851851851852 0.035416666666666666 0.04351851851851852
0 0.7151041666666667 0.17592592592592593 0.029166666666666667 0.03888888888888889
0 0.575 0.11990740740740741 0.020833333333333332 0.03425925925925926
0 0.6869791666666667 0.13194444444444445 0.03333333333333333 0.03981481481481482
0 0.68046875 0.11805555555555555 0.03697916666666667 0.032407407407407406
0 0.6794270833333333 0.10277777777777777 0.025520833333333333 0.02962962962962963
0 0.6283854166666667 0.015277777777777777 0.0171875 0.021296296296296296
0 0.6223958333333334 0.007407407407407408 0.014583333333333334 0.014814814814814815
0 0.6450520833333333 0.05138888888888889 0.022395833333333334 0.030555555555555555
0 0.8598958333333333 0.23194444444444445 0.05416666666666667 0.03796296296296296
0 0.7778645833333333 0.14074074074074075 0.0515625 0.03518518518518519
0 0.7671875 0.1287037037037037 0.04479166666666667 0.03333333333333333
0 0.7625 0.11944444444444445 0.046875 0.02962962962962963
0 0.7434895833333334 0.09675925925925925 0.0421875 0.028703703703703703
0 0.7236979166666667 0.06805555555555555 0.03697916666666667 0.030555555555555555
0 0.7122395833333334 0.05416666666666667 0.03177083333333333 0.026851851851851852
0 0.90234375 0.16620370370370371 0.0546875 0.04351851851851852
0 0.8901041666666667 0.15092592592592594 0.053125 0.040740740740740744
