4 0.6778645833333333 1.3356481481481481 0.0359375 0.08611111111111111
4 0.6557291666666667 1.1953703703703704 0.026041666666666668 0.06481481481481481
4 0.43723958333333335 1.3458333333333334 0.028645833333333332 0.08611111111111111
4 0.40286458333333336 1.2606481481481482 0.024479166666666666 0.08611111111111111
4 0.4473958333333333 1.1310185185185184 0.021875 0.075
4 0.5471354166666667 1.0787037037037037 0.0203125 0.05185185185185185
4 0.221875 1.2523148148148149 0.059375 0.04722222222222222
4 0.228125 1.2115740740740741 0.052083333333333336 0.049074074074074076
4 0.23359375 1.1722222222222223 0.0546875 0.040740740740740744
4 0.26067708333333334 1.0351851851851852 0.0453125 0.03518518518518519
4 0.2640625 1.0078703703703704 0.04479166666666667 0.03611111111111111
4 0.2721354166666667 0.9796296296296296 0.044270833333333336 0.03333333333333333
4 0.28541666666666665 0.9555555555555556 0.04479166666666667 0.03333333333333333
4 0.2877604166666667 0.9282407407407407 0.025520833333333333 0.028703703703703703
4 0.37786458333333334 0.9273148148148148 0.018229166666666668 0.05092592592592592
4 0.384375 0.8856481481481482 0.019791666666666666 0.04722222222222222
4 0.4270833333333333 0.9689814814814814 0.01875 0.049074074074074076
4 0.31015625 0.8657407407407407 0.04010416666666667 0.02962962962962963
4 0.36692708333333335 0.8578703703703704 0.019270833333333334 0.04722222222222222
4 0.31744791666666666 0.8287037037037037 0.034895833333333334 0.027777777777777776
4 0.3307291666666667 0.7902777777777777 0.035416666666666666 0.025
4 0.3763020833333333 0.8046296296296296 0.016145833333333335 0.03888888888888889
4 0.39765625 0.7856481481481481 0.016145833333333335 0.03981481481481482
4 0.33151041666666664 0.7717592592592593 0.028645833333333332 0.026851851851851852
4 0.33645833333333336 0.7587962962962963 0.03229166666666667 0.025
4 0.3463541666666667 0.7199074074074074 0.03333333333333333 0.023148148148148147
4 0.34713541666666664 0.7060185185185185 0.0296875 0.021296296296296296
4 0.353125 0.6953703703703704 0.029166666666666667 0.020370370370370372
4 0.3572916666666667 0.6833333333333333 0.030208333333333334 0.020370370370370372
4 0.3614583333333333 0.6717592592592593 0.029166666666666667 0.021296296296296296
4 0.36276041666666664 0.6611111111111111 0.0296875 0.018518518518518517
4 0.36328125 0.649074074074074 0.027604166666666666 0.020370370370370372
4 0.3653645833333333 0.6407407407407407 0.028645833333333332 0.018518518518518517
4 0.36744791666666665 0.6305555555555555 0.024479166666666666 0.020370370370370372
4 0.36666666666666664 0.6226851851851852 0.022916666666666665 0.019444444444444445
4 0.36744791666666665 0.6125 0.0234375 0.01574074074074074
4 0.3106770833333333 0.6916666666666667 0.0234375 0.027777777777777776
4 0.30390625 0.6754629629629629 0.016145833333333335 0.032407407407407406
4 0.28828125 0.6481481481481481 0.0296875 0.020370370370370372
4 0.31614583333333335 0.649537037037037 0.025 0.021296296296296296
4 0.3145833333333333 0.6356481481481482 0.029166666666666667 0.019444444444444445
4 0.31953125 0.624537037037037 0.0265625 0.021296296296296296
4 0.3294270833333333 0.5902777777777778 0.0265625 0.019444444444444445
4 0.48125 0.8175925925925925 0.016666666666666666 0.05
4 0.6135416666666667 0.8712962962962963 0.01875 0.037037037037037035
4 0.6083333333333333 0.8337962962962963 0.016666666666666666 0.03425925925925926
4 0.60390625 0.7967592592592593 0.0171875 0.03425925925925926
4 0.5984375 0.7638888888888888 0.017708333333333333 0.03333333333333333
4 0.5947916666666667 0.7361111111111112 0.015625 0.024074074074074074
4 0.5908854166666667 0.7087962962962963 0.0140625 0.025
4 0.5877604166666667 0.6824074074074075 0.013020833333333334 0.024074074074074074
4 0.58515625 0.6615740740740741 0.011979166666666667 0.019444444444444445
4 0.5442708333333334 0.6726851851851852 0.0125 0.023148148148148147
4 0.46770833333333334 0.7064814814814815 0.013541666666666667 0.03148148148148148
4 0.4859375 0.674074074074074 0.0125 0.027777777777777776
4 0.45546875 0.6574074074074074 0.013020833333333334 0.027777777777777776
4 0.41770833333333335 0.6583333333333333 0.013541666666666667 0.02962962962962963
4 0.42109375 0.6185185185185185 0.011979166666666667 0.027777777777777776
4 0.428125 0.5708333333333333 0.011458333333333333 0.025
4 0.46145833333333336 0.5736111111111111 0.011458333333333333 0.023148148148148147
4 0.48984375 0.6018518518518519 0.011979166666666667 0.025925925925925925
4 0.4765625 0.5546296296296296 0.011458333333333333 0.027777777777777776
4 0.43385416666666665 0.5550925925925926 0.009375 0.021296296296296296
4 0.5729166666666666 0.5736111111111111 0.011458333333333333 0.021296296296296296
4 0.5716145833333334 0.5541666666666667 0.0109375 0.017592592592592594
4 0.5684895833333333 0.5375 0.009895833333333333 0.017592592592592594
4 0.56640625 0.5222222222222223 0.009895833333333333 0.016666666666666666
4 0.4427083333333333 0.475462962962963 0.010416666666666666 0.019444444444444445
4 0.446875 0.4476851851851852 0.009375 0.017592592592592594
4 0.49140625 0.4740740740740741 0.008854166666666666 0.018518518518518517
4 0.48020833333333335 0.45740740740740743 0.009375 0.018518518518518517
4 0.3515625 0.524074074074074 0.019791666666666666 0.016666666666666666
4 0.353125 0.5189814814814815 0.023958333333333335 0.01574074074074074
4 0.35520833333333335 0.5120370370370371 0.023958333333333335 0.014814814814814815
4 0.3578125 0.5055555555555555 0.020833333333333332 0.016666666666666666
4 0.35911458333333335 0.4981481481481482 0.021354166666666667 0.012962962962962963
4 0.36171875 0.4925925925925926 0.0203125 0.016666666666666666
4 0.3765625 0.4962962962962963 0.0125 0.025925925925925925
4 0.09921875 0.6865740740740741 0.0265625 0.025
4 0.08307291666666666 0.6652777777777777 0.027604166666666666 0.021296296296296296
4 0.11848958333333333 0.6425925925925926 0.028645833333333332 0.024074074074074074
4 0.09375 0.6560185185185186 0.029166666666666667 0.025
4 0.10885416666666667 0.6675925925925926 0.023958333333333335 0.025925925925925925
4 0.07526041666666666 0.6435185185185185 0.027604166666666666 0.022222222222222223
4 0.06067708333333333 0.7152777777777778 0.021354166666666667 0.030555555555555555
4 0.04973958333333333 0.6962962962962963 0.019270833333333334 0.025925925925925925
4 0.032552083333333336 0.6810185185185185 0.019270833333333334 0.028703703703703703
4 0.0140625 0.663425925925926 0.026041666666666668 0.021296296296296296
4 0.017447916666666667 0.6416666666666667 0.027604166666666666 0.020370370370370372
4 0.03046875 0.6314814814814815 0.0265625 0.022222222222222223
4 0.03984375 0.6162037037037037 0.028645833333333332 0.026851851851851852
4 0.045572916666666664 0.6097222222222223 0.0265625 0.025
4 0.065625 0.5935185185185186 0.022916666666666665 0.024074074074074074
4 0.07161458333333333 0.5796296296296296 0.0265625 0.024074074074074074
4 0.5221354166666666 0.4097222222222222 0.0078125 0.013888888888888888
4 0.5109375 0.39537037037037037 0.007291666666666667 0.012962962962962963
4 0.4986979166666667 0.387037037037037 0.0078125 0.014814814814814815
4 0.4890625 0.38425925925925924 0.008333333333333333 0.014814814814814815
4 0.4549479166666667 0.4041666666666667 0.008854166666666666 0.01574074074074074
4 0.45729166666666665 0.3925925925925926 0.009375 0.012962962962962963
4 0.4596354166666667 0.38287037037037036 0.008854166666666666 0.013888888888888888
4 0.46510416666666665 0.3638888888888889 0.008333333333333333 0.012962962962962963
4 0.4671875 0.35694444444444445 0.007291666666666667 0.012037037037037037
4 0.46848958333333335 0.35 0.0067708333333333336 0.011111111111111112
4 0.47109375 0.34444444444444444 0.0067708333333333336 0.011111111111111112
4 0.4940104166666667 0.3662037037037037 0.0078125 0.01574074074074074
4 0.5135416666666667 0.37546296296296294 0.007291666666666667 0.013888888888888888
4 0.52265625 0.3814814814814815 0.0067708333333333336 0.014814814814814815
4 0.53125 0.3837962962962963 0.007291666666666667 0.013888888888888888
4 0.5348958333333333 0.37083333333333335 0.007291666666666667 0.013888888888888888
4 0.53125 0.3597222222222222 0.00625 0.012037037037037037
4 0.5393229166666667 0.35833333333333334 0.0067708333333333336 0.012962962962962963
4 0.5239583333333333 0.37037037037037035 0.007291666666666667 0.012962962962962963
4 0.5234375 0.3597222222222222 0.007291666666666667 0.012037037037037037
4 0.5151041666666667 0.35833333333333334 0.00625 0.012962962962962963
4 0.5041666666666667 0.35833333333333334 0.007291666666666667 0.012962962962962963
4 0.49583333333333335 0.3453703703703704 0.007291666666666667 0.012962962962962963
4 0.50546875 0.3402777777777778 0.0067708333333333336 0.012037037037037037
4 0.49270833333333336 0.32314814814814813 0.007291666666666667 0.011111111111111112
4 0.5177083333333333 0.3337962962962963 0.007291666666666667 0.012037037037037037
