0 0.20625 0.46944444444444444 0.019791666666666666 0.040740740740740744
0 0.22291666666666668 0.4601851851851852 0.021875 0.040740740740740744
0 0.24270833333333333 0.44907407407407407 0.021875 0.03888888888888889
0 0.25833333333333336 0.4361111111111111 0.022916666666666665 0.040740740740740744
0 0.27578125 0.42407407407407405 0.021354166666666667 0.03888888888888889
0 0.32265625 0.3958333333333333 0.0203125 0.03425925925925926
0 0.19166666666666668 0.31157407407407406 0.014583333333333334 0.032407407407407406
0 0.22057291666666667 0.29583333333333334 0.0171875 0.032407407407407406
0 0.2609375 0.27685185185185185 0.014583333333333334 0.027777777777777776
0 0.2953125 0.3384259259259259 0.01875 0.032407407407407406
0 0.30885416666666665 0.3300925925925926 0.01875 0.032407407407407406
0 0.3341145833333333 0.24166666666666667 0.018229166666666668 0.025925925925925925
0 0.3450520833333333 0.23333333333333334 0.015104166666666667 0.022222222222222223
0 0.36614583333333334 0.36666666666666664 0.022916666666666665 0.03333333333333333
0 0.39453125 0.35185185185185186 0.019270833333333334 0.027777777777777776
0 0.40677083333333336 0.3416666666666667 0.019791666666666666 0.027777777777777776
0 0.4205729166666667 0.3337962962962963 0.022395833333333334 0.030555555555555555
0 0.46953125 0.30185185185185187 0.022395833333333334 0.027777777777777776
0 0.48098958333333336 0.29259259259259257 0.021354166666666667 0.02962962962962963
0 0.46953125 0.3282407407407407 0.0140625 0.025
0 0.4591145833333333 0.3347222222222222 0.0140625 0.025
0 0.44765625 0.3425925925925926 0.016145833333333335 0.025925925925925925
0 0.4234375 0.36064814814814816 0.014583333333333334 0.026851851851851852
0 0.41041666666666665 0.3680555555555556 0.015625 0.028703703703703703
0 0.3966145833333333 0.3787037037037037 0.011979166666666667 0.025925925925925925
0 0.3848958333333333 0.38657407407407407 0.016666666666666666 0.026851851851851852
0 0.35625 0.4050925925925926 0.014583333333333334 0.028703703703703703
0 0.34348958333333335 0.41435185185185186 0.015104166666666667 0.03425925925925926
0 0.32864583333333336 0.42268518518518516 0.016666666666666666 0.028703703703703703
0 0.3106770833333333 0.4351851851851852 0.0140625 0.03148148148148148
0 0.296875 0.4439814814814815 0.015625 0.030555555555555555
0 0.28203125 0.4532407407407407 0.016145833333333335 0.032407407407407406
0 0.26458333333333334 0.4685185185185185 0.015625 0.02962962962962963
0 0.21015625 0.5069444444444444 0.015104166666666667 0.025
0 0.2125 0.5296296296296297 0.015625 0.027777777777777776
0 0.25104166666666666 0.5050925925925925 0.013541666666666667 0.023148148148148147
0 0.21614583333333334 0.5537037037037037 0.013541666666666667 0.025925925925925925
0 0.23802083333333332 0.538425925925926 0.015625 0.025
0 0.2526041666666667 0.5273148148148148 0.015625 0.028703703703703703
0 0.2671875 0.5180555555555556 0.013541666666666667 0.025
0 0.2546875 0.5523148148148148 0.014583333333333334 0.025
0 0.2859375 0.5023148148148148 0.015625 0.028703703703703703
0 0.2994791666666667 0.49444444444444446 0.014583333333333334 0.025925925925925925
0 0.3020833333333333 0.5157407407407407 0.013541666666666667 0.024074074074074074
0 0.3140625 0.5041666666666667 0.014583333333333334 0.026851851851851852
0 0.3140625 0.4861111111111111 0.014583333333333334 0.022222222222222223
0 0.31171875 0.462037037037037 0.016145833333333335 0.025925925925925925
0 0.32838541666666665 0.45046296296296295 0.0171875 0.026851851851851852
0 0.3302083333333333 0.4726851851851852 0.015625 0.025
0 0.3299479166666667 0.4962962962962963 0.016145833333333335 0.024074074074074074
0 0.34270833333333334 0.4625 0.014583333333333334 0.023148148148148147
0 0.3419270833333333 0.4398148148148148 0.015104166666666667 0.024074074074074074
0 0.3419270833333333 0.4847222222222222 0.0140625 0.025
0 0.35494791666666664 0.47314814814814815 0.0140625 0.024074074074074074
0 0.35520833333333335 0.4527777777777778 0.014583333333333334 0.024074074074074074
0 0.38359375 0.4111111111111111 0.013020833333333334 0.022222222222222223
0 0.3953125 0.4027777777777778 0.013541666666666667 0.024074074074074074
0 0.409375 0.3921296296296296 0.0125 0.023148148148148147
0 0.37161458333333336 0.4412037037037037 0.0140625 0.025
0 0.3841145833333333 0.4337962962962963 0.0140625 0.021296296296296296
0 0.39557291666666666 0.42592592592592593 0.0140625 0.022222222222222223
0 0.384375 0.4550925925925926 0.013541666666666667 0.019444444444444445
0 0.43359375 0.3976851851851852 0.011979166666666667 0.023148148148148147
0 0.409375 0.41574074074074074 0.013541666666666667 0.018518518518518517
0 0.421875 0.4046296296296296 0.013541666666666667 0.022222222222222223
0 0.446875 0.36712962962962964 0.015625 0.021296296296296296
0 0.4588541666666667 0.36064814814814816 0.0125 0.023148148148148147
0 0.4817708333333333 0.3416666666666667 0.014583333333333334 0.020370370370370372
0 0.44817708333333334 0.3888888888888889 0.0140625 0.022222222222222223
0 0.4578125 0.3819444444444444 0.013541666666666667 0.023148148148148147
0 0.43307291666666664 0.42083333333333334 0.011979166666666667 0.021296296296296296
0 0.4109375 0.43472222222222223 0.0125 0.021296296296296296
0 0.4466145833333333 0.4097222222222222 0.013020833333333334 0.023148148148148147
0 0.4591145833333333 0.4027777777777778 0.013020833333333334 0.022222222222222223
0 0.46770833333333334 0.39490740740740743 0.011458333333333333 0.023148148148148147
0 0.47760416666666666 0.3851851851851852 0.0125 0.020370370370370372
