4 0.3770833333333333 0.5435185185185185 0.013541666666666667 0.03333333333333333
4 0.3859375 0.4736111111111111 0.009375 0.017592592592592594
4 0.36171875 0.35324074074074074 0.0067708333333333336 0.012037037037037037
4 0.3533854166666667 0.3509259259259259 0.005729166666666666 0.007407407407407408
4 0.3580729166666667 0.32083333333333336 0.005729166666666666 0.010185185185185186
4 0.34765625 0.31296296296296294 0.005729166666666666 0.007407407407407408
4 0.35052083333333334 0.3050925925925926 0.00625 0.008333333333333333
4 0.34713541666666664 0.2986111111111111 0.0046875 0.008333333333333333
4 0.3390625 0.2949074074074074 0.005208333333333333 0.008333333333333333
4 0.17942708333333332 0.6671296296296296 0.0203125 0.04722222222222222
