0 0.35963541666666665 0.2300925925925926 0.015104166666666667 0.013888888888888888
0 0.3377604166666667 0.24305555555555555 0.021354166666666667 0.012037037037037037
0 0.30442708333333335 0.24305555555555555 0.0203125 0.01574074074074074
0 0.011458333333333333 0.5476851851851852 0.022916666666666665 0.019444444444444445
0 0.08619791666666667 0.5657407407407408 0.018229166666666668 0.014814814814814815
0 0.07447916666666667 0.5291666666666667 0.021875 0.019444444444444445
0 0.19036458333333334 0.5935185185185186 0.0171875 0.016666666666666666
0 0.26614583333333336 0.6162037037037037 0.017708333333333333 0.01574074074074074
0 0.32057291666666665 0.5972222222222222 0.019270833333333334 0.020370370370370372
0 0.41328125 0.2111111111111111 0.019270833333333334 0.018518518518518517
0 0.4317708333333333 0.24166666666666667 0.020833333333333332 0.018518518518518517
0 0.36875 0.2518518518518518 0.020833333333333332 0.016666666666666666
0 0.5252604166666667 0.6884259259259259 0.019270833333333334 0.01574074074074074
0 0.6005208333333333 0.7074074074074074 0.021875 0.020370370370370372
0 0.49244791666666665 0.7032407407407407 0.015104166666666667 0.01574074074074074
0 0.55 0.7180555555555556 0.021875 0.021296296296296296
0 0.5736979166666667 0.1648148148148148 0.013020833333333334 0.027777777777777776
0 0.6213541666666667 0.12453703703703704 0.015625 0.028703703703703703
