0 0.02578125 0.39675925925925926 0.013020833333333334 0.023148148148148147
0 0.14375 0.4074074074074074 0.028125 0.020370370370370372
0 0.17838541666666666 0.4013888888888889 0.025520833333333333 0.019444444444444445
0 0.240625 0.325 0.014583333333333334 0.016666666666666666
0 0.2520833333333333 0.3101851851851852 0.013541666666666667 0.016666666666666666
0 0.265625 0.29305555555555557 0.010416666666666666 0.013888888888888888
0 0.31302083333333336 0.21064814814814814 0.008333333333333333 0.012037037037037037
0 0.35651041666666666 0.11203703703703703 0.0036458333333333334 0.007407407407407408
0 0.34453125 0.14351851851851852 0.0067708333333333336 0.009259259259259259
0 0.38177083333333334 0.09722222222222222 0.004166666666666667 0.005555555555555556
0 0.384375 0.08101851851851852 0.005208333333333333 0.004629629629629629
0 0.3859375 0.0875 0.005208333333333333 0.006481481481481481
0 0.40260416666666665 0.09351851851851851 0.004166666666666667 0.005555555555555556
0 0.3971354166666667 0.1726851851851852 0.0046875 0.008333333333333333
0 0.45390625 0.2851851851851852 0.0140625 0.014814814814814815
0 0.42916666666666664 0.18472222222222223 0.004166666666666667 0.006481481481481481
0 0.7091145833333333 0.5569444444444445 0.028645833333333332 0.025
