4 0.43255208333333334 0.7768518518518519 0.04010416666666667 0.13333333333333333
4 0.51328125 0.711574074074074 0.0453125 0.13055555555555556
4 0.59296875 0.8467592592592592 0.05364583333333333 0.14166666666666666
4 0.63671875 0.8296296296296296 0.05572916666666667 0.13703703703703704
4 0.5895833333333333 0.6453703703703704 0.05520833333333333 0.12222222222222222
4 0.36875 0.38333333333333336 0.03333333333333333 0.08888888888888889
4 0.22135416666666666 0.5412037037037037 0.030208333333333334 0.0787037037037037
4 0.11875 0.4305555555555556 0.06145833333333333 0.046296296296296294
4 0.34401041666666665 0.22962962962962963 0.0296875 0.07407407407407407
4 0.56796875 0.3101851851851852 0.0390625 0.07777777777777778
4 0.52734375 0.2791666666666667 0.03697916666666667 0.075
4 0.3971354166666667 0.17777777777777778 0.028645833333333332 0.07222222222222222
4 0.3671875 0.041666666666666664 0.019791666666666666 0.053703703703703705
4 0.32057291666666665 0.10046296296296296 0.024479166666666666 0.06574074074074074
4 0.06822916666666666 0.8972222222222223 0.0875 0.07777777777777778
4 0.15807291666666667 0.8611111111111112 0.06927083333333334 0.15925925925925927
4 0.13359375 0.6814814814814815 0.06614583333333333 0.07962962962962963
4 0.38385416666666666 0.2777777777777778 0.026041666666666668 0.07777777777777778
4 0.12630208333333334 0.38657407407407407 0.0515625 0.03796296296296296
4 0.1234375 0.34629629629629627 0.05416666666666667 0.037037037037037035
4 0.12291666666666666 0.22453703703703703 0.053125 0.03796296296296296
4 0.125 0.18981481481481483 0.05416666666666667 0.03518518518518519
4 0.12760416666666666 0.15648148148148147 0.04895833333333333 0.03148148148148148
4 0.12682291666666667 0.027314814814814816 0.04635416666666667 0.03425925925925926
4 0.17291666666666666 0.16712962962962963 0.026041666666666668 0.0712962962962963
4 0.12708333333333333 0.2574074074074074 0.057291666666666664 0.044444444444444446
4 0.12864583333333332 0.05185185185185185 0.046875 0.037037037037037035
4 0.12213541666666666 0.4875 0.06302083333333333 0.04537037037037037
4 0.06822916666666666 0.6412037037037037 0.03229166666666667 0.12129629629629629
4 0.5239583333333333 0.9490740740740741 0.03854166666666667 0.044444444444444446
4 0.6502604166666667 0.05416666666666667 0.034895833333333334 0.03425925925925926
4 0.6260416666666667 0.013888888888888888 0.03854166666666667 0.027777777777777776
4 0.66015625 0.08148148148148149 0.0421875 0.037037037037037035
4 0.7106770833333333 0.03796296296296296 0.03697916666666667 0.05555555555555555
4 0.6674479166666667 0.10601851851851851 0.044270833333333336 0.03981481481481482
