0 0.15026041666666667 0.1300925925925926 0.0515625 0.04351851851851852
0 0.013541666666666667 0.8759259259259259 0.027083333333333334 0.0962962962962963
0 0.20130208333333333 0.6597222222222222 0.024479166666666666 0.08981481481481482
0 0.22682291666666668 0.8976851851851851 0.0234375 0.09351851851851851
0 0.25442708333333336 0.9009259259259259 0.0234375 0.09814814814814815
0 0.2830729166666667 0.8972222222222223 0.022395833333333334 0.09444444444444444
0 0.31223958333333335 0.6699074074074074 0.019270833333333334 0.08055555555555556
0 0.6401041666666667 0.14537037037037037 0.04895833333333333 0.04259259259259259
0 0.7091145833333333 0.15231481481481482 0.04010416666666667 0.041666666666666664
0 0.665625 0.9166666666666666 0.027083333333333334 0.09814814814814815
0 0.5875 0.899074074074074 0.027083333333333334 0.10555555555555556
0 0.3106770833333333 0.9037037037037037 0.0203125 0.07962962962962963
0 0.3880208333333333 0.6768518518518518 0.021875 0.08703703703703704
0 0.4158854166666667 0.6759259259259259 0.022395833333333334 0.09259259259259259
0 0.4705729166666667 0.6685185185185185 0.022395833333333334 0.09259259259259259
0 0.6317708333333333 0.6773148148148148 0.027083333333333334 0.08611111111111111
0 0.5559895833333334 0.6796296296296296 0.024479166666666666 0.09444444444444444
0 0.4440104166666667 0.55 0.022395833333333334 0.08333333333333333
