0 0.1734375 0.17453703703703705 0.019791666666666666 0.05092592592592592
0 0.3033854166666667 0.3347222222222222 0.027604166666666666 0.07314814814814814
0 0.33828125 0.5763888888888888 0.034895833333333334 0.10462962962962963
0 0.2838541666666667 0.7800925925925926 0.040625 0.13796296296296295
0 0.38567708333333334 0.8981481481481481 0.0421875 0.14444444444444443
0 0.38619791666666664 0.4212962962962963 0.0328125 0.07962962962962963
0 0.44192708333333336 0.3537037037037037 0.0203125 0.046296296296296294
0 0.47421875 0.7731481481481481 0.050520833333333334 0.12037037037037036
0 0.56015625 0.5537037037037037 0.03802083333333333 0.08703703703703704
0 0.2671875 0.2773148148148148 0.022916666666666665 0.06574074074074074
0 0.057291666666666664 0.023148148148148147 0.03333333333333333 0.03888888888888889
0 0.6416666666666667 0.7791666666666667 0.07083333333333333 0.13425925925925927
0 0.38619791666666664 0.10694444444444444 0.0203125 0.03796296296296296
0 0.35494791666666664 0.00787037037037037 0.018229166666666668 0.01574074074074074
0 0.03046875 0.3541666666666667 0.059895833333333336 0.04722222222222222
