4 0.3453125 0.04583333333333333 0.004166666666666667 0.006481481481481481
4 0.3390625 0.044444444444444446 0.004166666666666667 0.007407407407407408
4 0.33046875 0.05138888888888889 0.005729166666666666 0.010185185185185186
4 0.3263020833333333 0.06805555555555555 0.0046875 0.008333333333333333
4 0.3190104166666667 0.06342592592592593 0.0036458333333333334 0.004629629629629629
4 0.31744791666666666 0.059722222222222225 0.0026041666666666665 0.004629629629629629
4 0.3072916666666667 0.08425925925925926 0.004166666666666667 0.009259259259259259
4 0.29973958333333334 0.1259259259259259 0.0046875 0.009259259259259259
4 0.29609375 0.1111111111111111 0.0036458333333333334 0.009259259259259259
4 0.28932291666666665 0.13148148148148148 0.0067708333333333336 0.011111111111111112
4 0.2721354166666667 0.17453703703703705 0.0067708333333333336 0.013888888888888888
4 0.2630208333333333 0.18564814814814815 0.005208333333333333 0.012037037037037037
4 0.28880208333333335 0.2439814814814815 0.0078125 0.01574074074074074
4 0.3098958333333333 0.2861111111111111 0.007291666666666667 0.020370370370370372
4 0.30182291666666666 0.31574074074074077 0.008854166666666666 0.020370370370370372
4 0.2830729166666667 0.34074074074074073 0.009895833333333333 0.020370370370370372
4 0.30859375 0.5462962962962963 0.011979166666666667 0.027777777777777776
4 0.3328125 0.4324074074074074 0.013541666666666667 0.027777777777777776
4 0.35130208333333335 0.5310185185185186 0.0140625 0.03425925925925926
4 0.38203125 0.6532407407407408 0.018229166666666668 0.049074074074074076
4 0.28229166666666666 0.5439814814814815 0.011458333333333333 0.028703703703703703
4 0.28619791666666666 0.575462962962963 0.015104166666666667 0.030555555555555555
4 0.2903645833333333 0.6060185185185185 0.016145833333333335 0.028703703703703703
4 0.2953125 0.6407407407407407 0.017708333333333333 0.037037037037037035
4 0.3028645833333333 0.6796296296296296 0.0171875 0.037037037037037035
4 0.30755208333333334 0.7175925925925926 0.0171875 0.022222222222222223
4 0.43359375 0.362962962962963 0.018229166666666668 0.012962962962962963
