4 0.3609375 0.7050925925925926 0.009375 0.03981481481481482
4 0.3572916666666667 0.5967592592592592 0.008333333333333333 0.03611111111111111
4 0.33880208333333334 0.49907407407407406 0.009895833333333333 0.02962962962962963
4 0.32734375 0.30833333333333335 0.005729166666666666 0.022222222222222223
4 0.296875 0.6532407407407408 0.017708333333333333 0.05648148148148148
4 0.34036458333333336 0.2601851851851852 0.005729166666666666 0.016666666666666666
4 0.3380208333333333 0.14722222222222223 0.005208333333333333 0.014814814814814815
4 0.3484375 0.1287037037037037 0.004166666666666667 0.014814814814814815
4 0.32578125 0.04212962962962963 0.0046875 0.012037037037037037
4 0.15572916666666667 0.09166666666666666 0.009375 0.011111111111111112
4 0.14166666666666666 0.09027777777777778 0.013541666666666667 0.010185185185185186
4 0.1453125 0.12638888888888888 0.008333333333333333 0.01574074074074074
4 0.15520833333333334 0.1111111111111111 0.007291666666666667 0.011111111111111112
4 0.16197916666666667 0.10972222222222222 0.007291666666666667 0.010185185185185186
4 0.14817708333333332 0.11342592592592593 0.009895833333333333 0.012037037037037037
4 0.14036458333333332 0.11342592592592593 0.0067708333333333336 0.010185185185185186
