0 0.72265625 0.5060185185185185 0.013020833333333334 0.013888888888888888
0 0.6578125 0.33425925925925926 0.010416666666666666 0.027777777777777776
0 0.6541666666666667 0.3037037037037037 0.008333333333333333 0.027777777777777776
0 0.64609375 0.2611111111111111 0.009895833333333333 0.024074074074074074
0 0.64296875 0.23425925925925925 0.0078125 0.025925925925925925
0 0.6388020833333333 0.20972222222222223 0.0067708333333333336 0.023148148148148147
0 0.634375 0.18472222222222223 0.008333333333333333 0.025
0 0.628125 0.15092592592592594 0.008333333333333333 0.022222222222222223
0 0.6658854166666667 0.26064814814814813 0.0109375 0.025
0 0.6114583333333333 0.3296296296296296 0.010416666666666666 0.025925925925925925
0 0.5963541666666666 0.22870370370370371 0.010416666666666666 0.027777777777777776
0 0.5791666666666667 0.1050925925925926 0.009375 0.021296296296296296
0 0.57578125 0.08148148148148149 0.008854166666666666 0.020370370370370372
0 0.5520833333333334 0.059722222222222225 0.007291666666666667 0.019444444444444445
0 0.559375 0.10462962962962963 0.008333333333333333 0.020370370370370372
0 0.5614583333333333 0.13472222222222222 0.009375 0.026851851851851852
0 0.4859375 0.4375 0.010416666666666666 0.028703703703703703
0 0.4713541666666667 0.42685185185185187 0.009375 0.03148148148148148
0 0.46145833333333336 0.41898148148148145 0.009375 0.028703703703703703
0 0.44973958333333336 0.4074074074074074 0.0078125 0.027777777777777776
0 0.4390625 0.40879629629629627 0.010416666666666666 0.028703703703703703
