4 0.37734375 0.41064814814814815 0.022395833333333334 0.0787037037037037
4 0.39140625 0.3398148148148148 0.024479166666666666 0.06296296296296296
4 0.4234375 0.40370370370370373 0.026041666666666668 0.06111111111111111
4 0.4359375 0.3435185185185185 0.021875 0.05740740740740741
4 0.4171875 0.6152777777777778 0.028125 0.08796296296296297
4 0.09010416666666667 0.5717592592592593 0.030208333333333334 0.0787037037037037
4 0.11614583333333334 0.5458333333333333 0.030208333333333334 0.0712962962962963
4 0.15338541666666666 0.5254629629629629 0.0453125 0.062037037037037036
4 0.16302083333333334 0.3523148148148148 0.034375 0.04722222222222222
4 0.20182291666666666 0.32685185185185184 0.043229166666666666 0.046296296296296294
4 0.07369791666666667 0.39861111111111114 0.04739583333333333 0.04537037037037037
4 0.64140625 0.6351851851851852 0.0421875 0.09814814814814815
4 0.6473958333333333 0.5416666666666666 0.028125 0.08333333333333333
4 0.5380208333333333 0.29953703703703705 0.041666666666666664 0.04722222222222222
4 0.6442708333333333 0.21342592592592594 0.017708333333333333 0.04351851851851852
4 0.6440104166666667 0.16157407407407406 0.016145833333333335 0.04351851851851852
4 0.6432291666666666 0.11342592592592593 0.017708333333333333 0.03981481481481482
4 0.64375 0.03564814814814815 0.015625 0.032407407407407406
4 0.6463541666666667 0.0712962962962963 0.020833333333333332 0.04814814814814815
4 0.64453125 0.009722222222222222 0.015104166666666667 0.019444444444444445
4 0.15390625 0.48842592592592593 0.050520833333333334 0.06574074074074074
4 0.14557291666666666 0.4601851851851852 0.0515625 0.053703703703703705
4 0.228125 0.40370370370370373 0.0375 0.07222222222222222
4 0.2708333333333333 0.3060185185185185 0.029166666666666667 0.06018518518518518
4 0.2869791666666667 0.3435185185185185 0.03958333333333333 0.03888888888888889
4 0.29609375 0.32407407407407407 0.03802083333333333 0.03888888888888889
4 0.30546875 0.2953703703703704 0.03177083333333333 0.037037037037037035
4 0.2911458333333333 0.2574074074074074 0.030208333333333334 0.06111111111111111
4 0.26848958333333334 0.26342592592592595 0.0296875 0.05462962962962963
4 0.25234375 0.23703703703703705 0.033854166666666664 0.053703703703703705
4 0.07005208333333333 0.37222222222222223 0.04739583333333333 0.04814814814814815
4 0.15755208333333334 0.32731481481481484 0.03802083333333333 0.049074074074074076
4 0.15208333333333332 0.30833333333333335 0.03854166666666667 0.040740740740740744
4 0.19661458333333334 0.30324074074074076 0.034895833333333334 0.03796296296296296
4 0.19140625 0.2810185185185185 0.0390625 0.041666666666666664
4 0.14505208333333333 0.2861111111111111 0.0390625 0.06111111111111111
4 0.18541666666666667 0.25787037037037036 0.03854166666666667 0.049074074074074076
4 0.24505208333333334 0.21666666666666667 0.034895833333333334 0.053703703703703705
4 0.29348958333333336 0.20787037037037037 0.030729166666666665 0.04351851851851852
4 0.5291666666666667 0.10833333333333334 0.019791666666666666 0.037037037037037035
4 0.31953125 0.2574074074074074 0.034895833333333334 0.02962962962962963
4 0.31875 0.2175925925925926 0.027083333333333334 0.04259259259259259
4 0.05807291666666667 0.4564814814814815 0.03697916666666667 0.04814814814814815
