4 0.0484375 0.03564814814814815 0.027083333333333334 0.03611111111111111
4 0.010416666666666666 0.16064814814814815 0.020833333333333332 0.021296296296296296
4 0.09010416666666667 0.1638888888888889 0.029166666666666667 0.020370370370370372
4 0.047135416666666666 0.1638888888888889 0.0265625 0.020370370370370372
4 0.03125 0.18564814814814815 0.03229166666666667 0.025
4 0.02578125 0.24166666666666667 0.030729166666666665 0.020370370370370372
4 0.09088541666666666 0.2162037037037037 0.0296875 0.019444444444444445
4 0.13385416666666666 0.21481481481481482 0.030208333333333334 0.020370370370370372
4 0.13125 0.24027777777777778 0.030208333333333334 0.021296296296296296
4 0.19947916666666668 0.6611111111111111 0.014583333333333334 0.05740740740740741
4 0.20390625 0.587037037037037 0.015104166666666667 0.053703703703703705
4 0.19010416666666666 0.5083333333333333 0.020833333333333332 0.046296296296296294
4 0.22526041666666666 0.512962962962963 0.013020833333333334 0.053703703703703705
4 0.21875 0.6824074074074075 0.015625 0.053703703703703705
4 0.4973958333333333 0.0375 0.0125 0.032407407407407406
4 0.51015625 0.03888888888888889 0.011979166666666667 0.03333333333333333
4 0.6171875 0.0375 0.013541666666666667 0.03796296296296296
4 0.640625 0.03888888888888889 0.014583333333333334 0.03518518518518519
4 0.7221354166666667 0.03333333333333333 0.0140625 0.03518518518518519
