4 0.159375 1.2921296296296296 0.16875 0.1935185185185185
4 0.58125 1.3444444444444446 0.1875 0.07962962962962963
4 0.25390625 0.7444444444444445 0.10572916666666667 0.11481481481481481
4 0.3 0.6754629629629629 0.103125 0.09537037037037037
4 0.37109375 0.6546296296296297 0.1015625 0.09259259259259259
4 0.4270833333333333 0.6101851851851852 0.096875 0.0962962962962963
4 0.6973958333333333 0.4393518518518518 0.08645833333333333 0.06018518518518518
4 0.68671875 0.4824074074074074 0.0953125 0.06111111111111111
4 0.47109375 0.5185185185185185 0.10260416666666666 0.08148148148148149
4 0.7049479166666667 0.3435185185185185 0.0734375 0.053703703703703705
4 0.7122395833333334 0.24074074074074073 0.058854166666666666 0.053703703703703705
4 0.6994791666666667 0.300462962962963 0.06458333333333334 0.05462962962962963
4 0.72421875 0.2199074074074074 0.0546875 0.03796296296296296
4 0.72265625 0.20277777777777778 0.0484375 0.027777777777777776
4 0.71875 0.18611111111111112 0.06145833333333333 0.03333333333333333
4 0.73125 0.14583333333333334 0.036458333333333336 0.03611111111111111
4 0.7174479166666666 0.16342592592592592 0.0453125 0.03611111111111111
4 0.71875 0.13194444444444445 0.04479166666666667 0.03425925925925926
4 0.6221354166666667 0.08287037037037037 0.025520833333333333 0.028703703703703703
4 0.6356770833333333 0.059722222222222225 0.0265625 0.030555555555555555
4 0.7408854166666666 0.08564814814814815 0.044270833333333336 0.030555555555555555
4 0.7299479166666667 0.06388888888888888 0.0421875 0.024074074074074074
4 0.6598958333333333 0.032407407407407406 0.013541666666666667 0.024074074074074074
4 0.7296875 0.04814814814814815 0.030208333333333334 0.025925925925925925
4 0.7393229166666667 0.03148148148148148 0.027604166666666666 0.018518518518518517
4 0.73828125 0.02175925925925926 0.030729166666666665 0.017592592592592594
4 0.73828125 0.011574074074074073 0.033854166666666664 0.019444444444444445
4 0.6802083333333333 0.02638888888888889 0.014583333333333334 0.028703703703703703
4 0.6684895833333333 0.013888888888888888 0.016145833333333335 0.018518518518518517
