4 0.28958333333333336 0.8981481481481481 0.023958333333333335 0.10185185185185185
4 0.5614583333333333 0.9194444444444444 0.06145833333333333 0.05
4 0.7127604166666667 0.9009259259259259 0.0328125 0.046296296296296294
4 0.52578125 0.6694444444444444 0.0390625 0.044444444444444446
4 0.50390625 0.6226851851851852 0.021354166666666667 0.058333333333333334
4 0.525 0.6046296296296296 0.01875 0.053703703703703705
4 0.5473958333333333 0.6171296296296296 0.026041666666666668 0.05648148148148148
4 0.49140625 0.41898148148148145 0.018229166666666668 0.04351851851851852
4 0.44505208333333335 0.3861111111111111 0.0203125 0.037037037037037035
4 0.34453125 0.3421296296296296 0.013020833333333334 0.03425925925925926
4 0.3299479166666667 0.08796296296296297 0.008854166666666666 0.014814814814814815
4 0.4 0.13425925925925927 0.010416666666666666 0.018518518518518517
4 0.42213541666666665 0.12916666666666668 0.011979166666666667 0.019444444444444445
