4 0.3567708333333333 0.9361111111111111 0.05520833333333333 0.07222222222222222
4 0.25703125 0.5694444444444444 0.03697916666666667 0.08148148148148149
4 0.5760416666666667 0.8319444444444445 0.041666666666666664 0.08611111111111111
4 0.5557291666666667 0.8046296296296296 0.042708333333333334 0.08333333333333333
4 0.5635416666666667 0.5560185185185185 0.051041666666666666 0.06388888888888888
4 0.49973958333333335 0.3851851851851852 0.043229166666666666 0.05555555555555555
4 0.37838541666666664 0.23333333333333334 0.033854166666666664 0.06296296296296296
4 0.31171875 0.22453703703703703 0.028645833333333332 0.062037037037037036
4 0.3333333333333333 0.1125 0.027083333333333334 0.062037037037037036
4 0.3072916666666667 0.027314814814814816 0.026041666666666668 0.05462962962962963
4 0.18385416666666668 0.31666666666666665 0.029166666666666667 0.07037037037037037
4 0.013020833333333334 0.027314814814814816 0.017708333333333333 0.05462962962962963
4 0.07317708333333334 0.37962962962962965 0.025520833333333333 0.06666666666666667
