0 0.26901041666666664 0.9347222222222222 0.0515625 0.125
0 0.36302083333333335 0.09675925925925925 0.019791666666666666 0.019444444444444445
0 0.4505208333333333 0.025925925925925925 0.011458333333333333 0.020370370370370372
0 0.44557291666666665 0.16898148148148148 0.016145833333333335 0.026851851851851852
0 0.49635416666666665 0.08796296296296297 0.0125 0.024074074074074074
0 0.4236979166666667 0.24537037037037038 0.019270833333333334 0.037037037037037035
0 0.4205729166666667 0.33425925925925926 0.0203125 0.05185185185185185
0 0.44088541666666664 0.4810185185185185 0.022395833333333334 0.049074074074074076
0 0.41484375 0.7305555555555555 0.0328125 0.09259259259259259
0 0.63984375 0.18009259259259258 0.027604166666666666 0.023148148148148147
0 0.6325520833333333 0.16620370370370371 0.027604166666666666 0.025
0 0.62109375 0.12083333333333333 0.0265625 0.023148148148148147
0 0.6184895833333334 0.11388888888888889 0.0234375 0.020370370370370372
0 0.6161458333333333 0.10138888888888889 0.021875 0.023148148148148147
0 0.5846354166666666 0.08009259259259259 0.0203125 0.023148148148148147
0 0.5875 0.17222222222222222 0.027083333333333334 0.024074074074074074
0 0.578125 0.16435185185185186 0.027083333333333334 0.023148148148148147
0 0.5731770833333333 0.14953703703703702 0.0265625 0.028703703703703703
0 0.5705729166666667 0.12777777777777777 0.0234375 0.020370370370370372
0 0.5671875 0.12129629629629629 0.021875 0.022222222222222223
0 0.56796875 0.10601851851851851 0.0234375 0.023148148148148147
0 0.5606770833333333 0.0625 0.013020833333333334 0.01574074074074074
0 0.5544270833333333 0.027314814814814816 0.019270833333333334 0.01574074074074074
0 0.55390625 0.01990740740740741 0.0171875 0.013888888888888888
0 0.6 0.03518518518518519 0.021875 0.020370370370370372
0 0.5950520833333334 0.026851851851851852 0.019270833333333334 0.014814814814814815
