0 0.3575520833333333 0.7287037037037037 0.0296875 0.10185185185185185
0 0.3484375 0.5986111111111111 0.022916666666666665 0.08055555555555556
0 0.5169270833333334 0.3851851851851852 0.025520833333333333 0.040740740740740744
0 0.3768229166666667 0.19074074074074074 0.0078125 0.014814814814814815
0 0.32708333333333334 0.1537037037037037 0.007291666666666667 0.012962962962962963
0 0.3458333333333333 0.12916666666666668 0.00625 0.010185185185185186
0 0.37109375 0.17083333333333334 0.0067708333333333336 0.012037037037037037
0 0.3692708333333333 0.16296296296296298 0.00625 0.011111111111111112
0 0.36614583333333334 0.15185185185185185 0.00625 0.009259259259259259
0 0.32760416666666664 0.09074074074074075 0.005208333333333333 0.009259259259259259
0 0.36302083333333335 0.1412037037037037 0.008333333333333333 0.010185185185185186
0 0.3611979166666667 0.13333333333333333 0.0046875 0.007407407407407408
0 0.35885416666666664 0.12916666666666668 0.005208333333333333 0.008333333333333333
0 0.3580729166666667 0.12083333333333333 0.0067708333333333336 0.010185185185185186
