4 0.43854166666666666 0.7175925925925926 0.016666666666666666 0.022222222222222223
4 0.5283854166666667 0.5671296296296297 0.0109375 0.03796296296296296
4 0.528125 0.48055555555555557 0.009375 0.03148148148148148
4 0.5151041666666667 0.4773148148148148 0.008333333333333333 0.03425925925925926
4 0.5065104166666666 0.4722222222222222 0.009895833333333333 0.03333333333333333
4 0.4942708333333333 0.4708333333333333 0.010416666666666666 0.03425925925925926
4 0.4828125 0.4685185185185185 0.0125 0.03333333333333333
4 0.4708333333333333 0.4652777777777778 0.010416666666666666 0.032407407407407406
4 0.4591145833333333 0.4638888888888889 0.008854166666666666 0.03518518518518519
4 0.44947916666666665 0.4546296296296296 0.008333333333333333 0.03333333333333333
4 0.4375 0.4546296296296296 0.010416666666666666 0.03148148148148148
4 0.49270833333333336 0.6666666666666666 0.028125 0.024074074074074074
4 0.490625 0.6444444444444445 0.022916666666666665 0.022222222222222223
4 0.4903645833333333 0.625462962962963 0.025520833333333333 0.021296296296296296
4 0.49114583333333334 0.5875 0.026041666666666668 0.023148148148148147
4 0.42734375 0.7060185185185185 0.024479166666666666 0.03796296296296296
4 0.4114583333333333 0.6689814814814815 0.026041666666666668 0.021296296296296296
4 0.41119791666666666 0.6486111111111111 0.025520833333333333 0.025
4 0.35494791666666664 0.3685185185185185 0.008854166666666666 0.027777777777777776
4 0.3177083333333333 0.35648148148148145 0.009375 0.03333333333333333
4 0.32734375 0.2967592592592593 0.0078125 0.025
4 0.35234375 0.1685185185185185 0.0067708333333333336 0.018518518518518517
4 0.32578125 0.18194444444444444 0.005729166666666666 0.019444444444444445
4 0.35442708333333334 0.04027777777777778 0.0067708333333333336 0.013888888888888888
4 0.35234375 0.021296296296296296 0.0067708333333333336 0.014814814814814815
4 0.31197916666666664 0.013888888888888888 0.007291666666666667 0.012962962962962963
