4 0.23802083333333332 0.2773148148148148 0.014583333333333334 0.021296296296296296
4 0.03958333333333333 0.09027777777777778 0.013541666666666667 0.012037037037037037
4 0.17317708333333334 0.5291666666666667 0.0171875 0.05277777777777778
4 0.7192708333333333 0.787962962962963 0.019791666666666666 0.03888888888888889
4 0.5408854166666667 0.7310185185185185 0.0390625 0.05648148148148148
4 0.6640625 0.5893518518518519 0.03854166666666667 0.03611111111111111
4 0.578125 0.4125 0.027083333333333334 0.03425925925925926
4 0.6044270833333333 0.3939814814814815 0.027604166666666666 0.030555555555555555
4 0.5510416666666667 0.5398148148148149 0.023958333333333335 0.04259259259259259
4 0.63125 0.5361111111111111 0.030208333333333334 0.03518518518518519
4 0.5252604166666667 0.5430555555555555 0.024479166666666666 0.03981481481481482
4 0.5395833333333333 0.43796296296296294 0.025 0.03333333333333333
4 0.42682291666666666 0.29444444444444445 0.021354166666666667 0.018518518518518517
4 0.4744791666666667 0.23935185185185184 0.019791666666666666 0.01574074074074074
4 0.5466145833333333 0.2449074074074074 0.016145833333333335 0.017592592592592594
4 0.4973958333333333 0.27870370370370373 0.01875 0.020370370370370372
4 0.5591145833333333 0.2601851851851852 0.019270833333333334 0.016666666666666666
4 0.52578125 0.2851851851851852 0.019270833333333334 0.012962962962962963
4 0.51015625 0.2337962962962963 0.0140625 0.012037037037037037
4 0.49505208333333334 0.29583333333333334 0.018229166666666668 0.021296296296296296
4 0.41354166666666664 0.21574074074074073 0.00625 0.014814814814814815
4 0.40963541666666664 0.1587962962962963 0.009895833333333333 0.01574074074074074
4 0.41901041666666666 0.1574074074074074 0.008854166666666666 0.012962962962962963
4 0.37864583333333335 0.08009259259259259 0.008333333333333333 0.006481481481481481
4 0.3184895833333333 0.07083333333333333 0.0109375 0.006481481481481481
4 0.3346354166666667 0.07222222222222222 0.005729166666666666 0.007407407407407408
4 0.31015625 0.05925925925925926 0.0036458333333333334 0.007407407407407408
4 0.31692708333333336 0.0587962962962963 0.0046875 0.006481481481481481
4 0.31302083333333336 0.04722222222222222 0.005208333333333333 0.007407407407407408
4 0.3234375 0.027777777777777776 0.009375 0.005555555555555556
4 0.32369791666666664 0.05416666666666667 0.009895833333333333 0.006481481481481481
4 0.2825520833333333 0.011574074074074073 0.005729166666666666 0.006481481481481481
