0 0.4171875 0.5347222222222222 0.0020833333333333333 0.002777777777777778
0 0.40598958333333335 0.5393518518518519 0.0015625 0.002777777777777778
0 0.40729166666666666 0.549074074074074 0.0020833333333333333 0.003703703703703704
0 0.421875 0.5402777777777777 0.0020833333333333333 0.002777777777777778
0 0.434375 0.5680555555555555 0.003125 0.004629629629629629
0 0.42890625 0.5712962962962963 0.0026041666666666665 0.005555555555555556
0 0.42604166666666665 0.5787037037037037 0.003125 0.005555555555555556
0 0.43671875 0.5550925925925926 0.0026041666666666665 0.002777777777777778
0 0.38177083333333334 0.6148148148148148 0.005208333333333333 0.007407407407407408
0 0.41770833333333335 0.6611111111111111 0.00625 0.011111111111111112
0 0.4270833333333333 0.6726851851851852 0.007291666666666667 0.012037037037037037
0 0.30078125 0.8699074074074075 0.022395833333333334 0.04537037037037037
0 0.3171875 0.9092592592592592 0.022916666666666665 0.053703703703703705
0 0.35130208333333335 0.9111111111111111 0.0203125 0.05
0 0.36171875 0.862037037037037 0.0171875 0.040740740740740744
0 0.34140625 0.8560185185185185 0.0171875 0.03796296296296296
0 0.28984375 0.8388888888888889 0.0203125 0.03148148148148148
0 0.30885416666666665 0.8041666666666667 0.016666666666666666 0.032407407407407406
0 0.3229166666666667 0.8125 0.016666666666666666 0.032407407407407406
0 0.33697916666666666 0.7763888888888889 0.013541666666666667 0.026851851851851852
0 0.32395833333333335 0.7703703703703704 0.014583333333333334 0.027777777777777776
0 0.3338541666666667 0.7486111111111111 0.0125 0.021296296296296296
0 0.346875 0.7462962962962963 0.010416666666666666 0.020370370370370372
