4 0.02578125 0.9939814814814815 0.0421875 0.03981481481481482
4 0.06640625 0.9916666666666667 0.034895833333333334 0.02962962962962963
4 0.15182291666666667 0.9810185185185185 0.03697916666666667 0.03425925925925926
4 0.20130208333333333 0.9782407407407407 0.0328125 0.03611111111111111
4 0.246875 0.9731481481481481 0.0375 0.03148148148148148
4 0.28515625 0.9675925925925926 0.033854166666666664 0.027777777777777776
4 0.3203125 0.9578703703703704 0.028125 0.032407407407407406
4 0.42213541666666665 0.825 0.0140625 0.05555555555555555
4 0.42473958333333334 0.7694444444444445 0.015104166666666667 0.05
4 0.4825520833333333 0.8087962962962963 0.018229166666666668 0.04351851851851852
4 0.47369791666666666 0.7643518518518518 0.016145833333333335 0.041666666666666664
4 0.46822916666666664 0.7263888888888889 0.008333333333333333 0.032407407407407406
4 0.46640625 0.6680555555555555 0.011979166666666667 0.041666666666666664
4 0.39947916666666666 0.562037037037037 0.010416666666666666 0.03518518518518519
4 0.40286458333333336 0.5185185185185185 0.0109375 0.037037037037037035
4 0.46328125 0.4912037037037037 0.009895833333333333 0.028703703703703703
4 0.39401041666666664 0.7912037037037037 0.0109375 0.04722222222222222
4 0.3924479166666667 0.7425925925925926 0.011979166666666667 0.03888888888888889
4 0.38984375 0.836574074074074 0.0109375 0.04351851851851852
4 0.40208333333333335 0.4842592592592593 0.011458333333333333 0.03148148148148148
4 0.403125 0.44583333333333336 0.011458333333333333 0.041666666666666664
4 0.4049479166666667 0.4041666666666667 0.009895833333333333 0.032407407407407406
4 0.4078125 0.3763888888888889 0.009375 0.026851851851851852
4 0.409375 0.34953703703703703 0.008333333333333333 0.030555555555555555
4 0.4158854166666667 0.2763888888888889 0.0067708333333333336 0.026851851851851852
4 0.4114583333333333 0.3143518518518518 0.007291666666666667 0.03611111111111111
4 0.4627604166666667 0.31574074074074077 0.005729166666666666 0.022222222222222223
4 0.4635416666666667 0.2935185185185185 0.007291666666666667 0.018518518518518517
4 0.46458333333333335 0.2675925925925926 0.005208333333333333 0.025925925925925925
4 0.39401041666666664 0.700462962962963 0.013020833333333334 0.03425925925925926
4 0.39348958333333334 0.6587962962962963 0.015104166666666667 0.041666666666666664
4 0.9791666666666666 0.9083333333333333 0.036458333333333336 0.044444444444444446
4 1.01640625 0.9013888888888889 0.04010416666666667 0.03796296296296296
4 0.85625 0.912962962962963 0.03333333333333333 0.027777777777777776
4 0.7033854166666667 0.9287037037037037 0.0296875 0.027777777777777776
4 0.8119791666666667 1.1458333333333333 0.052083333333333336 0.03796296296296296
4 0.82265625 0.9162037037037037 0.0234375 0.023148148148148147
4 0.46145833333333336 0.36018518518518516 0.008333333333333333 0.025925925925925925
4 0.4625 0.33796296296296297 0.008333333333333333 0.018518518518518517
4 0.4630208333333333 0.5587962962962963 0.0125 0.03981481481481482
4 0.4630208333333333 0.5231481481481481 0.009375 0.02962962962962963
4 0.11848958333333333 1.1194444444444445 0.049479166666666664 0.04259259259259259
4 0.5208333333333334 1.1736111111111112 0.04791666666666667 0.041666666666666664
4 0.5614583333333333 1.2208333333333334 0.051041666666666666 0.03425925925925926
