0 0.36640625 0.4847222222222222 0.0046875 0.013888888888888888
0 0.39921875 0.4222222222222222 0.0046875 0.012962962962962963
0 0.4005208333333333 0.38842592592592595 0.005208333333333333 0.012037037037037037
0 0.40520833333333334 0.3685185185185185 0.004166666666666667 0.012962962962962963
0 0.40598958333333335 0.337037037037037 0.0046875 0.014814814814814815
0 0.4002604166666667 0.34074074074074073 0.0046875 0.016666666666666666
0 0.40234375 0.3023148148148148 0.0046875 0.013888888888888888
0 0.3809895833333333 0.27361111111111114 0.0046875 0.010185185185185186
0 0.37578125 0.2759259259259259 0.0046875 0.009259259259259259
0 0.37473958333333335 0.2657407407407407 0.0046875 0.009259259259259259
0 0.37473958333333335 0.25787037037037036 0.0036458333333333334 0.008333333333333333
0 0.37916666666666665 0.2564814814814815 0.004166666666666667 0.009259259259259259
0 0.39401041666666664 0.262037037037037 0.0046875 0.009259259259259259
0 0.4002604166666667 0.25925925925925924 0.0046875 0.009259259259259259
0 0.39036458333333335 0.24166666666666667 0.0046875 0.011111111111111112
0 0.39557291666666666 0.2310185185185185 0.0036458333333333334 0.010185185185185186
0 0.37786458333333334 0.24768518518518517 0.0046875 0.008333333333333333
0 0.3731770833333333 0.24861111111111112 0.0046875 0.010185185185185186
0 0.36822916666666666 0.2518518518518518 0.004166666666666667 0.007407407407407408
0 0.36796875 0.2439814814814815 0.0046875 0.008333333333333333
0 0.3765625 0.23657407407407408 0.004166666666666667 0.010185185185185186
0 0.36692708333333335 0.2351851851851852 0.0036458333333333334 0.007407407407407408
0 0.37109375 0.2162037037037037 0.0067708333333333336 0.008333333333333333
0 0.38046875 0.19444444444444445 0.0046875 0.009259259259259259
0 0.37421875 0.18888888888888888 0.0046875 0.009259259259259259
0 0.37135416666666665 0.1814814814814815 0.004166666666666667 0.009259259259259259
0 0.36875 0.17314814814814813 0.004166666666666667 0.007407407407407408
0 0.36875 0.16435185185185186 0.005208333333333333 0.008333333333333333
0 0.36380208333333336 0.1550925925925926 0.0046875 0.008333333333333333
0 0.3419270833333333 0.10046296296296296 0.0036458333333333334 0.008333333333333333
0 0.05260416666666667 0.5189814814814815 0.009375 0.01574074074074074
0 0.07760416666666667 0.4648148148148148 0.010416666666666666 0.014814814814814815
0 0.08333333333333333 0.4532407407407407 0.008333333333333333 0.013888888888888888
0 0.057291666666666664 0.6217592592592592 0.014583333333333334 0.012037037037037037
0 0.07682291666666667 0.6134259259259259 0.0140625 0.012037037037037037
0 0.11223958333333334 0.6189814814814815 0.0140625 0.013888888888888888
0 0.24375 0.5148148148148148 0.007291666666666667 0.014814814814814815
0 0.24739583333333334 0.5018518518518519 0.007291666666666667 0.016666666666666666
0 0.25494791666666666 0.4685185185185185 0.005729166666666666 0.012962962962962963
0 0.18802083333333333 0.23287037037037037 0.005208333333333333 0.008333333333333333
0 0.23854166666666668 0.2962962962962963 0.009375 0.007407407407407408
0 0.24401041666666667 0.2967592592592593 0.008854166666666666 0.006481481481481481
0 0.23619791666666667 0.325 0.008854166666666666 0.007407407407407408
0 0.24479166666666666 0.3175925925925926 0.009375 0.007407407407407408
0 0.22630208333333332 0.31527777777777777 0.008854166666666666 0.008333333333333333
0 0.2453125 0.325 0.009375 0.009259259259259259
