0 0.33515625 0.6736111111111112 0.04114583333333333 0.028703703703703703
0 0.4661458333333333 0.7342592592592593 0.0375 0.037037037037037035
0 0.46822916666666664 0.7138888888888889 0.041666666666666664 0.03148148148148148
0 0.5864583333333333 0.5745370370370371 0.027083333333333334 0.026851851851851852
0 0.6203125 0.5578703703703703 0.030208333333333334 0.023148148148148147
0 0.6197916666666666 0.5370370370370371 0.029166666666666667 0.022222222222222223
0 0.62109375 0.5287037037037037 0.028645833333333332 0.024074074074074074
0 0.6046875 0.44814814814814813 0.021875 0.016666666666666666
0 0.59140625 0.4393518518518518 0.0203125 0.017592592592592594
0 0.59609375 0.42962962962962964 0.0140625 0.011111111111111112
0 0.6036458333333333 0.42777777777777776 0.017708333333333333 0.012962962962962963
0 0.5822916666666667 0.3875 0.01875 0.012037037037037037
0 0.5841145833333333 0.37546296296296294 0.016145833333333335 0.012037037037037037
0 0.6015625 0.39166666666666666 0.016666666666666666 0.012962962962962963
0 0.6005208333333333 0.3861111111111111 0.016666666666666666 0.014814814814814815
0 0.6013020833333333 0.37407407407407406 0.015104166666666667 0.011111111111111112
0 0.6005208333333333 0.3680555555555556 0.017708333333333333 0.013888888888888888
0 0.5885416666666666 0.37175925925925923 0.014583333333333334 0.012037037037037037
0 0.5979166666666667 0.34675925925925927 0.014583333333333334 0.010185185185185186
0 0.5973958333333333 0.3453703703703704 0.013541666666666667 0.011111111111111112
0 0.5848958333333333 0.3476851851851852 0.00625 0.012037037037037037
0 0.5825520833333333 0.3449074074074074 0.0140625 0.010185185185185186
0 0.5854166666666667 0.3435185185185185 0.015625 0.011111111111111112
0 0.6348958333333333 0.36435185185185187 0.008333333333333333 0.013888888888888888
0 0.6231770833333333 0.3194444444444444 0.005729166666666666 0.009259259259259259
0 0.6596354166666667 0.28888888888888886 0.0046875 0.007407407407407408
0 0.6619791666666667 0.2967592592592593 0.00625 0.008333333333333333
0 0.6546875 0.3023148148148148 0.00625 0.008333333333333333
0 0.6666666666666666 0.3453703703703704 0.008333333333333333 0.014814814814814815
0 0.6682291666666667 0.33796296296296297 0.007291666666666667 0.011111111111111112
0 0.6791666666666667 0.3439814814814815 0.007291666666666667 0.012037037037037037
0 0.6848958333333334 0.40046296296296297 0.009375 0.01574074074074074
0 0.7578125 0.4074074074074074 0.011458333333333333 0.018518518518518517
0 0.7419270833333333 0.4824074074074074 0.016145833333333335 0.025925925925925925
0 0.8015625 0.5296296296296297 0.01875 0.024074074074074074
0 0.9390625 0.5625 0.029166666666666667 0.028703703703703703
0 0.6361979166666667 0.3263888888888889 0.0046875 0.008333333333333333
0 0.75703125 0.3458333333333333 0.0109375 0.012037037037037037
0 0.7544270833333333 0.34305555555555556 0.011979166666666667 0.010185185185185186
0 0.7354166666666667 0.324537037037037 0.0125 0.010185185185185186
0 0.7247395833333333 0.31157407407407406 0.0109375 0.010185185185185186
0 0.7377604166666667 0.31157407407407406 0.0109375 0.010185185185185186
0 0.7216145833333333 0.30787037037037035 0.011979166666666667 0.010185185185185186
0 0.7182291666666667 0.3037037037037037 0.010416666666666666 0.007407407407407408
0 0.7145833333333333 0.30092592592592593 0.010416666666666666 0.009259259259259259
0 0.7109375 0.2962962962962963 0.009375 0.009259259259259259
0 0.7091145833333333 0.29583333333333334 0.008854166666666666 0.008333333333333333
0 0.7052083333333333 0.29074074074074074 0.009375 0.007407407407407408
0 0.6989583333333333 0.28564814814814815 0.008333333333333333 0.006481481481481481
0 0.7203125 0.29398148148148145 0.009375 0.008333333333333333
0 0.7153645833333333 0.2912037037037037 0.008854166666666666 0.008333333333333333
0 0.7145833333333333 0.28703703703703703 0.008333333333333333 0.009259259259259259
