0 0.47604166666666664 0.011111111111111112 0.005208333333333333 0.009259259259259259
0 0.4825520833333333 0.02962962962962963 0.0067708333333333336 0.014814814814814815
0 0.5075520833333333 0.14722222222222223 0.009895833333333333 0.016666666666666666
0 0.45364583333333336 0.274537037037037 0.015625 0.032407407407407406
0 0.44765625 0.31342592592592594 0.018229166666666668 0.032407407407407406
0 0.44609375 0.4060185185185185 0.0203125 0.049074074074074076
0 0.5489583333333333 0.5180555555555556 0.022916666666666665 0.049074074074074076
0 0.43645833333333334 0.4828703703703704 0.020833333333333332 0.04351851851851852
0 0.42291666666666666 0.6425925925925926 0.023958333333333335 0.06111111111111111
0 0.5583333333333333 0.6907407407407408 0.028125 0.07222222222222222
0 0.421875 0.7287037037037037 0.027083333333333334 0.08333333333333333
0 0.6690104166666667 0.0962962962962963 0.018229166666666668 0.014814814814814815
0 0.66640625 0.09259259259259259 0.016145833333333335 0.016666666666666666
0 0.81953125 0.30185185185185187 0.028645833333333332 0.037037037037037035
0 0.77890625 0.37453703703703706 0.022395833333333334 0.03981481481481482
0 0.8619791666666666 0.3523148148148148 0.029166666666666667 0.03796296296296296
0 0.8380208333333333 0.35462962962962963 0.027083333333333334 0.037037037037037035
0 0.8169270833333333 0.35462962962962963 0.021354166666666667 0.03518518518518519
0 0.8567708333333334 0.5226851851851851 0.040625 0.04351851851851852
0 0.8963541666666667 0.6046296296296296 0.05 0.040740740740740744
0 0.9606770833333333 0.49166666666666664 0.0453125 0.037037037037037035
0 0.88125 0.5768518518518518 0.05416666666666667 0.046296296296296294
0 0.9546875 0.7162037037037037 0.07291666666666667 0.05277777777777778
0 0.9752604166666666 0.7680555555555556 0.044270833333333336 0.049074074074074076
