0 0.4669270833333333 0.638425925925926 0.059895833333333336 0.075
0 0.54140625 0.6842592592592592 0.0703125 0.08148148148148149
0 0.6356770833333333 0.8064814814814815 0.0546875 0.16666666666666666
0 0.5916666666666667 0.6324074074074074 0.04479166666666667 0.09074074074074075
0 0.61484375 0.5537037037037037 0.0421875 0.07222222222222222
0 0.64140625 0.47638888888888886 0.0359375 0.058333333333333334
0 0.66015625 0.41944444444444445 0.03177083333333333 0.053703703703703705
0 0.6723958333333333 0.37453703703703706 0.034375 0.05092592592592592
0 0.64453125 0.32175925925925924 0.034895833333333334 0.049074074074074076
0 0.69453125 0.2810185185185185 0.0453125 0.03981481481481482
0 0.2640625 0.6583333333333333 0.06041666666666667 0.07777777777777778
0 0.28880208333333335 0.624537037037037 0.06302083333333333 0.06759259259259259
0 0.35963541666666665 0.48703703703703705 0.05364583333333333 0.06111111111111111
0 0.37942708333333336 0.4583333333333333 0.0546875 0.053703703703703705
0 0.40208333333333335 0.412962962962963 0.05416666666666667 0.07037037037037037
0 0.45 0.33611111111111114 0.046875 0.053703703703703705
0 0.45729166666666665 0.25787037037037036 0.028125 0.04537037037037037
