4 0.028385416666666666 0.1587962962962963 0.05677083333333333 0.06574074074074074
4 0.06979166666666667 0.8152777777777778 0.03333333333333333 0.125
4 0.13958333333333334 0.7449074074074075 0.051041666666666666 0.11018518518518519
4 0.17265625 0.7041666666666667 0.0484375 0.09722222222222222
4 0.290625 0.5555555555555556 0.04895833333333333 0.0962962962962963
4 0.33359375 0.5018518518518519 0.034895833333333334 0.08148148148148149
4 0.6760416666666667 0.07777777777777778 0.04375 0.05925925925925926
4 0.6385416666666667 0.12777777777777777 0.04375 0.06111111111111111
4 0.60625 0.16620370370370371 0.04583333333333333 0.06759259259259259
4 0.5817708333333333 0.18703703703703703 0.04479166666666667 0.06481481481481481
4 0.571875 0.21898148148148147 0.034375 0.058333333333333334
4 0.49296875 0.15462962962962962 0.043229166666666666 0.06481481481481481
4 0.5473958333333333 0.08333333333333333 0.03958333333333333 0.06111111111111111
