0 0.29140625 0.7467592592592592 0.07760416666666667 0.1675925925925926
0 0.23333333333333334 0.9208333333333333 0.09583333333333334 0.10277777777777777
0 0.5614583333333333 0.7819444444444444 0.08541666666666667 0.15462962962962962
0 0.5192708333333333 0.6407407407407407 0.058333333333333334 0.1
0 0.5671875 0.5138888888888888 0.07708333333333334 0.05740740740740741
0 0.68515625 0.48009259259259257 0.050520833333333334 0.05092592592592592
0 0.6385416666666667 0.4310185185185185 0.046875 0.041666666666666664
0 0.6723958333333333 0.4162037037037037 0.052083333333333336 0.03981481481481482
0 0.43463541666666666 0.39351851851851855 0.04635416666666667 0.02962962962962963
0 0.41458333333333336 0.37824074074074077 0.03958333333333333 0.023148148148148147
0 0.3671875 0.3439814814814815 0.015625 0.019444444444444445
0 0.32135416666666666 0.4324074074074074 0.022916666666666665 0.03888888888888889
0 0.3190104166666667 0.38425925925925924 0.015104166666666667 0.027777777777777776
0 0.3184895833333333 0.36574074074074076 0.015104166666666667 0.024074074074074074
0 0.2984375 0.29444444444444445 0.009375 0.012962962962962963
