0 0.66875 0.5504629629629629 0.1125 0.12129629629629629
0 0.6994791666666667 0.3962962962962963 0.059375 0.11666666666666667
0 0.5877604166666667 0.5050925925925925 0.08489583333333334 0.10277777777777777
0 0.5815104166666667 0.4449074074074074 0.07135416666666666 0.09907407407407408
0 0.47760416666666666 0.48935185185185187 0.05 0.0712962962962963
0 0.49505208333333334 0.5851851851851851 0.05677083333333333 0.07777777777777778
0 0.43411458333333336 0.6861111111111111 0.0546875 0.07962962962962963
0 0.4200520833333333 0.638425925925926 0.05260416666666667 0.07314814814814814
0 0.34791666666666665 0.6912037037037037 0.040625 0.062037037037037036
0 0.378125 0.5509259259259259 0.035416666666666666 0.05185185185185185
0 0.26536458333333335 0.6537037037037037 0.0265625 0.05
0 0.3177083333333333 0.524074074074074 0.020833333333333332 0.040740740740740744
0 0.3567708333333333 0.42916666666666664 0.016666666666666666 0.03425925925925926
0 0.36015625 0.38101851851851853 0.013020833333333334 0.030555555555555555
0 0.34453125 0.4217592592592593 0.0140625 0.03425925925925926
0 0.3265625 0.48055555555555557 0.017708333333333333 0.037037037037037035
0 0.27630208333333334 0.5703703703703704 0.0140625 0.03518518518518519
0 0.30572916666666666 0.5287037037037037 0.017708333333333333 0.040740740740740744
0 0.29635416666666664 0.5199074074074074 0.015625 0.030555555555555555
0 0.31145833333333334 0.4986111111111111 0.016666666666666666 0.028703703703703703
0 0.31302083333333336 0.4824074074074074 0.014583333333333334 0.02962962962962963
0 0.3263020833333333 0.4625 0.0171875 0.03425925925925926
0 0.33125 0.4388888888888889 0.0125 0.03148148148148148
0 0.2825520833333333 0.4449074074074074 0.009895833333333333 0.017592592592592594
0 0.31145833333333334 0.3921296296296296 0.010416666666666666 0.01574074074074074
0 0.3026041666666667 0.39814814814814814 0.009375 0.014814814814814815
0 0.36614583333333334 0.35462962962962963 0.009375 0.020370370370370372
0 0.40703125 0.3101851851851852 0.015104166666666667 0.025925925925925925
0 0.38984375 0.31296296296296294 0.0109375 0.025925925925925925
0 0.3846354166666667 0.31574074074074077 0.011979166666666667 0.022222222222222223
0 0.4002604166666667 0.28055555555555556 0.011979166666666667 0.025925925925925925
0 0.40729166666666666 0.2125 0.007291666666666667 0.019444444444444445
0 0.43020833333333336 0.24583333333333332 0.013541666666666667 0.023148148148148147
0 0.5184895833333333 0.02824074074074074 0.008854166666666666 0.017592592592592594
0 0.5169270833333334 0.017592592592592594 0.0078125 0.014814814814814815
0 0.5106770833333333 0.02175925925925926 0.0067708333333333336 0.01574074074074074
0 0.5002604166666667 0.04027777777777778 0.0067708333333333336 0.012037037037037037
0 0.48151041666666666 0.08148148148148149 0.0078125 0.016666666666666666
0 0.4778645833333333 0.09537037037037037 0.008854166666666666 0.016666666666666666
0 0.45364583333333336 0.12083333333333333 0.009375 0.017592592592592594
