0 0.11432291666666666 0.6282407407407408 0.07135416666666666 0.13425925925925927
0 0.32109375 0.5527777777777778 0.049479166666666664 0.1
0 0.3494791666666667 0.41203703703703703 0.05520833333333333 0.046296296296296294
0 0.42916666666666664 0.39537037037037037 0.04895833333333333 0.040740740740740744
0 0.5026041666666666 0.39490740740740743 0.05520833333333333 0.03981481481481482
0 0.5856770833333333 0.3907407407407407 0.05572916666666667 0.04259259259259259
0 0.18307291666666667 0.40555555555555556 0.028645833333333332 0.05
0 0.14322916666666666 0.33425925925925926 0.04895833333333333 0.03333333333333333
0 0.14140625 0.32175925925925924 0.04635416666666667 0.025
0 0.11901041666666666 0.3023148148148148 0.03802083333333333 0.019444444444444445
0 0.10703125 0.287962962962963 0.022395833333333334 0.014814814814814815
0 0.15364583333333334 0.26851851851851855 0.01875 0.018518518518518517
0 0.13125 0.2625 0.022916666666666665 0.019444444444444445
0 0.10963541666666667 0.2587962962962963 0.0203125 0.017592592592592594
0 0.07942708333333333 0.24675925925925926 0.015104166666666667 0.017592592592592594
