4 0.4578125 0.2740740740740741 0.008333333333333333 0.016666666666666666
4 0.18619791666666666 0.8351851851851851 0.03802083333333333 0.08148148148148149
4 0.19557291666666668 0.7583333333333333 0.034895833333333334 0.06481481481481481
4 0.20989583333333334 0.711574074074074 0.03229166666666667 0.062037037037037036
4 0.26640625 0.4393518518518518 0.019270833333333334 0.032407407407407406
4 0.3575520833333333 0.2513888888888889 0.0078125 0.017592592592592594
4 0.4622395833333333 0.28935185185185186 0.009895833333333333 0.019444444444444445
4 0.36484375 0.18472222222222223 0.0067708333333333336 0.013888888888888888
4 0.359375 0.13472222222222222 0.005208333333333333 0.010185185185185186
4 0.3640625 0.11851851851851852 0.005208333333333333 0.009259259259259259
4 0.3671875 0.08842592592592592 0.004166666666666667 0.006481481481481481
4 0.3619791666666667 0.09537037037037037 0.003125 0.005555555555555556
4 0.3828125 0.06805555555555555 0.003125 0.004629629629629629
4 0.3515625 0.09351851851851851 0.004166666666666667 0.007407407407407408
4 0.375 0.09907407407407408 0.003125 0.007407407407407408
4 0.34869791666666666 0.1550925925925926 0.0046875 0.010185185185185186
4 0.38203125 0.0625 0.0026041666666666665 0.006481481481481481
