4 0.22005208333333334 0.537962962962963 0.05572916666666667 0.044444444444444446
4 0.08645833333333333 0.5574074074074075 0.06041666666666667 0.046296296296296294
4 0.6239583333333333 0.4009259259259259 0.017708333333333333 0.03518518518518519
4 0.5963541666666666 0.05185185185185185 0.008333333333333333 0.012962962962962963
4 0.603125 0.050462962962962966 0.008333333333333333 0.010185185185185186
4 0.6205729166666667 0.07083333333333333 0.008854166666666666 0.012037037037037037
4 0.7252604166666666 0.2824074074074074 0.0078125 0.020370370370370372
4 0.5825520833333333 0.028703703703703703 0.008854166666666666 0.007407407407407408
4 0.53984375 0.004166666666666667 0.0046875 0.006481481481481481
4 0.5408854166666667 0.0023148148148148147 0.0046875 0.004629629629629629
4 0.4640625 0.18287037037037038 0.021875 0.01574074074074074
4 0.4640625 0.1712962962962963 0.022916666666666665 0.009259259259259259
4 0.5013020833333334 0.17731481481481481 0.009895833333333333 0.019444444444444445
4 0.5072916666666667 0.16666666666666666 0.01875 0.012962962962962963
4 0.325 0.2388888888888889 0.015625 0.02962962962962963
4 0.353125 0.24166666666666667 0.011458333333333333 0.025925925925925925
4 0.3067708333333333 0.30462962962962964 0.017708333333333333 0.03518518518518519
4 0.2994791666666667 0.2763888888888889 0.015625 0.030555555555555555
4 0.3143229166666667 0.2865740740740741 0.016145833333333335 0.032407407407407406
4 0.33177083333333335 0.2824074074074074 0.014583333333333334 0.027777777777777776
4 0.346875 0.2875 0.015625 0.032407407407407406
4 0.36432291666666666 0.2902777777777778 0.016145833333333335 0.032407407407407406
4 0.25442708333333336 0.26666666666666666 0.016145833333333335 0.03333333333333333
4 0.24557291666666667 0.29074074074074074 0.019270833333333334 0.03888888888888889
