4 0.16223958333333333 0.25277777777777777 0.0484375 0.03888888888888889
4 0.61328125 0.3476851851851852 0.0234375 0.04537037037037037
4 0.8825520833333333 0.9648148148148148 0.09947916666666666 0.06481481481481481
4 0.7276041666666667 0.5634259259259259 0.028125 0.075
4 0.7119791666666667 0.3625 0.04791666666666667 0.03981481481481482
4 0.6309895833333333 0.2601851851851852 0.021354166666666667 0.04259259259259259
4 0.6231770833333333 0.22361111111111112 0.021354166666666667 0.04351851851851852
4 0.621875 0.18472222222222223 0.030208333333333334 0.03796296296296296
4 0.56796875 0.1912037037037037 0.016145833333333335 0.03425925925925926
4 0.6013020833333333 0.07361111111111111 0.013020833333333334 0.032407407407407406
4 0.5385416666666667 0.06481481481481481 0.022916666666666665 0.037037037037037035
4 0.70234375 0.011574074074074073 0.0234375 0.021296296296296296
