0 0.34869791666666666 0.9305555555555556 0.044270833333333336 0.08148148148148149
0 0.44817708333333334 0.7856481481481481 0.03177083333333333 0.10277777777777777
0 0.4669270833333333 0.6888888888888889 0.05260416666666667 0.05555555555555555
0 0.47265625 0.5986111111111111 0.0515625 0.058333333333333334
0 0.49375 0.4023148148148148 0.04375 0.03796296296296296
0 0.5059895833333333 0.26296296296296295 0.0421875 0.03888888888888889
0 0.46770833333333334 0.018518518518518517 0.036458333333333336 0.03518518518518519
0 0.21328125 0.03287037037037037 0.0390625 0.03796296296296296
0 0.2015625 0.05925925925925926 0.03854166666666667 0.040740740740740744
0 0.19557291666666668 0.09027777777777778 0.0390625 0.03981481481481482
0 0.18541666666666667 0.11851851851851852 0.040625 0.040740740740740744
0 0.17708333333333334 0.14675925925925926 0.042708333333333334 0.041666666666666664
0 0.165625 0.17592592592592593 0.04375 0.040740740740740744
0 0.15755208333333334 0.2064814814814815 0.043229166666666666 0.044444444444444446
0 0.13828125 0.2689814814814815 0.0453125 0.04537037037037037
0 0.12916666666666668 0.30092592592592593 0.04583333333333333 0.04259259259259259
0 0.11692708333333333 0.34305555555555556 0.0453125 0.041666666666666664
0 0.10729166666666666 0.37407407407407406 0.04791666666666667 0.046296296296296294
0 0.015625 0.7222222222222222 0.03125 0.05185185185185185
0 0.6466145833333333 0.5111111111111111 0.05572916666666667 0.05185185185185185
0 0.63359375 0.5467592592592593 0.050520833333333334 0.049074074074074076
