4 0.4046875 0.5773148148148148 0.04583333333333333 0.049074074074074076
4 0.5205729166666667 0.47129629629629627 0.06822916666666666 0.06296296296296296
4 0.53515625 0.4097222222222222 0.06927083333333334 0.06574074074074074
4 0.5432291666666667 0.35694444444444445 0.0625 0.06018518518518518
4 0.5919270833333333 0.2884259259259259 0.07135416666666666 0.07685185185185185
4 0.5140625 0.34120370370370373 0.051041666666666666 0.058333333333333334
4 0.48359375 0.3972222222222222 0.0453125 0.053703703703703705
4 0.4625 0.3763888888888889 0.041666666666666664 0.04722222222222222
4 0.421875 0.40370370370370373 0.03333333333333333 0.040740740740740744
4 0.42578125 0.4638888888888889 0.04114583333333333 0.046296296296296294
4 0.40078125 0.4444444444444444 0.03177083333333333 0.040740740740740744
4 0.4 0.513425925925926 0.03854166666666667 0.04537037037037037
4 0.36380208333333336 0.5231481481481481 0.030729166666666665 0.037037037037037035
4 0.33541666666666664 0.5351851851851852 0.023958333333333335 0.03333333333333333
4 0.3776041666666667 0.4837962962962963 0.028125 0.032407407407407406
4 0.38828125 0.425462962962963 0.024479166666666666 0.03425925925925926
4 0.3614583333333333 0.44537037037037036 0.022916666666666665 0.03148148148148148
4 0.3494791666666667 0.4740740740740741 0.021875 0.03148148148148148
4 0.31536458333333334 0.512962962962963 0.019270833333333334 0.022222222222222223
4 0.340625 0.4587962962962963 0.017708333333333333 0.028703703703703703
4 0.31666666666666665 0.44537037037037036 0.013541666666666667 0.022222222222222223
4 0.3609375 0.4101851851851852 0.017708333333333333 0.025925925925925925
4 0.49635416666666665 0.2791666666666667 0.03958333333333333 0.06018518518518518
4 0.5299479166666666 0.08101851851851852 0.021354166666666667 0.03981481481481482
4 0.5161458333333333 0.09768518518518518 0.019791666666666666 0.032407407407407406
4 0.5041666666666667 0.11342592592592593 0.021875 0.03611111111111111
4 0.48984375 0.13425925925925927 0.019270833333333334 0.03333333333333333
4 0.4354166666666667 0.20833333333333334 0.014583333333333334 0.03333333333333333
4 0.4276041666666667 0.21944444444444444 0.015625 0.027777777777777776
4 0.4002604166666667 0.26064814814814813 0.009895833333333333 0.019444444444444445
4 0.38723958333333336 0.30462962962962964 0.013020833333333334 0.027777777777777776
4 0.37994791666666666 0.3101851851851852 0.013020833333333334 0.025925925925925925
4 0.3653645833333333 0.33055555555555555 0.0140625 0.027777777777777776
4 0.265625 0.43842592592592594 0.008333333333333333 0.012037037037037037
