4 0.11666666666666667 0.924537037037037 0.052083333333333336 0.09537037037037037
4 0.32005208333333335 0.12268518518518519 0.016145833333333335 0.05092592592592592
4 0.31744791666666666 0.0625 0.013020833333333334 0.03796296296296296
4 0.39765625 0.04259259259259259 0.013020833333333334 0.03333333333333333
4 0.4078125 0.1162037037037037 0.015625 0.03425925925925926
4 0.428125 0.25046296296296294 0.016666666666666666 0.06759259259259259
4 0.41692708333333334 0.16898148148148148 0.015104166666666667 0.03796296296296296
4 0.40338541666666666 0.08009259259259259 0.015104166666666667 0.03425925925925926
4 0.44947916666666665 0.44166666666666665 0.025 0.07962962962962963
4 0.4674479166666667 0.5421296296296296 0.030729166666666665 0.09351851851851851
4 0.6015625 0.44675925925925924 0.014583333333333334 0.041666666666666664
4 0.6002604166666666 0.2898148148148148 0.019270833333333334 0.025925925925925925
