4 0.08072916666666667 0.8981481481481481 0.06354166666666666 0.14074074074074075
4 0.18802083333333333 0.6430555555555556 0.04895833333333333 0.13425925925925927
4 0.24895833333333334 0.34305555555555556 0.03958333333333333 0.10092592592592593
4 0.12864583333333332 0.5037037037037037 0.04791666666666667 0.11481481481481481
4 0.24921875 0.1814814814814815 0.03802083333333333 0.09259259259259259
4 0.29140625 0.18425925925925926 0.03177083333333333 0.09259259259259259
4 0.12265625 0.9449074074074074 0.0421875 0.05462962962962963
4 0.6364583333333333 0.7833333333333333 0.08020833333333334 0.07777777777777778
4 0.6302083333333334 0.8824074074074074 0.084375 0.07777777777777778
4 0.4861979166666667 0.48333333333333334 0.0265625 0.0962962962962963
4 0.453125 0.47129629629629627 0.025 0.09814814814814815
4 0.41770833333333335 0.38101851851851853 0.06458333333333334 0.06018518518518518
4 0.5221354166666666 0.49675925925925923 0.0328125 0.11388888888888889
4 0.55390625 0.5097222222222222 0.0296875 0.10462962962962963
4 0.58671875 0.5208333333333334 0.0296875 0.10833333333333334
4 0.5786458333333333 0.3236111111111111 0.029166666666666667 0.10092592592592593
4 0.6932291666666667 0.34953703703703703 0.030208333333333334 0.09907407407407408
4 0.66484375 0.3509259259259259 0.025520833333333333 0.09444444444444444
4 0.5208333333333334 0.29814814814814816 0.030208333333333334 0.08333333333333333
4 0.5510416666666667 0.30925925925925923 0.027083333333333334 0.1
4 0.4864583333333333 0.1986111111111111 0.030208333333333334 0.08611111111111111
4 0.4375 0.2064814814814815 0.05416666666666667 0.053703703703703705
4 0.6333333333333333 0.34120370370370373 0.028125 0.09537037037037037
4 0.6895833333333333 0.5569444444444445 0.03125 0.11018518518518519
4 0.7158854166666667 0.5421296296296296 0.0265625 0.12129629629629629
4 0.42265625 0.3347222222222222 0.0609375 0.05462962962962963
4 0.4283854166666667 0.2851851851851852 0.059895833333333336 0.06296296296296296
4 0.44140625 0.16574074074074074 0.05677083333333333 0.053703703703703705
4 0.44869791666666664 0.13148148148148148 0.05364583333333333 0.05
4 0.4510416666666667 0.09351851851851851 0.05416666666666667 0.053703703703703705
4 0.45416666666666666 0.06157407407407407 0.051041666666666666 0.05462962962962963
4 0.45729166666666665 0.028703703703703703 0.04583333333333333 0.03888888888888889
4 0.3223958333333333 0.017592592592592594 0.026041666666666668 0.03518518518518519
4 0.2565104166666667 0.016666666666666666 0.0234375 0.03333333333333333
