4 0.05572916666666667 0.48518518518518516 0.052083333333333336 0.07592592592592592
4 0.19348958333333333 0.23055555555555557 0.0171875 0.025925925925925925
4 0.22447916666666667 0.23842592592592593 0.017708333333333333 0.023148148148148147
4 0.23125 0.18564814814814815 0.0125 0.01574074074074074
4 0.24869791666666666 0.15925925925925927 0.0109375 0.012962962962962963
4 0.26927083333333335 0.14953703703703702 0.010416666666666666 0.01574074074074074
4 0.4015625 0.5162037037037037 0.020833333333333332 0.04722222222222222
4 0.36744791666666665 0.6949074074074074 0.027604166666666666 0.06759259259259259
4 0.5286458333333334 0.5175925925925926 0.03854166666666667 0.03333333333333333
4 0.54140625 0.4398148148148148 0.033854166666666664 0.025925925925925925
4 0.42161458333333335 0.30648148148148147 0.0140625 0.024074074074074074
4 0.39921875 0.27314814814814814 0.009895833333333333 0.025925925925925925
4 0.36822916666666666 0.6097222222222223 0.026041666666666668 0.06759259259259259
4 0.5411458333333333 0.4412037037037037 0.03333333333333333 0.028703703703703703
4 0.5130208333333334 0.4583333333333333 0.029166666666666667 0.024074074074074074
4 0.39947916666666666 0.21851851851851853 0.007291666666666667 0.016666666666666666
4 0.39296875 0.19305555555555556 0.0078125 0.012037037037037037
4 0.07005208333333333 0.325 0.0359375 0.03518518518518519
4 0.10104166666666667 0.2652777777777778 0.026041666666666668 0.028703703703703703
4 0.21197916666666666 0.17731481481481481 0.0125 0.01574074074074074
4 0.196875 0.16111111111111112 0.0125 0.014814814814814815
4 0.22317708333333333 0.13425925925925927 0.0078125 0.009259259259259259
4 0.23619791666666667 0.14675925925925926 0.008854166666666666 0.010185185185185186
4 0.2526041666666667 0.12453703703703704 0.00625 0.008333333333333333
4 0.26145833333333335 0.10787037037037037 0.005208333333333333 0.008333333333333333
4 0.26484375 0.10231481481481482 0.0046875 0.008333333333333333
4 0.016666666666666666 0.3458333333333333 0.03333333333333333 0.03796296296296296
4 0.26484375 0.1287037037037037 0.0078125 0.012962962962962963
4 0.2682291666666667 0.12083333333333333 0.007291666666666667 0.013888888888888888
4 0.28125 0.12129629629629629 0.00625 0.011111111111111112
4 0.2921875 0.11851851851851852 0.00625 0.009259259259259259
