0 0.5825520833333333 0.7402777777777778 0.0984375 0.075
0 0.23229166666666667 0.9106481481481481 0.13645833333333332 0.12314814814814815
0 0.41692708333333334 0.5171296296296296 0.022395833333333334 0.03425925925925926
0 0.39375 0.5194444444444445 0.019791666666666666 0.03333333333333333
0 0.36796875 0.5212962962962963 0.018229166666666668 0.044444444444444446
0 0.34140625 0.5263888888888889 0.0171875 0.03425925925925926
0 0.3377604166666667 0.5009259259259259 0.015104166666666667 0.02962962962962963
0 0.3611979166666667 0.500462962962963 0.016145833333333335 0.028703703703703703
0 0.35390625 0.487962962962963 0.013020833333333334 0.022222222222222223
0 0.34817708333333336 0.47175925925925927 0.0140625 0.023148148148148147
0 0.38359375 0.500462962962963 0.015104166666666667 0.025
0 0.3736979166666667 0.48564814814814816 0.015104166666666667 0.023148148148148147
0 0.3671875 0.4736111111111111 0.013541666666666667 0.019444444444444445
0 0.3619791666666667 0.4615740740740741 0.010416666666666666 0.019444444444444445
0 0.39765625 0.487962962962963 0.016145833333333335 0.020370370370370372
0 0.3854166666666667 0.47129629629629627 0.014583333333333334 0.022222222222222223
0 0.37786458333333334 0.4601851851851852 0.0140625 0.018518518518518517
0 0.403125 0.45740740740740743 0.014583333333333334 0.022222222222222223
0 0.3697916666666667 0.42268518518518516 0.010416666666666666 0.019444444444444445
0 0.64140625 0.49027777777777776 0.043229166666666666 0.041666666666666664
