0 0.24401041666666667 0.6050925925925926 0.0671875 0.14166666666666666
0 0.28203125 0.7949074074074074 0.0859375 0.21203703703703702
0 0.6372395833333333 0.799537037037037 0.10989583333333333 0.1824074074074074
0 0.5716145833333334 0.6689814814814815 0.14635416666666667 0.11018518518518519
0 0.23359375 0.4361111111111111 0.07135416666666666 0.08148148148148149
0 0.5502604166666667 0.5902777777777778 0.1171875 0.0824074074074074
0 0.5151041666666667 0.549537037037037 0.12083333333333333 0.08981481481481482
0 0.21015625 0.3736111111111111 0.0421875 0.06574074074074074
0 0.16640625 0.3277777777777778 0.08072916666666667 0.06481481481481481
0 0.1390625 0.26481481481481484 0.06145833333333333 0.046296296296296294
0 0.18385416666666668 0.2351851851851852 0.03229166666666667 0.05185185185185185
0 0.175 0.20601851851851852 0.029166666666666667 0.03981481481481482
0 0.1703125 0.18009259259259258 0.021875 0.026851851851851852
0 0.15364583333333334 0.14537037037037037 0.021875 0.03148148148148148
0 0.15286458333333333 0.12824074074074074 0.0203125 0.030555555555555555
0 0.13619791666666667 0.08287037037037037 0.022395833333333334 0.032407407407407406
0 0.16328125 0.0824074074074074 0.0203125 0.02962962962962963
0 0.20390625 0.08101851851851852 0.0140625 0.025
0 0.2125 0.0962962962962963 0.025 0.022222222222222223
0 0.22942708333333334 0.10925925925925926 0.021354166666666667 0.025925925925925925
0 0.23984375 0.11666666666666667 0.0203125 0.022222222222222223
0 0.24895833333333334 0.1300925925925926 0.025 0.028703703703703703
0 0.26458333333333334 0.14444444444444443 0.022916666666666665 0.02962962962962963
0 0.2791666666666667 0.1625 0.027083333333333334 0.032407407407407406
0 0.29401041666666666 0.18518518518518517 0.027604166666666666 0.03518518518518519
0 0.30963541666666666 0.20694444444444443 0.030729166666666665 0.041666666666666664
0 0.34010416666666665 0.21666666666666667 0.029166666666666667 0.04259259259259259
0 0.41770833333333335 0.2361111111111111 0.05520833333333333 0.04259259259259259
0 0.4640625 0.26157407407407407 0.04479166666666667 0.04537037037037037
0 0.5526041666666667 0.22083333333333333 0.052083333333333336 0.03796296296296296
0 0.4791666666666667 0.22916666666666666 0.052083333333333336 0.04351851851851852
0 0.4044270833333333 0.27546296296296297 0.06614583333333333 0.04537037037037037
0 0.3890625 0.29768518518518516 0.057291666666666664 0.03425925925925926
0 0.38229166666666664 0.31805555555555554 0.075 0.04722222222222222
0 0.39453125 0.35 0.0765625 0.05555555555555555
0 0.41692708333333334 0.3851851851851852 0.0796875 0.06111111111111111
0 0.46536458333333336 0.45231481481481484 0.09947916666666666 0.075
0 0.48020833333333335 0.4898148148148148 0.084375 0.05925925925925926
