0 0.34140625 0.44027777777777777 0.013020833333333334 0.05462962962962963
0 0.2916666666666667 0.4078703703703704 0.013541666666666667 0.04722222222222222
0 0.31979166666666664 0.2550925925925926 0.011458333333333333 0.03981481481481482
0 0.35052083333333334 0.23194444444444445 0.011458333333333333 0.03981481481481482
0 0.31328125 0.09212962962962963 0.0109375 0.028703703703703703
0 0.3346354166666667 0.7037037037037037 0.015104166666666667 0.05
0 0.37161458333333336 0.008796296296296297 0.008854166666666666 0.017592592592592594
0 0.38619791666666664 0.5509259259259259 0.0171875 0.06296296296296296
0 0.5216145833333333 0.19074074074074074 0.033854166666666664 0.024074074074074074
0 0.55546875 0.19166666666666668 0.028645833333333332 0.022222222222222223
0 0.6192708333333333 0.18935185185185185 0.03229166666666667 0.026851851851851852
0 0.6661458333333333 0.15833333333333333 0.029166666666666667 0.022222222222222223
0 0.70703125 0.1587962962962963 0.0265625 0.017592592592592594
0 0.59765625 0.17314814814814813 0.027604166666666666 0.024074074074074074
