4 0.4856770833333333 0.09722222222222222 0.0546875 0.053703703703703705
4 0.48072916666666665 0.24212962962962964 0.05520833333333333 0.05462962962962963
4 0.5708333333333333 0.06805555555555555 0.023958333333333335 0.08981481481481482
4 0.47890625 0.19212962962962962 0.058854166666666666 0.049074074074074076
4 0.47578125 0.1486111111111111 0.05677083333333333 0.049074074074074076
4 0.5752604166666667 0.24722222222222223 0.0296875 0.10555555555555556
4 0.6385416666666667 0.24537037037037038 0.03333333333333333 0.09444444444444444
4 0.4734375 0.3490740740740741 0.0625 0.05185185185185185
4 0.4765625 0.4083333333333333 0.065625 0.05185185185185185
4 0.4739583333333333 0.4666666666666667 0.065625 0.05
4 0.4765625 0.5287037037037037 0.06354166666666666 0.05185185185185185
4 0.47161458333333334 0.5916666666666667 0.0671875 0.06296296296296296
4 0.640625 0.43796296296296294 0.034375 0.11296296296296296
4 0.69453125 0.3365740740740741 0.030729166666666665 0.10648148148148148
4 0.5825520833333333 0.6550925925925926 0.028645833333333332 0.11944444444444445
4 0.465625 0.7291666666666666 0.071875 0.062037037037037036
4 0.4666666666666667 0.8087962962962963 0.07291666666666667 0.05648148148148148
4 0.46484375 0.8912037037037037 0.07135416666666666 0.058333333333333334
4 0.4713541666666667 0.9712962962962963 0.071875 0.05185185185185185
4 0.5880208333333333 0.9287037037037037 0.034375 0.13703703703703704
4 0.6619791666666667 0.9287037037037037 0.029166666666666667 0.13518518518518519
