0 0.26067708333333334 0.5810185185185185 0.030729166666666665 0.025
0 0.26223958333333336 0.5513888888888889 0.0296875 0.025
0 0.27421875 0.46296296296296297 0.0234375 0.024074074074074074
0 0.2703125 0.43287037037037035 0.030208333333333334 0.025
0 0.2721354166666667 0.3736111111111111 0.030729166666666665 0.025
0 0.2828125 0.014814814814814815 0.015625 0.02962962962962963
0 0.34348958333333335 0.07824074074074074 0.011979166666666667 0.05277777777777778
0 0.3419270833333333 0.2175925925925926 0.011979166666666667 0.053703703703703705
0 0.3098958333333333 0.5560185185185185 0.0125 0.05648148148148148
0 0.3111979166666667 0.6925925925925925 0.011979166666666667 0.05925925925925926
0 0.33541666666666664 0.6921296296296297 0.013541666666666667 0.058333333333333334
0 0.57890625 0.30648148148148147 0.015104166666666667 0.04814814814814815
