4 0.7 0.4449074074074074 0.015625 0.017592592592592594
4 0.6625 0.43148148148148147 0.013541666666666667 0.014814814814814815
4 0.5307291666666667 0.46296296296296297 0.016666666666666666 0.014814814814814815
4 0.47421875 0.47314814814814815 0.016145833333333335 0.014814814814814815
4 0.2596354166666667 0.513425925925926 0.016145833333333335 0.013888888888888888
4 0.290625 0.4962962962962963 0.015625 0.016666666666666666
4 0.29244791666666664 0.44027777777777777 0.011979166666666667 0.012037037037037037
4 0.26953125 0.44027777777777777 0.015104166666666667 0.013888888888888888
4 0.29348958333333336 0.40925925925925927 0.0109375 0.012962962962962963
4 0.184375 0.43472222222222223 0.014583333333333334 0.012037037037037037
4 0.19375 0.49953703703703706 0.014583333333333334 0.01574074074074074
4 0.3731770833333333 0.38564814814814813 0.005729166666666666 0.019444444444444445
4 0.3809895833333333 0.38333333333333336 0.005729166666666666 0.016666666666666666
4 0.37265625 0.36203703703703705 0.005729166666666666 0.018518518518518517
4 0.3802083333333333 0.3611111111111111 0.00625 0.018518518518518517
4 0.19348958333333333 0.2537037037037037 0.0078125 0.014814814814814815
4 0.13020833333333334 0.13935185185185187 0.010416666666666666 0.008333333333333333
4 0.1328125 0.13518518518518519 0.011458333333333333 0.009259259259259259
4 0.14973958333333334 0.13240740740740742 0.008854166666666666 0.009259259259259259
4 0.17552083333333332 0.1361111111111111 0.009375 0.009259259259259259
4 0.18229166666666666 0.2550925925925926 0.008333333333333333 0.01574074074074074
4 0.18776041666666668 0.24166666666666667 0.0078125 0.012962962962962963
4 0.19296875 0.2310185185185185 0.0067708333333333336 0.013888888888888888
4 0.5502604166666667 0.1763888888888889 0.0078125 0.010185185185185186
4 0.56328125 0.15138888888888888 0.005729166666666666 0.010185185185185186
4 0.5653645833333333 0.14351851851851852 0.005729166666666666 0.009259259259259259
4 0.571875 0.11203703703703703 0.005208333333333333 0.011111111111111112
4 0.5703125 0.01574074074074074 0.005208333333333333 0.011111111111111112
4 0.08619791666666667 0.4777777777777778 0.013020833333333334 0.012962962962962963
