4 0.30703125 0.2662037037037037 0.009895833333333333 0.01574074074074074
4 0.3078125 0.41064814814814815 0.0125 0.028703703703703703
4 0.31302083333333336 0.4736111111111111 0.013541666666666667 0.032407407407407406
4 0.27239583333333334 0.6296296296296297 0.019791666666666666 0.04814814814814815
4 0.3359375 0.26944444444444443 0.009375 0.018518518518518517
4 0.30130208333333336 0.29814814814814816 0.009895833333333333 0.018518518518518517
4 0.2911458333333333 0.33611111111111114 0.010416666666666666 0.020370370370370372
4 0.3145833333333333 0.23703703703703705 0.008333333333333333 0.014814814814814815
4 0.3203125 0.21805555555555556 0.008333333333333333 0.013888888888888888
4 0.3536458333333333 0.19814814814814816 0.007291666666666667 0.012962962962962963
4 0.37057291666666664 0.15 0.005729166666666666 0.012962962962962963
4 0.33697916666666666 0.15185185185185185 0.00625 0.009259259259259259
4 0.34713541666666664 0.1425925925925926 0.005729166666666666 0.011111111111111112
4 0.34817708333333336 0.11851851851851852 0.0046875 0.011111111111111112
4 0.38359375 0.12175925925925926 0.008854166666666666 0.012037037037037037
4 0.3390625 0.17546296296296296 0.00625 0.013888888888888888
4 0.33984375 0.10416666666666667 0.0046875 0.010185185185185186
4 0.3494791666666667 0.09537037037037037 0.004166666666666667 0.009259259259259259
4 0.32578125 0.03518518518518519 0.0046875 0.005555555555555556
4 0.32760416666666664 0.04675925925925926 0.005208333333333333 0.006481481481481481
4 0.30963541666666666 0.013425925925925926 0.0046875 0.004629629629629629
