0 0.18072916666666666 0.3375 0.05 0.03796296296296296
0 0.23411458333333332 0.2773148148148148 0.03802083333333333 0.028703703703703703
0 0.0296875 0.31851851851851853 0.035416666666666666 0.037037037037037035
0 0.09375 0.27175925925925926 0.04583333333333333 0.026851851851851852
0 0.14192708333333334 0.24537037037037038 0.0359375 0.027777777777777776
0 0.4010416666666667 0.4273148148148148 0.04791666666666667 0.049074074074074076
0 0.34869791666666666 0.36157407407407405 0.0421875 0.04351851851851852
0 0.3151041666666667 0.35324074074074074 0.03854166666666667 0.041666666666666664
0 0.6395833333333333 0.26990740740740743 0.027083333333333334 0.025
0 0.047135416666666666 0.19768518518518519 0.0265625 0.023148148148148147
0 0.02265625 0.2490740740740741 0.0390625 0.03148148148148148
0 0.015364583333333333 0.2337962962962963 0.030729166666666665 0.03425925925925926
0 0.04010416666666667 0.25416666666666665 0.04583333333333333 0.030555555555555555
0 0.052083333333333336 0.2601851851851852 0.041666666666666664 0.02962962962962963
0 0.07161458333333333 0.26296296296296295 0.04114583333333333 0.03518518518518519
0 0.1203125 0.2898148148148148 0.034375 0.03333333333333333
0 0.13333333333333333 0.2986111111111111 0.04479166666666667 0.03611111111111111
0 0.14348958333333334 0.3143518518518518 0.044270833333333336 0.03611111111111111
0 0.15885416666666666 0.32407407407407407 0.046875 0.040740740740740744
0 0.18229166666666666 0.25787037037037036 0.03229166666666667 0.030555555555555555
0 0.20130208333333333 0.26296296296296295 0.034895833333333334 0.027777777777777776
0 0.22057291666666667 0.26805555555555555 0.03802083333333333 0.028703703703703703
0 0.008333333333333333 0.2916666666666667 0.016666666666666666 0.037037037037037035
0 0.35260416666666666 0.3194444444444444 0.03333333333333333 0.03888888888888889
0 0.3841145833333333 0.3037037037037037 0.027604166666666666 0.027777777777777776
0 0.4088541666666667 0.3125 0.028125 0.032407407407407406
0 0.44036458333333334 0.29305555555555557 0.0265625 0.032407407407407406
0 0.4361979166666667 0.26157407407407407 0.0203125 0.028703703703703703
0 0.4166666666666667 0.28379629629629627 0.027083333333333334 0.03425925925925926
0 0.4231770833333333 0.2513888888888889 0.025520833333333333 0.021296296296296296
0 0.4049479166666667 0.26342592592592595 0.016145833333333335 0.025
0 0.36223958333333334 0.2773148148148148 0.028645833333333332 0.026851851851851852
0 0.34270833333333334 0.2967592592592593 0.034375 0.028703703703703703
0 0.48046875 0.40879629629629627 0.027604166666666666 0.04351851851851852
0 0.5036458333333333 0.3763888888888889 0.035416666666666666 0.03796296296296296
0 0.47630208333333335 0.35324074074074074 0.028645833333333332 0.03425925925925926
0 0.5026041666666666 0.32685185185185184 0.022916666666666665 0.027777777777777776
0 0.47734375 0.22268518518518518 0.0140625 0.019444444444444445
0 0.48854166666666665 0.21712962962962962 0.01875 0.01574074074074074
0 0.49583333333333335 0.2125 0.01875 0.017592592592592594
0 0.5161458333333333 0.21574074074074073 0.015625 0.014814814814814815
0 0.5020833333333333 0.20787037037037037 0.019791666666666666 0.01574074074074074
0 0.5125 0.2037037037037037 0.016666666666666666 0.014814814814814815
0 0.5197916666666667 0.19907407407407407 0.017708333333333333 0.014814814814814815
0 0.5263020833333333 0.19537037037037036 0.018229166666666668 0.012962962962962963
0 0.54296875 0.1986111111111111 0.013020833333333334 0.017592592592592594
0 0.55390625 0.1935185185185185 0.0109375 0.014814814814814815
0 0.56484375 0.18425925925925926 0.0109375 0.014814814814814815
0 0.53984375 0.18518518518518517 0.0109375 0.009259259259259259
0 0.5453125 0.18796296296296297 0.0125 0.012962962962962963
0 0.5510416666666667 0.18101851851851852 0.009375 0.013888888888888888
0 0.5192708333333333 0.2967592592592593 0.021875 0.032407407407407406
0 0.5375 0.5078703703703704 0.07708333333333334 0.06018518518518518
0 0.5395833333333333 0.4759259259259259 0.059375 0.046296296296296294
0 0.56171875 0.4597222222222222 0.06302083333333333 0.05648148148148148
0 0.5716145833333334 0.43333333333333335 0.05677083333333333 0.046296296296296294
0 0.5830729166666667 0.40046296296296297 0.04739583333333333 0.04351851851851852
0 0.5877604166666667 0.3773148148148148 0.0359375 0.03796296296296296
0 0.60703125 0.3675925925925926 0.0390625 0.04259259259259259
0 0.6171875 0.3592592592592593 0.03958333333333333 0.03333333333333333
0 0.6307291666666667 0.30416666666666664 0.0375 0.032407407407407406
0 0.6825520833333333 0.40925925925925927 0.04739583333333333 0.03333333333333333
0 0.6807291666666667 0.44166666666666665 0.059375 0.044444444444444446
0 0.7033854166666667 0.47314814814814815 0.050520833333333334 0.05185185185185185
0 0.7151041666666667 0.5013888888888889 0.025 0.058333333333333334
0 0.7002604166666667 0.26805555555555555 0.034895833333333334 0.021296296296296296
0 0.6994791666666667 0.26342592592592595 0.03333333333333333 0.019444444444444445
0 0.7005208333333334 0.2564814814814815 0.028125 0.024074074074074074
0 0.69765625 0.2518518518518518 0.03177083333333333 0.022222222222222223
0 0.6903645833333333 0.20694444444444443 0.016145833333333335 0.013888888888888888
0 0.67734375 0.20277777777777778 0.022395833333333334 0.018518518518518517
0 0.7026041666666667 0.19212962962962962 0.017708333333333333 0.01574074074074074
0 0.7171875 0.2023148148148148 0.007291666666666667 0.013888888888888888
0 0.7109375 0.2064814814814815 0.008333333333333333 0.016666666666666666
0 0.6072916666666667 0.2388888888888889 0.015625 0.022222222222222223
0 0.6125 0.2310185185185185 0.015625 0.019444444444444445
0 0.6177083333333333 0.22685185185185186 0.013541666666666667 0.018518518518518517
0 0.6231770833333333 0.21944444444444444 0.011979166666666667 0.020370370370370372
0 0.6286458333333333 0.2162037037037037 0.013541666666666667 0.017592592592592594
0 0.6322916666666667 0.20416666666666666 0.013541666666666667 0.019444444444444445
0 0.6395833333333333 0.19907407407407407 0.015625 0.016666666666666666
0 0.65078125 0.18611111111111112 0.008854166666666666 0.012962962962962963
