0 0.27447916666666666 0.7898148148148149 0.12291666666666666 0.10925925925925926
0 0.30130208333333336 0.6337962962962963 0.0984375 0.09351851851851851
0 0.32317708333333334 0.5268518518518519 0.0828125 0.06666666666666667
0 0.50703125 0.412962962962963 0.06822916666666666 0.046296296296296294
0 0.36640625 0.3087962962962963 0.049479166666666664 0.03981481481481482
0 0.37526041666666665 0.24027777777777778 0.0421875 0.028703703703703703
0 0.33619791666666665 0.24259259259259258 0.024479166666666666 0.04259259259259259
0 0.4434895833333333 0.18981481481481483 0.013020833333333334 0.03333333333333333
0 0.46588541666666666 0.17453703703703705 0.016145833333333335 0.028703703703703703
0 0.12447916666666667 0.16296296296296298 0.03333333333333333 0.03518518518518519
0 0.31354166666666666 0.026851851851851852 0.009375 0.016666666666666666
0 0.3606770833333333 0.3888888888888889 0.059895833333333336 0.040740740740740744
0 0.35625 0.36666666666666664 0.06145833333333333 0.037037037037037035
0 0.39140625 0.19768518518518519 0.033854166666666664 0.026851851851851852
0 0.3927083333333333 0.1824074074074074 0.036458333333333336 0.022222222222222223
0 0.3919270833333333 0.14444444444444443 0.0328125 0.024074074074074074
0 0.39427083333333335 0.12685185185185185 0.027083333333333334 0.020370370370370372
0 0.40182291666666664 0.12083333333333333 0.021354166666666667 0.017592592592592594
0 0.39895833333333336 0.10787037037037037 0.022916666666666665 0.021296296296296296
0 0.40260416666666665 0.09305555555555556 0.017708333333333333 0.017592592592592594
0 0.4044270833333333 0.08564814814814815 0.018229166666666668 0.012037037037037037
0 0.40208333333333335 0.08101851851851852 0.01875 0.01574074074074074
0 0.41822916666666665 0.08425925925925926 0.007291666666666667 0.016666666666666666
0 0.4278645833333333 0.08472222222222223 0.009895833333333333 0.017592592592592594
0 0.4375 0.08472222222222223 0.007291666666666667 0.017592592592592594
0 0.44244791666666666 0.07037037037037037 0.0140625 0.018518518518518517
0 0.41901041666666666 0.06851851851851852 0.0067708333333333336 0.016666666666666666
0 0.43671875 0.09953703703703703 0.0109375 0.013888888888888888
0 0.43776041666666665 0.1087962962962963 0.009895833333333333 0.01574074074074074
0 0.43463541666666666 0.11805555555555555 0.009895833333333333 0.019444444444444445
0 0.4393229166666667 0.1259259259259259 0.0140625 0.025925925925925925
0 0.44088541666666664 0.14814814814814814 0.013020833333333334 0.020370370370370372
0 0.44505208333333335 0.1675925925925926 0.018229166666666668 0.027777777777777776
0 0.47708333333333336 0.075 0.011458333333333333 0.016666666666666666
0 0.4864583333333333 0.07453703703703704 0.009375 0.01574074074074074
0 0.4778645833333333 0.12222222222222222 0.025520833333333333 0.016666666666666666
0 0.4796875 0.12777777777777777 0.022916666666666665 0.016666666666666666
0 0.47552083333333334 0.13240740740740742 0.026041666666666668 0.018518518518518517
0 0.4903645833333333 0.15925925925925927 0.0234375 0.016666666666666666
0 0.49765625 0.17962962962962964 0.025520833333333333 0.018518518518518517
0 0.49296875 0.17824074074074073 0.03697916666666667 0.021296296296296296
0 0.49583333333333335 0.1712962962962963 0.027083333333333334 0.020370370370370372
0 0.4703125 0.22546296296296298 0.042708333333333334 0.025
0 0.4635416666666667 0.24212962962962964 0.041666666666666664 0.026851851851851852
0 0.4666666666666667 0.2564814814814815 0.041666666666666664 0.024074074074074074
0 0.46640625 0.26481481481481484 0.0390625 0.020370370370370372
0 0.47604166666666664 0.2972222222222222 0.052083333333333336 0.02962962962962963
0 0.48046875 0.3194444444444444 0.05364583333333333 0.03888888888888889
0 0.48671875 0.35694444444444445 0.0578125 0.03425925925925926
0 0.49270833333333336 0.37824074074074077 0.06354166666666666 0.03425925925925926
0 0.5703125 0.2833333333333333 0.046875 0.04259259259259259
0 0.46953125 0.09675925925925925 0.024479166666666666 0.025
0 0.3932291666666667 0.07407407407407407 0.016666666666666666 0.018518518518518517
