0 0.11979166666666667 0.5402777777777777 0.016666666666666666 0.013888888888888888
0 0.10572916666666667 0.5435185185185185 0.015625 0.014814814814814815
0 0.0703125 0.5361111111111111 0.008333333333333333 0.012962962962962963
0 0.09166666666666666 0.5546296296296296 0.016666666666666666 0.016666666666666666
0 0.12604166666666666 0.5819444444444445 0.015625 0.021296296296296296
0 0.13723958333333333 0.5912037037037037 0.0171875 0.021296296296296296
0 0.15182291666666667 0.6013888888888889 0.022395833333333334 0.026851851851851852
0 0.16536458333333334 0.6111111111111112 0.0265625 0.024074074074074074
0 0.18072916666666666 0.6203703703703703 0.019791666666666666 0.027777777777777776
0 0.19348958333333333 0.5847222222222223 0.0203125 0.019444444444444445
0 0.17630208333333333 0.5972222222222222 0.0234375 0.022222222222222223
0 0.2078125 0.5925925925925926 0.021875 0.020370370370370372
0 0.22838541666666667 0.5888888888888889 0.016145833333333335 0.020370370370370372
0 0.25494791666666666 0.6175925925925926 0.027604166666666666 0.025925925925925925
0 0.23307291666666666 0.6587962962962963 0.030729166666666665 0.030555555555555555
0 0.25416666666666665 0.6759259259259259 0.030208333333333334 0.03148148148148148
0 0.29244791666666664 0.6462962962962963 0.028645833333333332 0.027777777777777776
0 0.2791666666666667 0.5527777777777778 0.01875 0.016666666666666666
0 0.28125 0.6958333333333333 0.03333333333333333 0.03425925925925926
0 0.32005208333333335 0.6611111111111111 0.0328125 0.027777777777777776
0 0.3111979166666667 0.7171296296296297 0.03697916666666667 0.03425925925925926
0 0.34609375 0.6800925925925926 0.0296875 0.032407407407407406
0 0.34375 0.7439814814814815 0.0375 0.041666666666666664
0 0.378125 0.7680555555555556 0.041666666666666664 0.04537037037037037
0 0.45078125 0.7398148148148148 0.04635416666666667 0.044444444444444446
0 0.49947916666666664 0.7666666666666667 0.04791666666666667 0.05
0 0.46510416666666665 0.8379629629629629 0.04895833333333333 0.05
0 0.5635416666666667 0.8041666666666667 0.051041666666666666 0.049074074074074076
0 0.625 0.725462962962963 0.034375 0.03611111111111111
0 0.6075520833333333 0.9388888888888889 0.07552083333333333 0.07222222222222222
0 0.715625 0.8513888888888889 0.035416666666666666 0.06388888888888888
0 0.8682291666666667 0.9694444444444444 0.07291666666666667 0.09259259259259259
0 0.9489583333333333 0.6550925925925926 0.03333333333333333 0.032407407407407406
0 0.16484375 0.5689814814814815 0.021354166666666667 0.019444444444444445
0 0.15833333333333333 0.562037037037037 0.015625 0.018518518518518517
0 0.14713541666666666 0.5513888888888889 0.0140625 0.01574074074074074
0 0.13671875 0.5481481481481482 0.0171875 0.016666666666666666
0 0.14609375 0.5689814814814815 0.021354166666666667 0.019444444444444445
0 0.14713541666666666 0.5824074074074074 0.018229166666666668 0.022222222222222223
0 0.44296875 0.5407407407407407 0.0234375 0.018518518518518517
0 0.4348958333333333 0.5356481481481481 0.026041666666666668 0.019444444444444445
0 0.2989583333333333 0.5078703703703704 0.017708333333333333 0.01574074074074074
0 0.05625 0.5023148148148148 0.009375 0.012037037037037037
0 0.06953125 0.5097222222222222 0.013020833333333334 0.017592592592592594
0 0.0796875 0.5115740740740741 0.011458333333333333 0.023148148148148147
0 0.04739583333333333 0.4930555555555556 0.009375 0.013888888888888888
0 0.04453125 0.4861111111111111 0.0203125 0.014814814814814815
0 0.020833333333333332 0.48009259259259257 0.009375 0.010185185185185186
0 0.016927083333333332 0.4759259259259259 0.009895833333333333 0.009259259259259259
0 0.015104166666666667 0.47638888888888886 0.0125 0.012037037037037037
0 0.010416666666666666 0.4689814814814815 0.013541666666666667 0.01574074074074074
