4 0.45208333333333334 0.8245370370370371 0.027083333333333334 0.08055555555555556
4 0.5697916666666667 0.8643518518518518 0.03333333333333333 0.08055555555555556
4 0.5466145833333333 0.5347222222222222 0.018229166666666668 0.023148148148148147
4 0.44036458333333334 0.5 0.027604166666666666 0.018518518518518517
4 0.28541666666666665 0.47638888888888886 0.021875 0.023148148148148147
4 0.15911458333333334 0.48194444444444445 0.0296875 0.021296296296296296
4 0.24505208333333334 0.31574074074074077 0.0109375 0.012962962962962963
4 0.2171875 0.3578703703703704 0.0125 0.013888888888888888
4 0.14270833333333333 0.41712962962962963 0.023958333333333335 0.019444444444444445
4 0.011979166666666667 0.4837962962962963 0.022916666666666665 0.017592592592592594
4 0.22630208333333332 0.324537037037037 0.015104166666666667 0.012037037037037037
4 0.22317708333333333 0.3402777777777778 0.015104166666666667 0.013888888888888888
4 0.34036458333333336 0.28425925925925927 0.011979166666666667 0.011111111111111112
4 0.3182291666666667 0.2101851851851852 0.014583333333333334 0.011111111111111112
4 0.38177083333333334 0.2564814814814815 0.00625 0.011111111111111112
4 0.39348958333333334 0.24444444444444444 0.0067708333333333336 0.009259259259259259
4 0.4158854166666667 0.25462962962962965 0.0046875 0.007407407407407408
4 0.41171875 0.24259259259259258 0.005729166666666666 0.007407407407407408
4 0.40572916666666664 0.21388888888888888 0.004166666666666667 0.007407407407407408
4 0.39947916666666666 0.2111111111111111 0.005208333333333333 0.007407407407407408
4 0.37994791666666666 0.2162037037037037 0.0067708333333333336 0.012037037037037037
4 0.39166666666666666 0.2263888888888889 0.005208333333333333 0.008333333333333333
4 0.38645833333333335 0.22546296296296298 0.004166666666666667 0.008333333333333333
4 0.39479166666666665 0.20324074074074075 0.003125 0.006481481481481481
4 0.39895833333333336 0.20092592592592592 0.004166666666666667 0.005555555555555556
4 0.40078125 0.19305555555555556 0.0036458333333333334 0.006481481481481481
4 0.39427083333333335 0.1935185185185185 0.004166666666666667 0.007407407407407408
4 0.39479166666666665 0.20879629629629629 0.003125 0.004629629629629629
4 0.37552083333333336 0.19675925925925927 0.005208333333333333 0.008333333333333333
4 0.3807291666666667 0.1865740740740741 0.005208333333333333 0.008333333333333333
4 0.37473958333333335 0.16944444444444445 0.0046875 0.007407407407407408
4 0.37838541666666664 0.12916666666666668 0.0036458333333333334 0.004629629629629629
4 0.3802083333333333 0.2273148148148148 0.005208333333333333 0.008333333333333333
4 0.38671875 0.1574074074074074 0.0036458333333333334 0.005555555555555556
4 0.3841145833333333 0.15138888888888888 0.0026041666666666665 0.002777777777777778
4 0.38307291666666665 0.14675925925925926 0.0026041666666666665 0.002777777777777778
4 0.38177083333333334 0.1375 0.003125 0.004629629629629629
4 0.38229166666666664 0.14212962962962963 0.003125 0.004629629629629629
4 0.3776041666666667 0.11944444444444445 0.003125 0.003703703703703704
4 0.38177083333333334 0.11944444444444445 0.003125 0.005555555555555556
4 0.38333333333333336 0.125 0.003125 0.005555555555555556
4 0.3731770833333333 0.1398148148148148 0.0036458333333333334 0.005555555555555556
4 0.371875 0.13425925925925927 0.003125 0.003703703703703704
4 0.37265625 0.11712962962962963 0.0046875 0.004629629629629629
4 0.3684895833333333 0.11944444444444445 0.0036458333333333334 0.007407407407407408
4 0.3734375 0.12546296296296297 0.003125 0.006481481481481481
4 0.37057291666666664 0.12638888888888888 0.0026041666666666665 0.004629629629629629
4 0.3729166666666667 0.1111111111111111 0.003125 0.003703703703703704
4 0.37083333333333335 0.1050925925925926 0.004166666666666667 0.006481481481481481
4 0.48776041666666664 0.2916666666666667 0.013020833333333334 0.009259259259259259
4 0.5453125 0.3162037037037037 0.0125 0.010185185185185186
4 0.5026041666666666 0.26944444444444443 0.007291666666666667 0.011111111111111112
4 0.48333333333333334 0.2513888888888889 0.00625 0.012037037037037037
4 0.49296875 0.2351851851851852 0.005729166666666666 0.007407407407407408
4 0.4625 0.2935185185185185 0.0125 0.011111111111111112
4 0.44609375 0.26064814814814813 0.005729166666666666 0.012037037037037037
4 0.6033854166666667 0.49166666666666664 0.0171875 0.022222222222222223
4 0.6330729166666667 0.44675925925925924 0.015104166666666667 0.017592592592592594
4 0.6205729166666667 0.36574074074074076 0.011979166666666667 0.014814814814814815
4 0.6390625 0.34305555555555556 0.020833333333333332 0.017592592592592594
4 0.60546875 0.3509259259259259 0.0171875 0.016666666666666666
4 0.5794270833333334 0.3125 0.013020833333333334 0.012037037037037037
4 0.5640625 0.31157407407407406 0.0125 0.010185185185185186
4 0.6041666666666666 0.32083333333333336 0.015625 0.013888888888888888
4 0.5869791666666667 0.33055555555555555 0.016666666666666666 0.012962962962962963
4 0.6002604166666666 0.3287037037037037 0.0140625 0.012962962962962963
4 0.6489583333333333 0.45787037037037037 0.014583333333333334 0.021296296296296296
4 0.6903645833333333 0.4148148148148148 0.013020833333333334 0.014814814814814815
4 0.6921875 0.3592592592592593 0.01875 0.014814814814814815
