0 0.4234375 0.9277777777777778 0.023958333333333335 0.09444444444444444
0 0.6036458333333333 0.9490740740740741 0.036458333333333336 0.0962962962962963
0 0.4640625 0.962037037037037 0.027083333333333334 0.07037037037037037
0 0.61875 0.7851851851851852 0.026041666666666668 0.07222222222222222
0 0.8729166666666667 0.8171296296296297 0.0625 0.05092592592592592
0 0.4276041666666667 0.7291666666666666 0.023958333333333335 0.07314814814814814
0 0.42578125 0.5796296296296296 0.0171875 0.05925925925925926
0 0.4546875 0.5902777777777778 0.01875 0.05277777777777778
0 0.5184895833333333 0.5625 0.0203125 0.041666666666666664
0 0.49765625 0.4537037037037037 0.018229166666666668 0.037037037037037035
0 0.42526041666666664 0.4236111111111111 0.013020833333333334 0.041666666666666664
0 0.45677083333333335 0.3527777777777778 0.011458333333333333 0.02962962962962963
0 0.471875 0.2740740740740741 0.010416666666666666 0.020370370370370372
0 0.4953125 0.2722222222222222 0.0125 0.022222222222222223
0 0.47421875 0.20046296296296295 0.0109375 0.017592592592592594
0 0.46822916666666664 0.16296296296296298 0.008333333333333333 0.016666666666666666
0 0.42135416666666664 0.09259259259259259 0.007291666666666667 0.012962962962962963
0 0.45598958333333334 0.1 0.0067708333333333336 0.012962962962962963
0 0.44114583333333335 0.04398148148148148 0.00625 0.010185185185185186
0 0.41822916666666665 0.020370370370370372 0.00625 0.011111111111111112
0 0.44765625 0.02962962962962963 0.0067708333333333336 0.011111111111111112
0 0.53671875 0.22870370370370371 0.0109375 0.018518518518518517
0 0.6033854166666667 0.3435185185185185 0.03177083333333333 0.022222222222222223
0 0.5739583333333333 0.24537037037037038 0.022916666666666665 0.014814814814814815
0 0.5505208333333333 0.19814814814814816 0.022916666666666665 0.014814814814814815
0 0.5494791666666666 0.18703703703703703 0.021875 0.012962962962962963
0 0.54296875 0.16111111111111112 0.016145833333333335 0.014814814814814815
0 0.51796875 0.15046296296296297 0.008854166666666666 0.013888888888888888
0 0.5322916666666667 0.13287037037037036 0.015625 0.010185185185185186
0 0.53125 0.12916666666666668 0.016666666666666666 0.010185185185185186
0 0.5244791666666667 0.1175925925925926 0.016666666666666666 0.011111111111111112
0 0.5432291666666667 0.1175925925925926 0.016666666666666666 0.012962962962962963
0 0.6515625 0.3912037037037037 0.029166666666666667 0.025
0 0.4825520833333333 0.024537037037037038 0.005729166666666666 0.010185185185185186
0 0.47552083333333334 0.004166666666666667 0.005208333333333333 0.008333333333333333
0 0.08411458333333334 0.9824074074074074 0.07135416666666666 0.02962962962962963
