4 0.16380208333333332 0.2324074074074074 0.024479166666666666 0.020370370370370372
4 0.2747395833333333 0.8810185185185185 0.058854166666666666 0.05648148148148148
4 0.15052083333333333 0.9805555555555555 0.015625 0.03333333333333333
4 0.30026041666666664 0.6486111111111111 0.043229166666666666 0.03611111111111111
4 0.31223958333333335 0.5800925925925926 0.0390625 0.030555555555555555
4 0.32057291666666665 0.5236111111111111 0.03697916666666667 0.028703703703703703
4 0.5604166666666667 0.7597222222222222 0.028125 0.06944444444444445
4 0.53046875 0.49583333333333335 0.018229166666666668 0.03981481481481482
4 0.5713541666666667 0.034722222222222224 0.011458333333333333 0.010185185185185186
4 0.34010416666666665 0.16944444444444445 0.014583333333333334 0.012962962962962963
4 0.6455729166666667 0.03333333333333333 0.013020833333333334 0.009259259259259259
4 0.6346354166666667 0.06388888888888888 0.009895833333333333 0.009259259259259259
4 0.56953125 0.016666666666666666 0.0067708333333333336 0.009259259259259259
4 0.5651041666666666 0.011574074074074073 0.007291666666666667 0.010185185185185186
4 0.57265625 0.010185185185185186 0.0067708333333333336 0.009259259259259259
4 0.5700520833333333 0.002777777777777778 0.005729166666666666 0.005555555555555556
4 0.709375 0.26157407407407407 0.027083333333333334 0.017592592592592594
4 0.7044270833333334 0.25462962962962965 0.0234375 0.018518518518518517
4 0.6729166666666667 0.21435185185185185 0.022916666666666665 0.01574074074074074
4 0.6674479166666667 0.20787037037037037 0.0234375 0.017592592592592594
4 0.6625 0.19027777777777777 0.020833333333333332 0.013888888888888888
4 0.6502604166666667 0.17685185185185184 0.016145833333333335 0.016666666666666666
4 0.6471354166666666 0.16944444444444445 0.016145833333333335 0.012962962962962963
4 0.6119791666666666 0.12083333333333333 0.014583333333333334 0.012037037037037037
4 0.5903645833333333 0.09259259259259259 0.0140625 0.009259259259259259
4 0.5502604166666667 0.03518518518518519 0.013020833333333334 0.007407407407407408
4 0.52421875 0.7287037037037037 0.0265625 0.03333333333333333
4 0.53671875 0.4203703703703704 0.019270833333333334 0.03333333333333333
