4 0.46848958333333335 0.7388888888888889 0.0203125 0.05925925925925926
4 0.42604166666666665 0.7134259259259259 0.01875 0.05092592592592592
4 0.44635416666666666 0.7273148148148149 0.019791666666666666 0.05277777777777778
4 0.5 0.7689814814814815 0.01875 0.04722222222222222
4 0.4125 0.600925925925926 0.015625 0.044444444444444446
4 0.43020833333333336 0.6074074074074074 0.013541666666666667 0.044444444444444446
4 0.44921875 0.6180555555555556 0.013020833333333334 0.04537037037037037
4 0.4817708333333333 0.6291666666666667 0.013541666666666667 0.04722222222222222
4 0.35260416666666666 0.5787037037037037 0.01875 0.037037037037037035
4 0.33932291666666664 0.5708333333333333 0.0171875 0.03796296296296296
4 0.32369791666666664 0.562962962962963 0.015104166666666667 0.04259259259259259
4 0.37578125 0.5888888888888889 0.0171875 0.03888888888888889
4 0.08177083333333333 0.20787037037037037 0.010416666666666666 0.008333333333333333
4 0.039322916666666666 0.20324074074074075 0.008854166666666666 0.008333333333333333
