4 0.2947916666666667 0.7314814814814815 0.03125 0.08148148148148149
4 0.26119791666666664 0.5675925925925925 0.0234375 0.04814814814814815
4 0.3203125 0.4587962962962963 0.014583333333333334 0.025
4 0.35078125 0.4046296296296296 0.009895833333333333 0.022222222222222223
4 0.40390625 0.4101851851851852 0.009895833333333333 0.018518518518518517
4 0.3997395833333333 0.3837962962962963 0.008854166666666666 0.01574074074074074
4 0.4083333333333333 0.37083333333333335 0.007291666666666667 0.012037037037037037
4 0.3971354166666667 0.3592592592592593 0.005729166666666666 0.012962962962962963
4 0.36171875 0.36944444444444446 0.008854166666666666 0.014814814814814815
4 0.37161458333333336 0.37175925925925923 0.0078125 0.017592592592592594
4 0.371875 0.36064814814814816 0.007291666666666667 0.01574074074074074
4 0.35572916666666665 0.35324074074074074 0.008333333333333333 0.012037037037037037
4 0.4080729166666667 0.35509259259259257 0.0067708333333333336 0.013888888888888888
4 0.39791666666666664 0.34444444444444444 0.00625 0.012962962962962963
4 0.40729166666666666 0.33796296296296297 0.007291666666666667 0.012962962962962963
4 0.3997395833333333 0.3287037037037037 0.005729166666666666 0.011111111111111112
4 0.4088541666666667 0.3263888888888889 0.00625 0.010185185185185186
4 0.4080729166666667 0.3143518518518518 0.005729166666666666 0.010185185185185186
4 0.40859375 0.3 0.0067708333333333336 0.011111111111111112
4 0.40130208333333334 0.2986111111111111 0.005729166666666666 0.008333333333333333
4 0.40182291666666664 0.2898148148148148 0.0046875 0.007407407407407408
4 0.4083333333333333 0.29074074074074074 0.00625 0.007407407407407408
4 0.39479166666666665 0.2953703703703704 0.00625 0.009259259259259259
4 0.38723958333333336 0.2773148148148148 0.0046875 0.008333333333333333
4 0.40182291666666664 0.2824074074074074 0.005729166666666666 0.007407407407407408
4 0.4080729166666667 0.2828703703703704 0.0046875 0.008333333333333333
4 0.4119791666666667 0.2814814814814815 0.004166666666666667 0.009259259259259259
4 0.4078125 0.27361111111111114 0.003125 0.008333333333333333
4 0.4046875 0.2777777777777778 0.005208333333333333 0.007407407407407408
4 0.35989583333333336 0.2953703703703704 0.005208333333333333 0.009259259259259259
4 0.34739583333333335 0.3199074074074074 0.005208333333333333 0.012037037037037037
4 0.39401041666666664 0.2722222222222222 0.0046875 0.009259259259259259
4 0.38697916666666665 0.2638888888888889 0.004166666666666667 0.007407407407407408
4 0.3919270833333333 0.26435185185185184 0.0046875 0.008333333333333333
4 0.3890625 0.24259259259259258 0.005208333333333333 0.011111111111111112
4 0.39739583333333334 0.2263888888888889 0.003125 0.006481481481481481
4 0.38984375 0.25462962962962965 0.0046875 0.007407407407407408
