4 0.06171875 0.2875 0.0067708333333333336 0.010185185185185186
4 0.29322916666666665 0.375 0.008333333333333333 0.011111111111111112
4 0.28984375 0.33564814814814814 0.008854166666666666 0.010185185185185186
4 0.20052083333333334 0.48148148148148145 0.009375 0.012962962962962963
4 0.2125 0.49583333333333335 0.009375 0.013888888888888888
4 0.16927083333333334 0.5458333333333333 0.010416666666666666 0.017592592592592594
4 0.17447916666666666 0.5476851851851852 0.009375 0.017592592592592594
4 0.1796875 0.5504629629629629 0.009375 0.017592592592592594
4 0.19036458333333334 0.562037037037037 0.0109375 0.016666666666666666
4 0.19713541666666667 0.5282407407407408 0.009895833333333333 0.019444444444444445
4 0.20052083333333334 0.5694444444444444 0.010416666666666666 0.012962962962962963
4 0.228125 0.5615740740740741 0.011458333333333333 0.013888888888888888
4 0.20208333333333334 0.5462962962962963 0.013541666666666667 0.018518518518518517
4 0.20833333333333334 0.549537037037037 0.010416666666666666 0.01574074074074074
4 0.24557291666666667 0.6189814814814815 0.013020833333333334 0.013888888888888888
4 0.24296875 0.6296296296296297 0.013020833333333334 0.012962962962962963
4 0.2390625 0.6407407407407407 0.0125 0.014814814814814815
4 0.23619791666666667 0.6518518518518519 0.013020833333333334 0.012962962962962963
4 0.27291666666666664 0.663425925925926 0.011458333333333333 0.013888888888888888
4 0.28463541666666664 0.6138888888888889 0.0109375 0.016666666666666666
4 0.36692708333333335 0.6736111111111112 0.013020833333333334 0.019444444444444445
4 0.44921875 0.3685185185185185 0.0078125 0.009259259259259259
4 0.453125 0.3662037037037037 0.007291666666666667 0.010185185185185186
4 0.48776041666666664 0.35555555555555557 0.0078125 0.009259259259259259
4 0.49270833333333336 0.3625 0.007291666666666667 0.010185185185185186
4 0.49635416666666665 0.36666666666666664 0.007291666666666667 0.011111111111111112
4 0.50078125 0.36898148148148147 0.005729166666666666 0.010185185185185186
4 0.5296875 0.3902777777777778 0.007291666666666667 0.010185185185185186
4 0.5260416666666666 0.38564814814814813 0.007291666666666667 0.010185185185185186
4 0.5208333333333334 0.38055555555555554 0.00625 0.011111111111111112
