4 0.440625 0.8083333333333333 0.05625 0.06481481481481481
4 0.4583333333333333 0.7490740740740741 0.06354166666666666 0.07222222222222222
4 0.496875 0.6300925925925925 0.05520833333333333 0.07314814814814814
4 0.5411458333333333 0.5962962962962963 0.06354166666666666 0.07037037037037037
4 0.3651041666666667 0.674074074074074 0.036458333333333336 0.0962962962962963
4 0.38125 0.5189814814814815 0.03333333333333333 0.09537037037037037
4 0.4322916666666667 0.387037037037037 0.0375 0.08888888888888889
4 0.4192708333333333 0.2902777777777778 0.052083333333333336 0.05648148148148148
4 0.43515625 0.20416666666666666 0.0296875 0.0824074074074074
4 0.47213541666666664 0.2 0.027604166666666666 0.07037037037037037
4 0.4895833333333333 0.1 0.030208333333333334 0.08148148148148149
4 0.24713541666666666 0.3472222222222222 0.0453125 0.053703703703703705
4 0.2552083333333333 0.30416666666666664 0.052083333333333336 0.049074074074074076
4 0.27291666666666664 0.2439814814814815 0.05625 0.05092592592592592
4 0.2609375 0.18796296296296297 0.04895833333333333 0.06296296296296296
4 0.24739583333333334 0.09907407407407408 0.04895833333333333 0.053703703703703705
4 0.25859375 0.04212962962962963 0.049479166666666664 0.06018518518518518
4 0.33645833333333336 0.3435185185185185 0.035416666666666666 0.08703703703703704
4 0.35703125 0.27037037037037037 0.0328125 0.08148148148148149
4 0.3768229166666667 0.20092592592592592 0.0328125 0.08333333333333333
4 0.3963541666666667 0.13055555555555556 0.03229166666666667 0.07962962962962963
4 0.41380208333333335 0.06435185185185185 0.03177083333333333 0.0787037037037037
4 0.4296875 0.01898148148148148 0.028125 0.03796296296296296
4 0.221875 0.7296296296296296 0.041666666666666664 0.10740740740740741
4 0.17161458333333332 0.3087962962962963 0.034895833333333334 0.08796296296296297
