4 0.34322916666666664 0.7444444444444445 0.016666666666666666 0.03518518518518519
4 0.5458333333333333 0.5763888888888888 0.010416666666666666 0.023148148148148147
4 0.4002604166666667 0.5347222222222222 0.019270833333333334 0.017592592592592594
4 0.38307291666666665 0.5472222222222223 0.0171875 0.016666666666666666
4 0.36432291666666666 0.5375 0.0140625 0.01574074074074074
4 0.26510416666666664 0.5287037037037037 0.010416666666666666 0.020370370370370372
4 0.30442708333333335 0.5365740740740741 0.015104166666666667 0.01574074074074074
4 0.2921875 0.5481481481481482 0.01875 0.018518518518518517
4 0.41328125 0.5310185185185186 0.016145833333333335 0.01574074074074074
4 0.5078125 0.5458333333333333 0.022916666666666665 0.017592592592592594
4 0.7278645833333334 0.6587962962962963 0.03697916666666667 0.028703703703703703
4 0.68984375 0.5726851851851852 0.0171875 0.017592592592592594
4 0.6763020833333333 0.5745370370370371 0.021354166666666667 0.017592592592592594
4 0.6721354166666667 0.6888888888888889 0.04010416666666667 0.025925925925925925
4 0.6833333333333333 0.700925925925926 0.040625 0.027777777777777776
4 0.6598958333333333 0.7569444444444444 0.03125 0.03981481481481482
4 0.6140625 0.7569444444444444 0.04895833333333333 0.03796296296296296
4 0.76953125 0.8018518518518518 0.0484375 0.040740740740740744
4 0.7822916666666667 0.8337962962962963 0.03958333333333333 0.04351851851851852
4 0.5768229166666666 0.6875 0.03802083333333333 0.025
4 0.778125 1.076851851851852 0.07916666666666666 0.07407407407407407
4 0.3026041666666667 0.4666666666666667 0.007291666666666667 0.011111111111111112
