4 0.33151041666666664 0.425 0.0046875 0.009259259259259259
4 0.3296875 0.45092592592592595 0.005208333333333333 0.011111111111111112
4 0.3770833333333333 0.48194444444444445 0.008333333333333333 0.01574074074074074
4 0.33671875 0.49027777777777776 0.0067708333333333336 0.013888888888888888
4 0.33255208333333336 0.475462962962963 0.0067708333333333336 0.013888888888888888
4 0.32916666666666666 0.524537037037037 0.008333333333333333 0.01574074074074074
4 0.3763020833333333 0.5486111111111112 0.009895833333333333 0.021296296296296296
4 0.33229166666666665 0.5435185185185185 0.008333333333333333 0.016666666666666666
4 0.3265625 0.48518518518518516 0.00625 0.014814814814814815
4 0.32317708333333334 0.6041666666666666 0.009895833333333333 0.028703703703703703
4 0.34453125 0.6171296296296296 0.0109375 0.025
4 0.37578125 0.6856481481481481 0.011979166666666667 0.030555555555555555
4 0.38203125 0.7291666666666666 0.0140625 0.03425925925925926
4 0.36015625 0.7074074074074074 0.013020833333333334 0.03518518518518519
4 0.39453125 0.7819444444444444 0.015104166666666667 0.04351851851851852
4 0.38385416666666666 0.8490740740740741 0.017708333333333333 0.05185185185185185
4 0.36276041666666664 0.9083333333333333 0.0171875 0.06111111111111111
4 0.3380208333333333 0.9402777777777778 0.017708333333333333 0.062037037037037036
4 0.3731770833333333 0.5287037037037037 0.009895833333333333 0.018518518518518517
4 0.2994791666666667 0.3509259259259259 0.003125 0.007407407407407408
4 0.34296875 0.34629629629629627 0.0046875 0.005555555555555556
