4 0.19713541666666667 0.7060185185185185 0.04010416666666667 0.12685185185185185
4 0.19765625 0.5657407407407408 0.03697916666666667 0.11666666666666667
4 0.21796875 0.44305555555555554 0.03697916666666667 0.10833333333333334
4 0.29375 0.4074074074074074 0.030208333333333334 0.09259259259259259
4 0.2864583333333333 0.10046296296296296 0.021875 0.058333333333333334
4 0.26536458333333335 0.09675925925925925 0.022395833333333334 0.05648148148148148
4 0.2515625 0.24305555555555555 0.027083333333333334 0.075
4 0.46770833333333334 0.3287037037037037 0.026041666666666668 0.07777777777777778
4 0.38567708333333334 0.14444444444444443 0.0203125 0.05555555555555555
4 0.5325520833333334 0.9291666666666667 0.09114583333333333 0.08425925925925926
4 0.5322916666666667 0.8347222222222223 0.09791666666666667 0.09351851851851851
4 0.384375 0.8407407407407408 0.035416666666666666 0.1537037037037037
