0 0.043229166666666666 1.0833333333333333 0.05416666666666667 0.044444444444444446
0 0.08619791666666667 1.0546296296296296 0.030729166666666665 0.05
0 0.12291666666666666 1.0449074074074074 0.0375 0.06388888888888888
0 0.15026041666666667 1.0435185185185185 0.043229166666666666 0.06481481481481481
0 0.18203125 1.036574074074074 0.04635416666666667 0.058333333333333334
0 0.43411458333333336 1.3546296296296296 0.06302083333333333 0.06296296296296296
0 0.08020833333333334 0.9643518518518519 0.020833333333333332 0.04722222222222222
0 0.09921875 0.962037037037037 0.021354166666666667 0.05740740740740741
0 0.2296875 0.9166666666666666 0.015625 0.046296296296296294
0 0.25286458333333334 0.9175925925925926 0.0171875 0.046296296296296294
0 0.275 0.9111111111111111 0.014583333333333334 0.037037037037037035
0 0.27239583333333334 0.875 0.013541666666666667 0.040740740740740744
0 0.2526041666666667 0.8800925925925925 0.015625 0.03611111111111111
0 0.2328125 0.8796296296296297 0.015625 0.03148148148148148
0 0.27708333333333335 0.8310185185185185 0.013541666666666667 0.028703703703703703
0 0.4354166666666667 0.7041666666666667 0.014583333333333334 0.025
0 0.32786458333333335 0.3106481481481482 0.0046875 0.008333333333333333
0 0.3375 0.3162037037037037 0.004166666666666667 0.006481481481481481
0 0.3377604166666667 0.30972222222222223 0.0036458333333333334 0.006481481481481481
0 0.3190104166666667 0.32314814814814813 0.0036458333333333334 0.005555555555555556
0 0.31692708333333336 0.31296296296296294 0.0036458333333333334 0.005555555555555556
0 0.31614583333333335 0.31666666666666665 0.004166666666666667 0.005555555555555556
0 0.31484375 0.32037037037037036 0.0036458333333333334 0.005555555555555556
0 0.3125 0.32916666666666666 0.004166666666666667 0.006481481481481481
0 0.31927083333333334 0.34814814814814815 0.005208333333333333 0.007407407407407408
0 0.30911458333333336 0.3416666666666667 0.0036458333333333334 0.007407407407407408
0 0.31328125 0.36712962962962964 0.005729166666666666 0.008333333333333333
0 0.30963541666666666 0.35324074074074074 0.0046875 0.008333333333333333
0 0.303125 0.3611111111111111 0.004166666666666667 0.007407407407407408
0 0.30625 0.4310185185185185 0.00625 0.010185185185185186
0 0.29010416666666666 0.40370370370370373 0.00625 0.009259259259259259
0 0.284375 0.42314814814814816 0.005208333333333333 0.009259259259259259
0 0.28411458333333334 0.42962962962962964 0.005729166666666666 0.007407407407407408
0 0.29401041666666666 0.475 0.0067708333333333336 0.011111111111111112
0 0.31614583333333335 0.4976851851851852 0.008333333333333333 0.013888888888888888
0 0.28671875 0.5097222222222222 0.0067708333333333336 0.012037037037037037
0 0.2869791666666667 0.4976851851851852 0.007291666666666667 0.010185185185185186
0 0.29348958333333336 0.5458333333333333 0.013020833333333334 0.017592592592592594
0 0.30416666666666664 0.5745370370370371 0.013541666666666667 0.017592592592592594
0 0.29609375 0.600462962962963 0.0109375 0.023148148148148147
0 0.3020833333333333 0.6194444444444445 0.017708333333333333 0.022222222222222223
0 0.30234375 0.6574074074074074 0.011979166666666667 0.022222222222222223
0 0.4622395833333333 0.6439814814814815 0.025520833333333333 0.019444444444444445
0 0.4596354166666667 0.6351851851851852 0.022395833333333334 0.014814814814814815
0 0.478125 0.6259259259259259 0.010416666666666666 0.024074074074074074
0 0.4903645833333333 0.6361111111111111 0.0140625 0.018518518518518517
0 0.51484375 0.6328703703703704 0.0234375 0.017592592592592594
0 0.50859375 0.624537037037037 0.022395833333333334 0.01574074074074074
0 0.53359375 0.6055555555555555 0.011979166666666667 0.014814814814814815
0 0.5408854166666667 0.6171296296296296 0.015104166666666667 0.019444444444444445
0 0.546875 0.5995370370370371 0.005208333333333333 0.017592592592592594
0 0.5263020833333333 0.6532407407407408 0.0234375 0.01574074074074074
0 0.5317708333333333 0.6601851851851852 0.025 0.018518518518518517
0 0.5622395833333333 0.6907407407407408 0.025520833333333333 0.020370370370370372
0 0.5643229166666667 0.711574074074074 0.016145833333333335 0.021296296296296296
0 0.5770833333333333 0.7319444444444444 0.017708333333333333 0.030555555555555555
0 0.5924479166666666 0.7574074074074074 0.021354166666666667 0.027777777777777776
0 0.6098958333333333 0.7837962962962963 0.022916666666666665 0.032407407407407406
0 0.6325520833333333 0.8046296296296296 0.018229166666666668 0.03333333333333333
0 0.5963541666666666 0.8162037037037037 0.016666666666666666 0.03425925925925926
0 0.5794270833333334 0.8384259259259259 0.03697916666666667 0.028703703703703703
0 0.5424479166666667 0.8388888888888889 0.034895833333333334 0.02962962962962963
0 0.55078125 0.8537037037037037 0.03697916666666667 0.027777777777777776
0 0.5604166666666667 0.8689814814814815 0.036458333333333336 0.032407407407407406
0 0.6083333333333333 0.8439814814814814 0.022916666666666665 0.03425925925925926
0 0.6052083333333333 0.8717592592592592 0.015625 0.04537037037037037
0 0.6283854166666667 0.8726851851851852 0.0234375 0.03425925925925926
0 0.6453125 0.8648148148148148 0.025 0.03333333333333333
0 0.6544270833333333 0.8277777777777777 0.03177083333333333 0.03333333333333333
0 0.6640625 0.8083333333333333 0.035416666666666666 0.027777777777777776
0 0.7213541666666666 0.7935185185185185 0.027083333333333334 0.022222222222222223
0 0.7466145833333333 0.7875 0.021354166666666667 0.026851851851851852
0 0.7638020833333333 0.7777777777777778 0.030729166666666665 0.02962962962962963
0 0.7848958333333333 0.8601851851851852 0.0375 0.03333333333333333
0 0.7416666666666667 0.8375 0.029166666666666667 0.032407407407407406
0 0.7609375 0.8337962962962963 0.026041666666666668 0.028703703703703703
0 0.7799479166666666 0.8287037037037037 0.027604166666666666 0.03518518518518519
0 0.7981770833333334 0.8268518518518518 0.028645833333333332 0.03333333333333333
0 0.8166666666666667 0.8217592592592593 0.03125 0.032407407407407406
0 0.8296875 0.8180555555555555 0.030208333333333334 0.032407407407407406
0 0.8502604166666666 0.7856481481481481 0.03697916666666667 0.025
0 0.92578125 0.8217592592592593 0.034895833333333334 0.030555555555555555
0 0.8869791666666667 0.7861111111111111 0.03333333333333333 0.025925925925925925
0 0.9171875 0.7754629629629629 0.030208333333333334 0.023148148148148147
0 0.8921875 0.7518518518518519 0.034375 0.02962962962962963
0 0.8604166666666667 0.7560185185185185 0.016666666666666666 0.025
0 0.9307291666666667 0.7467592592592592 0.029166666666666667 0.026851851851851852
0 0.9716145833333333 0.7638888888888888 0.0296875 0.022222222222222223
0 0.94765625 0.7712962962962963 0.030729166666666665 0.020370370370370372
0 1.0119791666666667 0.9305555555555556 0.040625 0.040740740740740744
0 0.9755208333333333 0.8402777777777778 0.036458333333333336 0.025
0 0.9919270833333333 0.8106481481481481 0.03802083333333333 0.026851851851851852
0 1.003125 0.7569444444444444 0.03229166666666667 0.023148148148148147
0 0.95703125 0.7375 0.033854166666666664 0.025
0 0.9619791666666667 0.7291666666666666 0.03229166666666667 0.019444444444444445
0 0.9770833333333333 0.7097222222222223 0.03333333333333333 0.026851851851851852
0 1.0083333333333333 0.7055555555555556 0.03125 0.025925925925925925
0 1.01875 0.7166666666666667 0.036458333333333336 0.022222222222222223
0 1.0346354166666667 0.7069444444444445 0.0140625 0.017592592592592594
0 1.0322916666666666 0.7564814814814815 0.01875 0.037037037037037035
0 1.0270833333333333 0.7986111111111112 0.029166666666666667 0.032407407407407406
0 0.8197916666666667 0.9537037037037037 0.03854166666666667 0.03518518518518519
0 0.78046875 1.075 0.049479166666666664 0.046296296296296294
0 0.8963541666666667 1.1333333333333333 0.04791666666666667 0.046296296296296294
0 0.8908854166666667 1.1898148148148149 0.05364583333333333 0.046296296296296294
0 0.9765625 1.1203703703703705 0.051041666666666666 0.04814814814814815
0 1.01640625 1.0805555555555555 0.0453125 0.04259259259259259
0 0.65234375 1.2777777777777777 0.0578125 0.05555555555555555
0 0.63203125 1.2277777777777779 0.049479166666666664 0.04814814814814815
0 0.6395833333333333 1.0592592592592593 0.04895833333333333 0.046296296296296294
0 0.6627604166666666 0.862037037037037 0.021354166666666667 0.037037037037037035
0 0.014583333333333334 1.2685185185185186 0.029166666666666667 0.05555555555555555
0 0.55546875 1.3717592592592593 0.03802083333333333 0.03425925925925926
0 0.49609375 0.5597222222222222 0.0203125 0.017592592592592594
0 0.5216145833333333 0.5662037037037037 0.021354166666666667 0.01574074074074074
0 0.45677083333333335 0.5819444444444445 0.019791666666666666 0.013888888888888888
0 0.5057291666666667 0.6157407407407407 0.025 0.016666666666666666
0 0.5455729166666666 0.6513888888888889 0.0078125 0.017592592592592594
0 0.5190104166666667 0.6902777777777778 0.016145833333333335 0.025
0 0.5294270833333333 0.7101851851851851 0.0171875 0.022222222222222223
0 0.54140625 0.7305555555555555 0.0203125 0.037037037037037035
0 0.5552083333333333 0.7578703703703704 0.01875 0.025
0 0.78046875 0.7666666666666667 0.0328125 0.03148148148148148
0 0.79296875 0.7546296296296297 0.0359375 0.03518518518518519
0 0.8244791666666667 0.850925925925926 0.03854166666666667 0.02962962962962963
0 0.35598958333333336 0.46805555555555556 0.005729166666666666 0.013888888888888888
0 0.35182291666666665 0.45046296296296295 0.0109375 0.021296296296296296
0 0.34739583333333335 0.42962962962962964 0.009375 0.018518518518518517
0 0.3458333333333333 0.41203703703703703 0.007291666666666667 0.016666666666666666
