0 0.6669270833333333 0.7657407407407407 0.0328125 0.05555555555555555
0 0.5690104166666666 0.5851851851851851 0.030729166666666665 0.05
0 0.5184895833333333 0.5314814814814814 0.025520833333333333 0.044444444444444446
0 0.4231770833333333 0.538425925925926 0.0234375 0.05092592592592592
0 0.475 0.4115740740740741 0.026041666666666668 0.04351851851851852
0 0.43203125 0.3337962962962963 0.024479166666666666 0.03796296296296296
0 0.3541666666666667 0.23842592592592593 0.021875 0.03611111111111111
0 0.3578125 0.19537037037037036 0.020833333333333332 0.03888888888888889
0 0.3234375 0.12083333333333333 0.01875 0.03425925925925926
0 0.25859375 0.36157407407407405 0.025520833333333333 0.030555555555555555
0 0.2669270833333333 0.4083333333333333 0.0265625 0.03148148148148148
0 0.19765625 0.5226851851851851 0.0296875 0.03425925925925926
