4 0.3182291666666667 0.9361111111111111 0.11666666666666667 0.07222222222222222
4 0.5645833333333333 0.937037037037037 0.109375 0.06851851851851852
4 0.5388020833333333 0.837037037037037 0.0921875 0.08333333333333333
4 0.6190104166666667 0.34629629629629627 0.04739583333333333 0.05185185185185185
4 0.5611979166666666 0.35555555555555557 0.05572916666666667 0.05185185185185185
4 0.53984375 0.38425925925925924 0.0546875 0.053703703703703705
4 0.51953125 0.41064814814814815 0.058854166666666666 0.06018518518518518
4 0.4859375 0.3300925925925926 0.04895833333333333 0.04351851851851852
4 0.43828125 0.38287037037037036 0.044270833333333336 0.049074074074074076
4 0.49765625 0.3055555555555556 0.04739583333333333 0.053703703703703705
4 0.37864583333333335 0.3578703703703704 0.04791666666666667 0.049074074074074076
4 0.41041666666666665 0.33564814814814814 0.04375 0.03611111111111111
4 0.41458333333333336 0.3050925925925926 0.04479166666666667 0.04351851851851852
4 0.36666666666666664 0.2902777777777778 0.035416666666666666 0.03796296296296296
4 0.6028645833333334 0.2726851851851852 0.05572916666666667 0.03611111111111111
4 0.5783854166666667 0.2388888888888889 0.04739583333333333 0.037037037037037035
4 0.5216145833333333 0.22546296296296298 0.034895833333333334 0.028703703703703703
4 0.4786458333333333 0.2212962962962963 0.035416666666666666 0.03333333333333333
4 0.5666666666666667 0.15555555555555556 0.016666666666666666 0.027777777777777776
4 0.54609375 0.15462962962962962 0.016145833333333335 0.03148148148148148
4 0.5265625 0.14907407407407408 0.015625 0.024074074074074074
4 0.4921875 0.1439814814814815 0.015625 0.032407407407407406
4 0.4317708333333333 0.2064814814814815 0.034375 0.027777777777777776
4 0.3921875 0.19675925925925927 0.028125 0.026851851851851852
4 0.3541666666666667 0.18703703703703703 0.030208333333333334 0.02962962962962963
4 0.3109375 0.19675925925925927 0.035416666666666666 0.032407407407407406
4 0.2635416666666667 0.25787037037037036 0.03854166666666667 0.03611111111111111
4 0.3171875 0.17731481481481481 0.029166666666666667 0.023148148148148147
4 0.24453125 0.1625 0.0265625 0.023148148148148147
4 0.22005208333333334 0.15648148148148147 0.024479166666666666 0.022222222222222223
4 0.196875 0.15092592592592594 0.025 0.024074074074074074
4 0.1578125 0.13935185185185187 0.019791666666666666 0.023148148148148147
4 0.13463541666666667 0.13518518518518519 0.021354166666666667 0.022222222222222223
4 0.11015625 0.12777777777777777 0.021354166666666667 0.018518518518518517
4 0.05807291666666667 0.09166666666666666 0.024479166666666666 0.018518518518518517
4 0.6075520833333333 0.15231481481481482 0.027604166666666666 0.026851851851851852
4 0.625 0.14583333333333334 0.028125 0.032407407407407406
4 0.6411458333333333 0.1361111111111111 0.020833333333333332 0.03148148148148148
4 0.6591145833333333 0.11435185185185186 0.0203125 0.017592592592592594
4 0.6791666666666667 0.10787037037037037 0.017708333333333333 0.023148148148148147
4 0.6877604166666667 0.10555555555555556 0.011979166666666667 0.024074074074074074
4 0.6901041666666666 0.1037037037037037 0.016666666666666666 0.025925925925925925
4 0.7046875 0.10185185185185185 0.014583333333333334 0.022222222222222223
4 0.7130208333333333 0.09490740740740741 0.017708333333333333 0.019444444444444445
4 0.5005208333333333 0.08148148148148149 0.023958333333333335 0.020370370370370372
4 0.3494791666666667 0.1175925925925926 0.015625 0.018518518518518517
4 0.4466145833333333 0.08935185185185185 0.011979166666666667 0.017592592592592594
4 0.43359375 0.08472222222222223 0.013020833333333334 0.013888888888888888
4 0.42291666666666666 0.09537037037037037 0.016666666666666666 0.020370370370370372
4 0.40989583333333335 0.09305555555555556 0.013541666666666667 0.021296296296296296
4 0.39895833333333336 0.09212962962962963 0.0125 0.01574074074074074
4 0.38697916666666665 0.09212962962962963 0.0125 0.017592592592592594
4 0.3875 0.07777777777777778 0.015625 0.018518518518518517
4 0.4200520833333333 0.08101851851851852 0.016145833333333335 0.017592592592592594
