4 0.10260416666666666 0.4185185185185185 0.05416666666666667 0.09074074074074075
4 0.14973958333333334 0.43703703703703706 0.049479166666666664 0.07777777777777778
4 0.234375 0.1550925925925926 0.027083333333333334 0.03796296296296296
4 0.19505208333333332 0.10787037037037037 0.022395833333333334 0.028703703703703703
4 0.23151041666666666 0.05787037037037037 0.018229166666666668 0.028703703703703703
4 0.25859375 0.017592592592592594 0.0140625 0.024074074074074074
4 0.24140625 0.03981481481481482 0.016145833333333335 0.025925925925925925
4 0.21848958333333332 0.4078703703703704 0.0421875 0.075
4 0.42630208333333336 0.4078703703703704 0.030729166666666665 0.06759259259259259
4 0.4828125 0.10601851851851851 0.015625 0.03425925925925926
4 0.45364583333333336 0.3365740740740741 0.027083333333333334 0.058333333333333334
4 0.40729166666666666 0.3449074074074074 0.026041666666666668 0.058333333333333334
4 0.41041666666666665 0.2847222222222222 0.021875 0.06018518518518518
4 0.6317708333333333 0.7416666666666667 0.10729166666666666 0.09259259259259259
4 0.6135416666666667 0.6435185185185185 0.096875 0.07777777777777778
4 0.5973958333333333 0.5787037037037037 0.09166666666666666 0.06481481481481481
4 0.39895833333333336 0.7046296296296296 0.053125 0.1425925925925926
4 0.44583333333333336 0.2361111111111111 0.022916666666666665 0.044444444444444446
4 0.44505208333333335 0.19027777777777777 0.021354166666666667 0.04537037037037037
4 0.38984375 0.8944444444444445 0.08072916666666667 0.15555555555555556
4 0.041666666666666664 0.2037037037037037 0.036458333333333336 0.05
