4 0.21822916666666667 0.7097222222222223 0.023958333333333335 0.03796296296296296
4 0.3815104166666667 0.6152777777777778 0.0203125 0.06944444444444445
4 0.29583333333333334 0.49953703703703706 0.01875 0.05648148148148148
4 0.26536458333333335 0.26157407407407407 0.0171875 0.03796296296296296
4 0.30807291666666664 0.12962962962962962 0.013020833333333334 0.02962962962962963
4 0.2747395833333333 0.15092592592592594 0.015104166666666667 0.03148148148148148
4 0.08098958333333334 0.4236111111111111 0.018229166666666668 0.041666666666666664
4 0.15911458333333334 0.36574074074074076 0.022395833333333334 0.020370370370370372
4 0.15364583333333334 0.28888888888888886 0.015625 0.03518518518518519
4 0.17786458333333333 0.2564814814814815 0.022395833333333334 0.024074074074074074
4 0.18020833333333333 0.2412037037037037 0.023958333333333335 0.023148148148148147
4 0.1890625 0.19675925925925927 0.022916666666666665 0.023148148148148147
4 0.19140625 0.18101851851851852 0.021354166666666667 0.021296296296296296
4 0.21302083333333333 0.08287037037037037 0.009375 0.021296296296296296
4 0.20833333333333334 0.040740740740740744 0.010416666666666666 0.018518518518518517
4 0.22265625 0.021296296296296296 0.009895833333333333 0.018518518518518517
4 0.28828125 0.005555555555555556 0.0109375 0.011111111111111112
4 0.19869791666666667 0.14444444444444443 0.019270833333333334 0.022222222222222223
