4 0.005729166666666666 0.03981481481481482 0.011458333333333333 0.025925925925925925
4 0.0067708333333333336 0.11296296296296296 0.013541666666666667 0.024074074074074074
4 0.06041666666666667 0.14074074074074075 0.03229166666666667 0.027777777777777776
4 0.30416666666666664 0.20787037037037037 0.022916666666666665 0.023148148148148147
4 0.3796875 0.21203703703703702 0.028125 0.02962962962962963
4 0.43697916666666664 0.32731481481481484 0.03125 0.03425925925925926
4 0.4322916666666667 0.28379629629629627 0.029166666666666667 0.030555555555555555
4 0.64296875 0.42916666666666664 0.030729166666666665 0.03796296296296296
4 0.6934895833333333 0.4388888888888889 0.0296875 0.02962962962962963
4 0.71484375 0.48009259259259257 0.028645833333333332 0.03425925925925926
4 0.4981770833333333 0.5027777777777778 0.03177083333333333 0.03333333333333333
