4 0.28984375 0.7555555555555555 0.027604166666666666 0.09259259259259259
4 0.31328125 0.5990740740740741 0.0171875 0.044444444444444446
4 0.3828125 0.44537037037037036 0.014583333333333334 0.027777777777777776
4 0.30859375 0.44814814814814813 0.011979166666666667 0.016666666666666666
4 0.33567708333333335 0.38101851851851853 0.0046875 0.008333333333333333
4 0.3333333333333333 0.37175925925925923 0.004166666666666667 0.008333333333333333
4 0.34375 0.34629629629629627 0.003125 0.005555555555555556
4 0.3815104166666667 0.3384259259259259 0.0067708333333333336 0.013888888888888888
4 0.36953125 0.29768518518518516 0.0036458333333333334 0.006481481481481481
4 0.36276041666666664 0.30925925925925923 0.0026041666666666665 0.003703703703703704
4 0.35 0.32546296296296295 0.004166666666666667 0.006481481481481481
4 0.3411458333333333 0.337037037037037 0.003125 0.005555555555555556
4 0.37161458333333336 0.28935185185185186 0.0026041666666666665 0.004629629629629629
4 0.36875 0.29074074074074074 0.0020833333333333333 0.003703703703703704
4 0.5416666666666666 0.10972222222222222 0.019791666666666666 0.028703703703703703
4 0.5122395833333333 0.16574074074074074 0.018229166666666668 0.02962962962962963
4 0.5364583333333334 0.11481481481481481 0.015625 0.022222222222222223
4 0.5315104166666667 0.11851851851851852 0.015104166666666667 0.024074074074074074
4 0.5268229166666667 0.12268518518518519 0.015104166666666667 0.025
4 0.5177083333333333 0.12962962962962962 0.014583333333333334 0.025925925925925925
4 0.5161458333333333 0.1310185185185185 0.013541666666666667 0.017592592592592594
4 0.5005208333333333 0.14583333333333334 0.013541666666666667 0.023148148148148147
4 0.496875 0.14722222222222223 0.014583333333333334 0.025925925925925925
4 0.50390625 0.17314814814814813 0.016145833333333335 0.024074074074074074
4 0.5 0.175 0.013541666666666667 0.027777777777777776
4 0.49713541666666666 0.17592592592592593 0.0140625 0.027777777777777776
4 0.4953125 0.17407407407407408 0.013541666666666667 0.027777777777777776
4 0.49114583333333334 0.18055555555555555 0.0125 0.020370370370370372
4 0.48776041666666664 0.1824074074074074 0.013020833333333334 0.022222222222222223
4 0.48411458333333335 0.18611111111111112 0.013020833333333334 0.022222222222222223
4 0.47890625 0.18796296296296297 0.013020833333333334 0.022222222222222223
4 0.4752604166666667 0.19074074074074074 0.013020833333333334 0.022222222222222223
4 0.47265625 0.19166666666666668 0.013020833333333334 0.022222222222222223
4 0.4705729166666667 0.1925925925925926 0.013020833333333334 0.022222222222222223
4 0.6015625 0.058333333333333334 0.027083333333333334 0.03518518518518519
4 0.5815104166666667 0.07685185185185185 0.0234375 0.03518518518518519
