4 0.21145833333333333 0.5787037037037037 0.06770833333333333 0.14629629629629629
4 0.25234375 0.5365740740740741 0.06510416666666667 0.12685185185185185
4 0.29322916666666665 0.49444444444444446 0.06145833333333333 0.12407407407407407
4 0.4015625 0.38287037037037036 0.065625 0.11018518518518519
4 0.4591145833333333 0.3199074074074074 0.06510416666666667 0.09907407407407408
4 0.4921875 0.29398148148148145 0.0625 0.09351851851851851
4 0.5552083333333333 0.3523148148148148 0.06145833333333333 0.08796296296296297
4 0.6140625 0.2851851851851852 0.06145833333333333 0.08333333333333333
4 0.66875 0.21944444444444444 0.058333333333333334 0.07962962962962963
4 0.42239583333333336 0.10648148148148148 0.04791666666666667 0.08148148148148149
4 0.44166666666666665 0.08935185185185185 0.05 0.0712962962962963
4 0.61796875 0.175 0.05677083333333333 0.07777777777777778
4 0.6388020833333333 0.15092592592592594 0.05364583333333333 0.07407407407407407
4 0.6580729166666667 0.1300925925925926 0.049479166666666664 0.06759259259259259
4 0.7083333333333334 0.08101851851851852 0.041666666666666664 0.06388888888888888
4 0.17838541666666666 0.2875 0.05572916666666667 0.11388888888888889
4 0.14427083333333332 0.33240740740740743 0.057291666666666664 0.1111111111111111
4 0.09869791666666666 0.3527777777777778 0.0546875 0.1111111111111111
4 0.0546875 0.38055555555555554 0.06145833333333333 0.13703703703703704
4 0.28802083333333334 0.21388888888888888 0.04895833333333333 0.09074074074074075
4 0.06276041666666667 0.8856481481481482 0.12447916666666667 0.17314814814814813
4 0.0171875 0.4185185185185185 0.034375 0.12777777777777777
