4 0.5838541666666667 0.799537037037037 0.18541666666666667 0.28055555555555556
4 0.17890625 0.7152777777777778 0.23489583333333333 0.20277777777777778
4 0.46067708333333335 0.5601851851851852 0.10989583333333333 0.1
4 0.09713541666666667 0.5569444444444445 0.06302083333333333 0.10648148148148148
4 0.11770833333333333 0.513425925925926 0.04895833333333333 0.07314814814814814
4 0.1359375 0.47453703703703703 0.041666666666666664 0.05092592592592592
4 0.14166666666666666 0.45740740740740743 0.0375 0.05185185185185185
4 0.14713541666666666 0.4398148148148148 0.03177083333333333 0.037037037037037035
4 0.09973958333333334 0.43194444444444446 0.033854166666666664 0.04351851851851852
4 0.15625 0.41712962962962963 0.040625 0.03425925925925926
4 0.15078125 0.3787037037037037 0.0265625 0.020370370370370372
4 0.4002604166666667 0.5347222222222222 0.09635416666666667 0.09166666666666666
4 0.3651041666666667 0.48703703703703705 0.090625 0.06666666666666667
4 0.34088541666666666 0.4777777777777778 0.0734375 0.05740740740740741
4 0.3263020833333333 0.45555555555555555 0.07239583333333334 0.046296296296296294
4 0.325 0.45231481481481484 0.075 0.05277777777777778
4 0.3138020833333333 0.44074074074074077 0.06510416666666667 0.053703703703703705
4 0.26510416666666664 0.4027777777777778 0.027083333333333334 0.025925925925925925
4 0.253125 0.39305555555555555 0.028125 0.025
4 0.04010416666666667 0.6180555555555556 0.08020833333333334 0.13425925925925927
4 0.5416666666666666 0.6592592592592592 0.17291666666666666 0.14444444444444443
