0 0.49713541666666666 1.1560185185185186 0.0953125 0.3416666666666667
0 0.6645833333333333 0.8458333333333333 0.08541666666666667 0.225
0 0.19270833333333334 1.3171296296296295 0.11875 0.14351851851851852
0 0.31302083333333336 0.8402777777777778 0.07916666666666666 0.1824074074074074
0 0.35494791666666664 0.6643518518518519 0.07239583333333334 0.13425925925925927
0 0.3807291666666667 0.5699074074074074 0.05520833333333333 0.09722222222222222
0 0.4119791666666667 0.43703703703703706 0.03958333333333333 0.07037037037037037
0 0.4236979166666667 0.3861111111111111 0.033854166666666664 0.05740740740740741
0 0.43255208333333334 0.34814814814814815 0.0328125 0.05
0 0.4427083333333333 0.31296296296296294 0.029166666666666667 0.044444444444444446
0 0.4473958333333333 0.28888888888888886 0.025 0.03888888888888889
0 0.4510416666666667 0.2638888888888889 0.022916666666666665 0.046296296296296294
0 0.45755208333333336 0.24444444444444444 0.022395833333333334 0.03333333333333333
0 0.46640625 0.2152777777777778 0.018229166666666668 0.028703703703703703
0 0.49583333333333335 0.11898148148148148 0.011458333333333333 0.01574074074074074
0 0.5065104166666666 0.11064814814814815 0.009895833333333333 0.01574074074074074
0 0.49192708333333335 0.11203703703703703 0.008854166666666666 0.012962962962962963
0 0.49296875 0.10324074074074074 0.0078125 0.012037037037037037
0 0.46119791666666665 0.11481481481481481 0.009895833333333333 0.014814814814814815
0 0.471875 0.08657407407407407 0.0125 0.012037037037037037
0 0.49973958333333335 0.0787037037037037 0.0078125 0.007407407407407408
0 0.49973958333333335 0.07685185185185185 0.0078125 0.009259259259259259
0 0.5010416666666667 0.07592592592592592 0.007291666666666667 0.009259259259259259
0 0.5015625 0.07546296296296297 0.00625 0.010185185185185186
0 0.50234375 0.07314814814814814 0.005729166666666666 0.007407407407407408
0 0.5028645833333333 0.06898148148148148 0.005729166666666666 0.010185185185185186
0 0.5057291666666667 0.06527777777777778 0.005208333333333333 0.010185185185185186
0 0.5197916666666667 0.07546296296296297 0.005208333333333333 0.010185185185185186
0 0.5122395833333333 0.07592592592592592 0.0067708333333333336 0.009259259259259259
0 0.5114583333333333 0.07222222222222222 0.007291666666666667 0.009259259259259259
0 0.5109375 0.059722222222222225 0.00625 0.008333333333333333
0 0.5151041666666667 0.05787037037037037 0.00625 0.008333333333333333
0 0.5203125 0.05324074074074074 0.005208333333333333 0.008333333333333333
0 0.5223958333333333 0.05277777777777778 0.004166666666666667 0.005555555555555556
0 0.5263020833333333 0.05138888888888889 0.0046875 0.006481481481481481
0 0.5291666666666667 0.050462962962962966 0.004166666666666667 0.008333333333333333
0 0.5302083333333333 0.049074074074074076 0.004166666666666667 0.005555555555555556
0 0.5325520833333334 0.047685185185185185 0.0046875 0.006481481481481481
0 0.5372395833333333 0.04722222222222222 0.0046875 0.007407407407407408
0 0.5401041666666667 0.053703703703703705 0.005208333333333333 0.007407407407407408
0 0.5080729166666667 0.03888888888888889 0.0078125 0.007407407407407408
0 0.28359375 0.11898148148148148 0.011979166666666667 0.017592592592592594
0 0.9911458333333333 0.4912037037037037 0.041666666666666664 0.04722222222222222
0 0.9177083333333333 0.4310185185185185 0.041666666666666664 0.06018518518518518
0 0.79375 0.44027777777777777 0.058333333333333334 0.06388888888888888
0 0.8174479166666667 0.31851851851851853 0.04010416666666667 0.040740740740740744
0 0.7908854166666667 0.28703703703703703 0.033854166666666664 0.03518518518518519
0 0.7721354166666666 0.2662037037037037 0.033854166666666664 0.032407407407407406
0 0.8658854166666666 0.15648148148148147 0.033854166666666664 0.020370370370370372
0 0.85234375 0.21898148148148147 0.0359375 0.021296296296296296
0 0.8463541666666666 0.21342592592592594 0.030208333333333334 0.025
0 0.8403645833333333 0.2074074074074074 0.0296875 0.024074074074074074
0 0.8296875 0.2 0.026041666666666668 0.020370370370370372
0 0.8111979166666666 0.16342592592592592 0.03177083333333333 0.021296296296296296
0 0.8078125 0.15787037037037038 0.026041666666666668 0.01574074074074074
0 0.7989583333333333 0.15138888888888888 0.022916666666666665 0.017592592592592594
0 0.7791666666666667 0.11944444444444445 0.022916666666666665 0.011111111111111112
0 0.7815104166666667 0.12916666666666668 0.0203125 0.010185185185185186
0 0.7856770833333333 0.13842592592592592 0.021354166666666667 0.017592592592592594
0 0.68828125 0.11203703703703703 0.009895833333333333 0.018518518518518517
0 0.6921875 0.17824074074074073 0.01875 0.025
0 0.6526041666666667 0.13703703703703704 0.013541666666666667 0.020370370370370372
0 0.6260416666666667 0.15694444444444444 0.015625 0.019444444444444445
0 0.6286458333333333 0.1361111111111111 0.011458333333333333 0.018518518518518517
0 0.6393229166666666 0.12685185185185185 0.015104166666666667 0.014814814814814815
0 0.66171875 0.10925925925925926 0.0109375 0.016666666666666666
0 0.6283854166666667 0.10833333333333334 0.0067708333333333336 0.011111111111111112
0 0.6182291666666667 0.09953703703703703 0.009375 0.012037037037037037
0 0.58203125 0.10555555555555556 0.0078125 0.016666666666666666
0 0.6036458333333333 0.0824074074074074 0.005208333333333333 0.011111111111111112
