4 0.9739583333333334 0.9273148148148148 0.13333333333333333 0.125
4 0.928125 1.2300925925925925 0.078125 0.24537037037037038
4 1.0145833333333334 1.311574074074074 0.05416666666666667 0.15092592592592594
4 0.7020833333333333 0.6893518518518519 0.09479166666666666 0.12314814814814815
4 0.3734375 0.8939814814814815 0.09166666666666666 0.16944444444444445
4 0.52109375 0.5282407407407408 0.08697916666666666 0.09722222222222222
4 0.3296875 0.562962962962963 0.05416666666666667 0.09814814814814815
4 0.18046875 0.7587962962962963 0.10572916666666667 0.15833333333333333
4 0.40338541666666666 0.44537037037037036 0.07239583333333334 0.07407407407407407
4 0.029427083333333333 0.649537037037037 0.058854166666666666 0.10092592592592593
4 0.04479166666666667 0.09212962962962963 0.057291666666666664 0.04722222222222222
