0 0.6981770833333333 0.008333333333333333 0.005729166666666666 0.009259259259259259
0 0.6697916666666667 0.10833333333333334 0.009375 0.012962962962962963
0 0.6325520833333333 0.17777777777777778 0.008854166666666666 0.016666666666666666
0 0.6299479166666667 0.18796296296296297 0.011979166666666667 0.018518518518518517
0 0.65390625 0.1736111111111111 0.0109375 0.019444444444444445
0 0.665625 0.15138888888888888 0.009375 0.017592592592592594
0 0.6703125 0.16018518518518518 0.019791666666666666 0.014814814814814815
0 0.6734375 0.16527777777777777 0.025 0.01574074074074074
0 0.6721354166666667 0.16712962962962963 0.0234375 0.013888888888888888
0 0.67578125 0.17083333333333334 0.0203125 0.013888888888888888
0 0.6721354166666667 0.175 0.022395833333333334 0.014814814814814815
0 0.6716145833333333 0.18101851851851852 0.0234375 0.01574074074074074
0 0.6713541666666667 0.1837962962962963 0.023958333333333335 0.013888888888888888
0 0.6307291666666667 0.3509259259259259 0.036458333333333336 0.03148148148148148
0 0.6265625 0.3662037037037037 0.035416666666666666 0.028703703703703703
0 0.6213541666666667 0.37916666666666665 0.03854166666666667 0.026851851851851852
0 0.6302083333333334 0.40555555555555556 0.03958333333333333 0.03333333333333333
0 0.61875 0.4199074074074074 0.041666666666666664 0.025
0 0.6161458333333333 0.4324074074074074 0.04479166666666667 0.02962962962962963
0 0.61796875 0.4476851851851852 0.044270833333333336 0.032407407407407406
0 0.4552083333333333 0.6708333333333333 0.03229166666666667 0.058333333333333334
0 0.39010416666666664 0.8662037037037037 0.046875 0.10092592592592593
0 0.3575520833333333 0.9773148148148149 0.050520833333333334 0.11388888888888889
0 0.49635416666666665 0.8680555555555556 0.03958333333333333 0.09907407407407408
0 0.4822916666666667 0.9773148148148149 0.04479166666666667 0.10833333333333334
0 0.45989583333333334 1.3523148148148147 0.1 0.07314814814814814
