4 0.048177083333333336 0.10972222222222222 0.0140625 0.017592592592592594
4 0.13463541666666667 0.33611111111111114 0.013020833333333334 0.018518518518518517
4 0.14661458333333333 0.3476851851851852 0.0109375 0.01574074074074074
4 0.21770833333333334 0.12777777777777777 0.014583333333333334 0.018518518518518517
4 0.21223958333333334 0.14305555555555555 0.0140625 0.019444444444444445
4 0.20546875 0.15555555555555556 0.0140625 0.016666666666666666
4 0.20052083333333334 0.16666666666666666 0.014583333333333334 0.020370370370370372
4 0.24791666666666667 0.15555555555555556 0.011458333333333333 0.025925925925925925
4 0.23802083333333332 0.175 0.015625 0.018518518518518517
4 0.22552083333333334 0.19675925925925927 0.011458333333333333 0.021296296296296296
4 0.23385416666666667 0.2 0.011458333333333333 0.024074074074074074
4 0.25703125 0.22037037037037038 0.011979166666666667 0.024074074074074074
4 0.26510416666666664 0.2273148148148148 0.0125 0.021296296296296296
4 0.25677083333333334 0.16157407407407406 0.0125 0.025
4 0.27005208333333336 0.17175925925925925 0.013020833333333334 0.023148148148148147
4 0.2877604166666667 0.18611111111111112 0.011979166666666667 0.025925925925925925
4 0.30130208333333336 0.19583333333333333 0.013020833333333334 0.026851851851851852
4 0.309375 0.20324074074074075 0.0125 0.026851851851851852
4 0.31979166666666664 0.20879629629629629 0.009375 0.019444444444444445
4 0.32760416666666664 0.2162037037037037 0.0125 0.025
4 0.28098958333333335 0.24027777777777778 0.011979166666666667 0.025
4 0.28880208333333335 0.24537037037037038 0.013020833333333334 0.024074074074074074
4 0.29661458333333335 0.25416666666666665 0.011979166666666667 0.025
4 0.38359375 0.262037037037037 0.011979166666666667 0.025925925925925925
4 0.39453125 0.2671296296296296 0.011979166666666667 0.023148148148148147
4 0.40338541666666666 0.27361111111111114 0.011979166666666667 0.025
4 0.41484375 0.2833333333333333 0.011979166666666667 0.025925925925925925
4 0.3697916666666667 0.31527777777777777 0.011458333333333333 0.025
4 0.3807291666666667 0.325 0.011458333333333333 0.025925925925925925
4 0.40859375 0.34629629629629627 0.011979166666666667 0.027777777777777776
4 0.42578125 0.36203703703703705 0.0109375 0.025925925925925925
4 0.43671875 0.3680555555555556 0.011979166666666667 0.026851851851851852
4 0.465625 0.32592592592592595 0.0125 0.027777777777777776
4 0.4875 0.3416666666666667 0.011458333333333333 0.02962962962962963
4 0.5158854166666667 0.36712962962962964 0.013020833333333334 0.030555555555555555
4 0.4669270833333333 0.39305555555555555 0.011979166666666667 0.028703703703703703
4 0.4953125 0.41203703703703703 0.014583333333333334 0.02962962962962963
4 0.215625 0.5180555555555556 0.014583333333333334 0.032407407407407406
4 0.203125 0.3990740740740741 0.0125 0.018518518518518517
4 0.21744791666666666 0.4134259259259259 0.016145833333333335 0.019444444444444445
4 0.290625 0.4847222222222222 0.016666666666666666 0.021296296296296296
4 0.30833333333333335 0.500462962962963 0.014583333333333334 0.017592592592592594
4 0.48359375 0.6648148148148149 0.019270833333333334 0.025925925925925925
4 0.50703125 0.687037037037037 0.016145833333333335 0.022222222222222223
4 0.06770833333333333 0.5203703703703704 0.016666666666666666 0.022222222222222223
4 0.05286458333333333 0.5546296296296296 0.011979166666666667 0.03148148148148148
4 0.07447916666666667 0.5041666666666667 0.0125 0.019444444444444445
4 0.09270833333333334 0.4597222222222222 0.015625 0.021296296296296296
4 0.04140625 0.5791666666666667 0.018229166666666668 0.025
4 0.034375 0.5944444444444444 0.016666666666666666 0.024074074074074074
4 0.0265625 0.6111111111111112 0.017708333333333333 0.024074074074074074
4 0.06979166666666667 0.9587962962962963 0.017708333333333333 0.026851851851851852
4 0.10130208333333333 0.8115740740740741 0.021354166666666667 0.030555555555555555
4 0.11796875 0.7652777777777777 0.019270833333333334 0.025
4 0.13984375 0.6976851851851852 0.018229166666666668 0.026851851851851852
4 0.17526041666666667 0.612037037037037 0.011979166666666667 0.03333333333333333
4 0.18333333333333332 0.5990740740740741 0.0125 0.03148148148148148
4 0.35703125 0.6527777777777778 0.015104166666666667 0.03518518518518519
4 0.32135416666666666 0.7055555555555556 0.01875 0.025925925925925925
4 0.31484375 0.7189814814814814 0.019270833333333334 0.025
4 0.31223958333333335 0.7398148148148148 0.019270833333333334 0.027777777777777776
4 0.30546875 0.7587962962962963 0.019270833333333334 0.028703703703703703
4 0.2916666666666667 0.8009259259259259 0.01875 0.025925925925925925
4 0.2864583333333333 0.8212962962962963 0.01875 0.025925925925925925
4 0.2716145833333333 0.8740740740740741 0.021354166666666667 0.02962962962962963
4 0.34296875 0.8805555555555555 0.013020833333333334 0.044444444444444446
4 0.35442708333333334 0.8912037037037037 0.0140625 0.04351851851851852
4 0.36640625 0.9527777777777777 0.0203125 0.025925925925925925
4 0.2513020833333333 0.9398148148148148 0.019270833333333334 0.03148148148148148
4 0.228125 0.962037037037037 0.022916666666666665 0.020370370370370372
4 0.5044270833333333 0.8018518518518518 0.015104166666666667 0.040740740740740744
4 0.5294270833333333 0.8013888888888889 0.0109375 0.03611111111111111
4 0.54375 0.8875 0.011458333333333333 0.041666666666666664
4 0.4778645833333333 0.8462962962962963 0.019270833333333334 0.024074074074074074
4 0.46875 0.887962962962963 0.017708333333333333 0.022222222222222223
4 0.22447916666666667 0.26435185185185184 0.011458333333333333 0.021296296296296296
