0 0.13255208333333332 0.37453703703703706 0.0234375 0.021296296296296296
0 0.22265625 0.18981481481481483 0.0203125 0.022222222222222223
0 0.25286458333333334 0.018518518518518517 0.013020833333333334 0.037037037037037035
0 0.39791666666666664 0.062037037037037036 0.021875 0.022222222222222223
0 0.3770833333333333 0.2953703703703704 0.019791666666666666 0.024074074074074074
0 0.33697916666666666 0.3560185185185185 0.025 0.021296296296296296
0 0.340625 0.43333333333333335 0.016666666666666666 0.018518518518518517
0 0.6484375 0.6611111111111111 0.016666666666666666 0.03888888888888889
0 0.6669270833333333 0.6111111111111112 0.0171875 0.040740740740740744
0 0.6815104166666667 0.012962962962962963 0.021354166666666667 0.025925925925925925
0 0.5143229166666666 0.06157407407407407 0.021354166666666667 0.025
