4 0.23932291666666666 0.21898148148148147 0.0453125 0.05648148148148148
4 0.07447916666666667 0.6833333333333333 0.06666666666666667 0.07592592592592592
4 0.1765625 0.7759259259259259 0.04375 0.05740740740740741
4 0.3723958333333333 0.38425925925925924 0.052083333333333336 0.05740740740740741
4 0.33619791666666665 0.3351851851851852 0.050520833333333334 0.06111111111111111
4 0.34348958333333335 0.14675925925925926 0.0421875 0.04722222222222222
4 0.38619791666666664 0.11388888888888889 0.03802083333333333 0.06296296296296296
4 0.4895833333333333 0.16064814814814815 0.04375 0.05462962962962963
4 0.5044270833333333 0.19305555555555556 0.044270833333333336 0.05648148148148148
4 0.6307291666666667 0.12777777777777777 0.04479166666666667 0.05740740740740741
4 0.6190104166666667 0.09583333333333334 0.0390625 0.05462962962962963
4 0.5809895833333333 0.08518518518518518 0.04114583333333333 0.05
