0 0.5684895833333333 0.5912037037037037 0.05260416666666667 0.062037037037037036
0 0.83125 1.2291666666666667 0.078125 0.22685185185185186
0 0.8390625 1.0217592592592593 0.06458333333333334 0.14907407407407408
0 0.8385416666666666 0.8902777777777777 0.059375 0.12685185185185185
0 0.79765625 0.674074074074074 0.043229166666666666 0.07037037037037037
0 0.5080729166666667 0.45555555555555555 0.05572916666666667 0.04259259259259259
0 0.6666666666666666 0.2657407407407407 0.026041666666666668 0.024074074074074074
0 0.66484375 0.20416666666666666 0.0140625 0.017592592592592594
0 0.6671875 0.19027777777777777 0.020833333333333332 0.017592592592592594
0 0.6903645833333333 0.18564814814814815 0.013020833333333334 0.021296296296296296
0 0.22239583333333332 0.42685185185185187 0.04479166666666667 0.03888888888888889
0 0.6098958333333333 0.22962962962962963 0.01875 0.018518518518518517
0 0.6122395833333333 0.2523148148148148 0.024479166666666666 0.025
