4 0.15598958333333332 0.1675925925925926 0.03802083333333333 0.040740740740740744
4 0.1734375 0.14537037037037037 0.036458333333333336 0.037037037037037035
4 0.2265625 0.08796296296296297 0.034375 0.03518518518518519
4 0.24348958333333334 0.06898148148148148 0.0328125 0.03425925925925926
4 0.27708333333333335 0.028703703703703703 0.020833333333333332 0.04259259259259259
4 0.2955729166666667 0.032407407407407406 0.015104166666666667 0.046296296296296294
4 0.309375 0.17222222222222222 0.03333333333333333 0.027777777777777776
4 0.653125 0.3763888888888889 0.046875 0.041666666666666664
4 0.5557291666666667 0.6842592592592592 0.057291666666666664 0.05185185185185185
4 0.5575520833333333 0.7509259259259259 0.059895833333333336 0.05185185185185185
4 0.7283854166666667 0.7134259259259259 0.0578125 0.041666666666666664
4 0.6872395833333333 0.5763888888888888 0.05364583333333333 0.04537037037037037
4 0.68203125 0.5342592592592592 0.05572916666666667 0.044444444444444446
4 0.9026041666666667 0.09537037037037037 0.036458333333333336 0.03888888888888889
4 0.88984375 0.1875 0.0234375 0.05277777777777778
4 0.9268229166666667 0.03935185185185185 0.018229166666666668 0.03981481481481482
4 0.9078125 0.03009259259259259 0.015625 0.03796296296296296
4 0.9020833333333333 0.1537037037037037 0.021875 0.03888888888888889
4 0.98359375 0.19490740740740742 0.019270833333333334 0.04537037037037037
4 0.5653645833333333 0.9125 0.06822916666666666 0.06018518518518518
