0 0.1421875 0.20277777777777778 0.00625 0.012962962962962963
0 0.14322916666666666 0.1935185185185185 0.00625 0.012962962962962963
0 0.14479166666666668 0.18101851851851852 0.007291666666666667 0.013888888888888888
0 0.14479166666666668 0.11388888888888889 0.00625 0.011111111111111112
0 0.22291666666666668 0.13935185185185187 0.007291666666666667 0.012037037037037037
0 0.23385416666666667 0.13935185185185187 0.00625 0.013888888888888888
0 0.24192708333333332 0.1388888888888889 0.005729166666666666 0.014814814814814815
0 0.20078125 0.11944444444444445 0.005729166666666666 0.011111111111111112
0 0.20755208333333333 0.11944444444444445 0.005729166666666666 0.011111111111111112
0 0.18958333333333333 0.022685185185185187 0.004166666666666667 0.008333333333333333
0 0.2981770833333333 0.18425925925925926 0.0140625 0.012962962962962963
0 0.29739583333333336 0.17824074074074073 0.014583333333333334 0.012037037037037037
0 0.27291666666666664 0.13148148148148148 0.0125 0.009259259259259259
0 0.27395833333333336 0.12546296296296297 0.010416666666666666 0.008333333333333333
0 0.4861979166666667 0.2884259259259259 0.016145833333333335 0.017592592592592594
