4 0.9372395833333333 0.537962962962963 0.03697916666666667 0.07592592592592592
4 0.9856770833333334 0.43703703703703706 0.0234375 0.03333333333333333
4 0.46510416666666665 0.5388888888888889 0.021875 0.06666666666666667
4 0.5169270833333334 0.5564814814814815 0.025520833333333333 0.06296296296296296
4 0.5809895833333333 0.5282407407407408 0.021354166666666667 0.062037037037037036
4 0.58828125 0.4597222222222222 0.021354166666666667 0.06018518518518518
4 0.5510416666666667 0.3768518518518518 0.019791666666666666 0.04814814814814815
4 0.5072916666666667 0.4273148148148148 0.021875 0.06018518518518518
4 0.4901041666666667 0.38796296296296295 0.030208333333333334 0.04814814814814815
4 0.41171875 0.39675925925925926 0.025520833333333333 0.05092592592592592
4 0.23958333333333334 0.20324074074074075 0.021875 0.041666666666666664
4 0.24505208333333334 0.25972222222222224 0.025520833333333333 0.04351851851851852
4 0.05677083333333333 0.21851851851851853 0.035416666666666666 0.03888888888888889
4 0.7252604166666666 0.8800925925925925 0.0265625 0.10092592592592593
4 0.7559895833333333 0.9027777777777778 0.025520833333333333 0.09074074074074075
4 0.8130208333333333 0.9277777777777778 0.03229166666666667 0.10555555555555556
4 0.7122395833333334 0.6513888888888889 0.04114583333333333 0.05462962962962963
