0 0.30182291666666666 0.5365740740740741 0.0203125 0.07314814814814814
0 0.32395833333333335 0.562037037037037 0.017708333333333333 0.07222222222222222
0 0.3893229166666667 0.5472222222222223 0.0203125 0.07592592592592592
0 0.4109375 0.549074074074074 0.01875 0.06851851851851852
0 0.46510416666666665 0.5611111111111111 0.021875 0.07962962962962963
0 0.48723958333333334 0.5476851851851852 0.021354166666666667 0.07314814814814814
0 0.53203125 0.537962962962963 0.0234375 0.07962962962962963
0 0.55625 0.538425925925926 0.023958333333333335 0.075
0 0.60078125 0.5310185185185186 0.027604166666666666 0.075
0 0.6263020833333334 0.5361111111111111 0.027604166666666666 0.07962962962962963
0 0.6455729166666667 0.5259259259259259 0.027604166666666666 0.07592592592592592
0 0.6697916666666667 0.5236111111111111 0.029166666666666667 0.07314814814814814
0 0.6924479166666667 0.5254629629629629 0.027604166666666666 0.075
0 0.5299479166666666 0.6337962962962963 0.050520833333333334 0.05462962962962963
0 0.23177083333333334 0.5537037037037037 0.019791666666666666 0.07222222222222222
0 0.36796875 0.5444444444444444 0.0171875 0.04814814814814815
0 0.20729166666666668 0.5532407407407407 0.01875 0.07314814814814814
0 0.1828125 0.5541666666666667 0.020833333333333332 0.0787037037037037
0 0.15755208333333334 0.5611111111111111 0.021354166666666667 0.07222222222222222
0 0.1234375 0.5694444444444444 0.01875 0.06296296296296296
0 0.10130208333333333 0.5648148148148148 0.0234375 0.07962962962962963
0 0.07239583333333334 0.5736111111111111 0.027083333333333334 0.07314814814814814
0 0.020572916666666666 0.5777777777777777 0.025520833333333333 0.07962962962962963
0 0.054427083333333334 0.4166666666666667 0.028645833333333332 0.07222222222222222
0 0.5067708333333333 0.7064814814814815 0.03125 0.044444444444444446
0 0.4765625 0.7069444444444445 0.027083333333333334 0.04351851851851852
0 0.65390625 0.6995370370370371 0.0328125 0.05648148148148148
0 0.68359375 0.7018518518518518 0.03177083333333333 0.05185185185185185
0 0.5833333333333334 0.7111111111111111 0.022916666666666665 0.03518518518518519
0 0.22291666666666668 0.7134259259259259 0.026041666666666668 0.030555555555555555
