0 0.26223958333333336 0.20972222222222223 0.013020833333333334 0.032407407407407406
0 0.23307291666666666 0.2671296296296296 0.013020833333333334 0.03796296296296296
0 0.24583333333333332 0.2865740740740741 0.0125 0.03981481481481482
0 0.21640625 0.4671296296296296 0.015104166666666667 0.05092592592592592
0 0.5520833333333334 0.937962962962963 0.042708333333333334 0.040740740740740744
0 0.6385416666666667 0.9402777777777778 0.042708333333333334 0.05277777777777778
0 0.6177083333333333 0.8351851851851851 0.04375 0.037037037037037035
0 0.6075520833333333 0.7597222222222222 0.0390625 0.032407407407407406
0 0.5997395833333333 0.7078703703703704 0.034895833333333334 0.026851851851851852
0 0.5278645833333333 0.7055555555555556 0.034895833333333334 0.03148148148148148
0 0.5817708333333333 0.5962962962962963 0.030208333333333334 0.02962962962962963
0 0.37838541666666664 0.17824074074074073 0.011979166666666667 0.030555555555555555
0 0.4791666666666667 0.1398148148148148 0.020833333333333332 0.016666666666666666
0 0.27265625 0.1439814814814815 0.011979166666666667 0.030555555555555555
0 0.2875 0.07777777777777778 0.009375 0.024074074074074074
