4 0.47213541666666664 0.7861111111111111 0.04739583333333333 0.0962962962962963
4 0.40182291666666664 0.6046296296296296 0.024479166666666666 0.046296296296296294
4 0.35546875 0.48333333333333334 0.0203125 0.03148148148148148
4 0.3294270833333333 0.4759259259259259 0.0171875 0.025925925925925925
4 0.3203125 0.4449074074074074 0.014583333333333334 0.025
4 0.3828125 0.3425925925925926 0.01875 0.016666666666666666
4 0.3377604166666667 0.7041666666666667 0.027604166666666666 0.07314814814814814
4 0.23151041666666666 0.36342592592592593 0.0109375 0.021296296296296296
4 0.23567708333333334 0.34074074074074073 0.0109375 0.018518518518518517
4 0.24140625 0.3212962962962963 0.0109375 0.016666666666666666
4 0.21927083333333333 0.3365740740740741 0.009375 0.01574074074074074
4 0.22708333333333333 0.32407407407407407 0.011458333333333333 0.014814814814814815
4 0.21770833333333334 0.3106481481481482 0.010416666666666666 0.01574074074074074
4 0.20494791666666667 0.2916666666666667 0.008854166666666666 0.012962962962962963
4 0.3536458333333333 0.3212962962962963 0.01875 0.014814814814814815
4 0.5302083333333333 0.3013888888888889 0.019791666666666666 0.013888888888888888
4 0.50703125 0.33287037037037037 0.016145833333333335 0.013888888888888888
4 0.6067708333333334 0.31296296296296294 0.01875 0.014814814814814815
4 0.6309895833333333 0.3055555555555556 0.016145833333333335 0.014814814814814815
4 0.28072916666666664 0.4388888888888889 0.014583333333333334 0.02962962962962963
4 0.13958333333333334 0.29768518518518516 0.014583333333333334 0.012037037037037037
4 0.14661458333333333 0.28425925925925927 0.015104166666666667 0.011111111111111112
4 0.20598958333333334 0.31157407407407406 0.009895833333333333 0.012037037037037037
4 0.38307291666666665 0.3175925925925926 0.016145833333333335 0.012962962962962963
4 0.37994791666666666 0.3148148148148148 0.016145833333333335 0.012962962962962963
4 0.37734375 0.3111111111111111 0.0140625 0.011111111111111112
4 0.37213541666666666 0.30648148148148147 0.015104166666666667 0.011111111111111112
4 0.41041666666666665 0.3013888888888889 0.015625 0.012037037037037037
4 0.415625 0.30416666666666664 0.015625 0.010185185185185186
4 0.41901041666666666 0.3101851851851852 0.016145833333333335 0.012962962962962963
4 0.7208333333333333 0.26435185185185184 0.014583333333333334 0.028703703703703703
