0 0.30078125 0.23194444444444445 0.0109375 0.006481481481481481
0 0.3072916666666667 0.22407407407407406 0.011458333333333333 0.007407407407407408
0 0.3109375 0.22037037037037038 0.009375 0.007407407407407408
0 0.28411458333333334 0.2222222222222222 0.008854166666666666 0.007407407407407408
0 0.22604166666666667 0.2800925925925926 0.016666666666666666 0.012037037037037037
0 0.37447916666666664 0.1986111111111111 0.005208333333333333 0.008333333333333333
0 0.371875 0.2074074074074074 0.004166666666666667 0.007407407407407408
0 0.18125 0.8638888888888889 0.051041666666666666 0.1259259259259259
0 0.30807291666666664 0.38935185185185184 0.0109375 0.021296296296296296
0 0.190625 0.5115740740740741 0.01875 0.03796296296296296
0 0.28046875 0.44074074074074077 0.0171875 0.03333333333333333
0 0.22916666666666666 0.4236111111111111 0.011458333333333333 0.028703703703703703
0 0.33177083333333335 0.3453703703703704 0.009375 0.018518518518518517
0 0.34479166666666666 0.2875 0.008333333333333333 0.017592592592592594
0 0.35390625 0.2513888888888889 0.0067708333333333336 0.012037037037037037
0 0.34401041666666665 0.2689814814814815 0.0067708333333333336 0.013888888888888888
0 0.31171875 0.19212962962962962 0.0078125 0.004629629629629629
