4 0.09817708333333333 0.4027777777777778 0.06614583333333333 0.053703703703703705
4 0.1015625 0.3476851851851852 0.051041666666666666 0.049074074074074076
4 0.121875 0.20277777777777778 0.06354166666666666 0.05185185185185185
4 0.11510416666666666 0.25416666666666665 0.06666666666666667 0.05648148148148148
4 0.13072916666666667 0.15462962962962962 0.058333333333333334 0.05555555555555555
4 0.0328125 0.16064814814814815 0.0375 0.09722222222222222
4 0.13880208333333333 0.022222222222222223 0.058854166666666666 0.044444444444444446
4 0.31302083333333336 0.03148148148148148 0.027083333333333334 0.06296296296296296
4 0.011197916666666667 0.40370370370370373 0.022395833333333334 0.10185185185185185
4 0.6020833333333333 0.03981481481481482 0.0625 0.05
4 0.5177083333333333 0.05138888888888889 0.027083333333333334 0.09537037037037037
4 0.4890625 0.033796296296296297 0.026041666666666668 0.06759259259259259
4 0.7072916666666667 0.3578703703703704 0.04375 0.05092592592592592
4 0.7018229166666666 0.5018518518518519 0.0546875 0.05740740740740741
4 0.3377604166666667 0.9347222222222222 0.03177083333333333 0.075
