0 0.23255208333333333 0.5449074074074074 0.04635416666666667 0.14351851851851852
0 0.25755208333333335 0.9106481481481481 0.058854166666666666 0.12314814814814815
0 0.24557291666666667 0.21574074074074073 0.04635416666666667 0.1
0 0.059895833333333336 0.15046296296296297 0.065625 0.06388888888888888
0 0.07473958333333333 0.10740740740740741 0.06302083333333333 0.06111111111111111
0 0.11614583333333334 0.043055555555555555 0.05625 0.05277777777777778
0 0.13932291666666666 0.022222222222222223 0.05677083333333333 0.044444444444444446
0 0.27447916666666666 0.01898148148148148 0.052083333333333336 0.03796296296296296
0 0.26171875 0.040740740740740744 0.0546875 0.04814814814814815
0 0.25052083333333336 0.0712962962962963 0.058333333333333334 0.05185185185185185
0 0.31171875 0.055092592592592596 0.043229166666666666 0.08981481481481482
0 0.45807291666666666 0.17777777777777778 0.033854166666666664 0.08888888888888889
0 0.41041666666666665 0.4185185185185185 0.04791666666666667 0.12407407407407407
0 0.33307291666666666 0.7231481481481481 0.06614583333333333 0.14444444444444443
0 0.3223958333333333 0.9208333333333333 0.05416666666666667 0.10277777777777777
