4 0.32083333333333336 0.850462962962963 0.04895833333333333 0.041666666666666664
4 0.325 0.8004629629629629 0.052083333333333336 0.041666666666666664
4 0.44244791666666666 0.8652777777777778 0.0234375 0.09722222222222222
4 0.43984375 0.9472222222222222 0.021354166666666667 0.05
4 0.47682291666666665 0.9185185185185185 0.049479166666666664 0.04814814814814815
4 0.4859375 0.8541666666666666 0.04583333333333333 0.06944444444444445
4 0.4908854166666667 0.7138888888888889 0.050520833333333334 0.04259259259259259
4 0.48828125 0.6138888888888889 0.05260416666666667 0.040740740740740744
4 0.48333333333333334 0.5726851851851852 0.053125 0.04537037037037037
4 0.321875 0.7527777777777778 0.052083333333333336 0.040740740740740744
4 0.3260416666666667 0.6638888888888889 0.051041666666666666 0.04259259259259259
4 0.32786458333333335 0.6074074074074074 0.0546875 0.04259259259259259
4 0.3268229166666667 0.5638888888888889 0.0484375 0.03888888888888889
4 0.32265625 0.5199074074074074 0.05260416666666667 0.03796296296296296
4 0.32447916666666665 0.42268518518518516 0.05 0.041666666666666664
4 0.49140625 0.4949074074074074 0.050520833333333334 0.03796296296296296
4 0.49140625 0.45416666666666666 0.0546875 0.03796296296296296
4 0.49661458333333336 0.40925925925925927 0.05260416666666667 0.046296296296296294
4 0.3302083333333333 0.30092592592592593 0.04791666666666667 0.03888888888888889
4 0.3359375 0.25601851851851853 0.05 0.04351851851851852
4 0.33541666666666664 0.21574074074074073 0.04479166666666667 0.040740740740740744
4 0.33255208333333336 0.17175925925925925 0.0484375 0.041666666666666664
4 0.33307291666666666 0.07546296296296297 0.04739583333333333 0.04351851851851852
4 0.3307291666666667 0.02546296296296296 0.05 0.05092592592592592
4 0.49765625 0.36574074074074076 0.0515625 0.04259259259259259
4 0.47994791666666664 0.25324074074074077 0.04739583333333333 0.04351851851851852
4 0.49635416666666665 0.20277777777777778 0.04895833333333333 0.04259259259259259
4 0.4588541666666667 0.09074074074074075 0.04583333333333333 0.046296296296296294
4 0.45703125 0.043055555555555555 0.049479166666666664 0.062037037037037036
