4 0.46848958333333335 0.39444444444444443 0.033854166666666664 0.11851851851851852
4 0.51328125 0.3824074074074074 0.028645833333333332 0.1111111111111111
4 0.559375 0.3921296296296296 0.030208333333333334 0.11574074074074074
4 0.6674479166666667 0.37962962962962965 0.030729166666666665 0.11666666666666667
4 0.7072916666666667 0.449537037037037 0.034375 0.11388888888888889
4 0.809375 0.42083333333333334 0.03854166666666667 0.11944444444444445
4 0.7979166666666667 0.8393518518518519 0.046875 0.15648148148148147
4 0.7484375 0.8476851851851852 0.03958333333333333 0.1527777777777778
4 0.6356770833333333 0.8092592592592592 0.0390625 0.15185185185185185
4 0.5416666666666666 0.8865740740740741 0.034375 0.11944444444444445
4 0.4635416666666667 0.8625 0.03854166666666667 0.14907407407407408
