0 0.33541666666666664 0.7212962962962963 0.1375 0.13703703703703704
0 0.09088541666666666 0.6240740740740741 0.05677083333333333 0.17777777777777778
0 0.20286458333333332 0.5425925925925926 0.05364583333333333 0.13333333333333333
0 0.703125 0.663425925925926 0.052083333333333336 0.11574074074074074
0 0.6059895833333333 0.6976851851851852 0.1265625 0.13240740740740742
0 0.7057291666666666 0.30324074074074076 0.046875 0.1287037037037037
0 0.6747395833333333 0.31527777777777777 0.07135416666666666 0.13240740740740742
0 0.5885416666666666 0.29814814814814816 0.0625 0.1259259259259259
0 0.39505208333333336 0.16620370370370371 0.059895833333333336 0.09537037037037037
0 0.36276041666666664 0.15601851851851853 0.0609375 0.09166666666666666
0 0.340625 0.12916666666666668 0.06041666666666667 0.0712962962962963
0 0.1484375 0.16944444444444445 0.04479166666666667 0.07222222222222222
0 0.22447916666666667 0.12175925925925926 0.03229166666666667 0.062037037037037036
0 0.23255208333333333 0.041666666666666664 0.027604166666666666 0.06111111111111111
0 0.021354166666666667 0.35185185185185186 0.041666666666666664 0.1259259259259259
0 0.040625 0.24166666666666667 0.06041666666666667 0.1037037037037037
0 0.07630208333333334 0.15416666666666667 0.0453125 0.08055555555555556
0 0.09973958333333334 0.08148148148148149 0.04010416666666667 0.07222222222222222
0 0.16380208333333332 0.020370370370370372 0.03177083333333333 0.03888888888888889
0 0.24348958333333334 0.0125 0.022395833333333334 0.025
