4 0.21380208333333334 0.8597222222222223 0.05260416666666667 0.1824074074074074
4 0.1640625 0.6518518518518519 0.04479166666666667 0.13148148148148148
4 0.35989583333333336 0.4638888888888889 0.029166666666666667 0.09259259259259259
4 0.228125 0.3814814814814815 0.03333333333333333 0.09259259259259259
4 0.20104166666666667 0.3731481481481482 0.034375 0.08888888888888889
4 0.25859375 0.20694444444444443 0.0234375 0.06018518518518518
4 0.23489583333333333 0.1912037037037037 0.029166666666666667 0.06944444444444445
4 0.3966145833333333 0.09305555555555556 0.0234375 0.05462962962962963
4 0.40703125 0.04259259259259259 0.022395833333333334 0.05185185185185185
4 0.38229166666666664 0.040740740740740744 0.020833333333333332 0.04259259259259259
4 0.24973958333333332 0.1361111111111111 0.027604166666666666 0.05925925925925926
4 0.47161458333333334 0.8458333333333333 0.04010416666666667 0.15648148148148147
