0 0.35572916666666665 0.6351851851851852 0.084375 0.08333333333333333
0 0.6015625 0.5805555555555556 0.03854166666666667 0.11481481481481481
0 0.6489583333333333 0.5939814814814814 0.041666666666666664 0.12685185185185185
0 0.7028645833333333 0.5907407407407408 0.044270833333333336 0.11481481481481481
0 0.6864583333333333 0.8037037037037037 0.08333333333333333 0.08888888888888889
0 0.37786458333333334 0.41064814814814815 0.033854166666666664 0.08055555555555556
0 0.41458333333333336 0.5481481481481482 0.065625 0.0962962962962963
0 0.3575520833333333 0.5277777777777778 0.06614583333333333 0.08518518518518518
0 0.26458333333333334 0.537962962962963 0.071875 0.07777777777777778
0 0.23020833333333332 0.5055555555555555 0.071875 0.08333333333333333
0 0.17161458333333332 0.48055555555555557 0.06614583333333333 0.06296296296296296
0 0.09973958333333334 0.4722222222222222 0.07135416666666666 0.05555555555555555
0 0.021614583333333333 0.45694444444444443 0.043229166666666666 0.06574074074074074
0 0.023177083333333334 0.3578703703703704 0.0453125 0.0712962962962963
0 0.04739583333333333 0.36712962962962964 0.04895833333333333 0.06759259259259259
0 0.07994791666666666 0.37083333333333335 0.0484375 0.06574074074074074
0 0.1171875 0.37453703703703706 0.046875 0.06944444444444445
0 0.14817708333333332 0.37407407407407406 0.0484375 0.07037037037037037
0 0.18151041666666667 0.38287037037037036 0.03697916666666667 0.0712962962962963
0 0.2125 0.38287037037037036 0.042708333333333334 0.075
0 0.246875 0.387037037037037 0.042708333333333334 0.07222222222222222
0 0.28098958333333335 0.3939814814814815 0.043229166666666666 0.075
0 0.31223958333333335 0.40046296296296297 0.0328125 0.0787037037037037
0 0.3419270833333333 0.40555555555555556 0.030729166666666665 0.08333333333333333
