4 0.14401041666666667 0.0125 0.022395833333333334 0.025
4 0.14427083333333332 0.03564814814814815 0.022916666666666665 0.03796296296296296
4 0.14140625 0.06898148148148148 0.0265625 0.058333333333333334
4 0.14713541666666666 0.12453703703703704 0.03697916666666667 0.05648148148148148
4 0.13541666666666666 0.4791666666666667 0.041666666666666664 0.13425925925925927
4 0.13151041666666666 0.6398148148148148 0.0515625 0.1685185185185185
4 0.1203125 0.8787037037037037 0.06354166666666666 0.18518518518518517
4 0.3528645833333333 0.774537037037037 0.07239583333333334 0.2175925925925926
4 0.365625 0.4162037037037037 0.05416666666666667 0.11944444444444445
4 0.2591145833333333 0.22268518518518518 0.0328125 0.08611111111111111
4 0.3328125 0.10740740740740741 0.03333333333333333 0.05555555555555555
4 0.375 0.1412037037037037 0.036458333333333336 0.058333333333333334
4 0.24140625 0.06481481481481481 0.0265625 0.06296296296296296
4 0.34765625 0.06574074074074074 0.0265625 0.05185185185185185
4 0.35703125 0.009722222222222222 0.0265625 0.019444444444444445
4 0.39036458333333335 0.0912037037037037 0.033854166666666664 0.04722222222222222
4 0.4588541666666667 0.02361111111111111 0.035416666666666666 0.04722222222222222
4 0.44192708333333336 0.20277777777777778 0.0546875 0.06296296296296296
4 0.5057291666666667 0.16203703703703703 0.0625 0.05740740740740741
4 0.49921875 0.25972222222222224 0.05572916666666667 0.08796296296296297
4 0.46119791666666665 0.2791666666666667 0.0453125 0.08425925925925926
4 0.53671875 0.18888888888888888 0.0671875 0.06111111111111111
4 0.5518229166666667 0.3537037037037037 0.06302083333333333 0.09444444444444444
4 0.5127604166666667 0.4212962962962963 0.06614583333333333 0.11296296296296296
4 0.5453125 0.7916666666666666 0.096875 0.1962962962962963
4 0.6403645833333333 0.7430555555555556 0.1015625 0.19722222222222222
4 0.70859375 0.6601851851851852 0.03802083333333333 0.1259259259259259
