0 0.12213541666666666 0.5819444444444445 0.028645833333333332 0.028703703703703703
0 0.21796875 0.48842592592592593 0.0265625 0.025
0 0.23541666666666666 0.6175925925925926 0.034375 0.03333333333333333
0 0.49583333333333335 0.06481481481481481 0.00625 0.012962962962962963
0 0.5005208333333333 0.10648148148148148 0.007291666666666667 0.014814814814814815
0 0.4890625 0.21064814814814814 0.008333333333333333 0.013888888888888888
0 0.5002604166666667 0.3143518518518518 0.008854166666666666 0.025
0 0.49322916666666666 0.41203703703703703 0.011458333333333333 0.03333333333333333
0 0.5541666666666667 0.6157407407407407 0.030208333333333334 0.03333333333333333
0 0.6015625 0.6268518518518519 0.028125 0.02962962962962963
0 0.6575520833333334 0.4638888888888889 0.0171875 0.037037037037037035
0 0.671875 0.4564814814814815 0.01875 0.03888888888888889
