4 0.43854166666666666 0.3314814814814815 0.036458333333333336 0.02962962962962963
4 0.44895833333333335 0.2875 0.030208333333333334 0.028703703703703703
4 0.49947916666666664 0.24212962962962964 0.03854166666666667 0.030555555555555555
4 0.5557291666666667 0.23333333333333334 0.0375 0.03148148148148148
4 0.5619791666666667 0.14074074074074075 0.036458333333333336 0.02962962962962963
4 0.38333333333333336 0.11203703703703703 0.034375 0.044444444444444446
4 0.14765625 0.22916666666666666 0.03802083333333333 0.028703703703703703
4 0.146875 0.19814814814814816 0.036458333333333336 0.025925925925925925
4 0.15807291666666667 0.1300925925925926 0.03802083333333333 0.026851851851851852
4 0.09895833333333333 0.20324074074074075 0.03854166666666667 0.032407407407407406
4 0.05963541666666667 0.19907407407407407 0.033854166666666664 0.027777777777777776
