0 0.83046875 1.3078703703703705 0.17760416666666667 0.16203703703703703
0 0.7401041666666667 1.177314814814815 0.153125 0.15833333333333333
0 0.6166666666666667 0.5930555555555556 0.11041666666666666 0.09351851851851851
0 0.6309895833333333 0.5199074074074074 0.09947916666666666 0.08055555555555556
0 0.6278645833333333 0.45925925925925926 0.0953125 0.08333333333333333
0 0.5921875 0.37916666666666665 0.096875 0.08055555555555556
0 0.5315104166666667 0.09166666666666666 0.059895833333333336 0.05
0 0.496875 0.02546296296296296 0.052083333333333336 0.05092592592592592
0 0.35234375 0.34444444444444444 0.08385416666666666 0.07777777777777778
0 0.3528645833333333 0.22592592592592592 0.06822916666666666 0.07592592592592592
0 0.3416666666666667 0.1398148148148148 0.03229166666666667 0.06296296296296296
0 0.02421875 0.6560185185185186 0.0484375 0.10462962962962963
0 0.033854166666666664 0.5675925925925925 0.06770833333333333 0.07592592592592592
0 0.04010416666666667 0.49537037037037035 0.08020833333333334 0.07592592592592592
0 0.04348958333333333 0.44212962962962965 0.08697916666666666 0.06944444444444445
0 0.059375 0.39675925925925926 0.09791666666666667 0.06388888888888888
0 0.21041666666666667 0.3421296296296296 0.041666666666666664 0.11203703703703703
