4 0.0375 0.9324074074074075 0.058333333333333334 0.07962962962962963
4 0.06484375 0.874537037037037 0.0578125 0.09351851851851851
4 0.16197916666666667 0.5958333333333333 0.05 0.0712962962962963
4 0.23255208333333333 0.8388888888888889 0.049479166666666664 0.1111111111111111
4 0.26328125 0.8800925925925925 0.050520833333333334 0.1175925925925926
4 0.29401041666666666 0.9180555555555555 0.050520833333333334 0.10833333333333334
4 0.3255208333333333 0.9398148148148148 0.04479166666666667 0.06481481481481481
4 0.446875 0.875 0.0625 0.09074074074074075
4 0.35260416666666666 0.25972222222222224 0.040625 0.05648148148148148
4 0.21276041666666667 0.45231481481481484 0.04739583333333333 0.06944444444444445
4 0.13255208333333332 0.03148148148148148 0.03697916666666667 0.05925925925925926
4 0.11536458333333334 0.01898148148148148 0.04010416666666667 0.03796296296296296
