4 0.22083333333333333 0.25092592592592594 0.041666666666666664 0.07592592592592592
4 0.29140625 0.3055555555555556 0.04114583333333333 0.06666666666666667
4 0.19869791666666667 0.9583333333333334 0.044270833333333336 0.027777777777777776
4 0.21666666666666667 0.9004629629629629 0.042708333333333334 0.0712962962962963
4 0.2328125 0.7819444444444444 0.04791666666666667 0.075
4 0.27239583333333334 0.8467592592592592 0.03958333333333333 0.07314814814814814
4 0.33619791666666665 0.8967592592592593 0.033854166666666664 0.09166666666666666
4 0.37421875 0.8606481481481482 0.030729166666666665 0.08981481481481482
4 0.35963541666666665 0.7939814814814815 0.0390625 0.09166666666666666
4 0.3859375 0.9486111111111111 0.01875 0.04722222222222222
4 0.49296875 0.9111111111111111 0.04635416666666667 0.08703703703703704
4 0.5546875 0.015277777777777777 0.028125 0.030555555555555555
