4 0.3875 0.19537037037037036 0.03125 0.10185185185185185
4 0.31328125 0.1884259259259259 0.025520833333333333 0.058333333333333334
4 0.30494791666666665 0.2671296296296296 0.0234375 0.08055555555555556
4 0.4083333333333333 0.4986111111111111 0.030208333333333334 0.11574074074074074
4 0.29401041666666666 0.46111111111111114 0.03177083333333333 0.09814814814814815
4 0.27890625 0.6180555555555556 0.03177083333333333 0.08611111111111111
4 0.25286458333333334 1.0027777777777778 0.028645833333333332 0.10925925925925926
4 0.22630208333333332 1.287962962962963 0.0359375 0.11851851851851852
4 0.509375 1.0722222222222222 0.0375 0.14629629629629629
4 0.3731770833333333 0.7046296296296296 0.0359375 0.10740740740740741
4 0.5875 0.5592592592592592 0.028125 0.07592592592592592
4 0.5880208333333333 0.6472222222222223 0.025 0.07962962962962963
4 0.5924479166666666 1.0064814814814815 0.030729166666666665 0.10185185185185185
4 0.5890625 1.1296296296296295 0.034375 0.11481481481481481
4 0.5934895833333333 1.286574074074074 0.03802083333333333 0.12129629629629629
4 0.8229166666666666 0.7291666666666666 0.052083333333333336 0.0787037037037037
