4 0.5432291666666667 0.9125 0.06041666666666667 0.11944444444444445
4 0.5309895833333333 0.6976851851851852 0.0609375 0.2101851851851852
4 0.5080729166666667 0.4648148148148148 0.0453125 0.15185185185185185
4 0.49609375 0.30462962962962964 0.04739583333333333 0.1537037037037037
4 0.4861979166666667 0.14074074074074075 0.04114583333333333 0.12407407407407407
4 0.4088541666666667 0.13703703703703704 0.0375 0.12962962962962962
4 0.3294270833333333 0.324537037037037 0.0453125 0.1361111111111111
4 0.3302083333333333 0.18611111111111112 0.03854166666666667 0.13148148148148148
4 0.31979166666666664 0.8050925925925926 0.05 0.19537037037037036
4 0.25286458333333334 0.8467592592592592 0.05364583333333333 0.21944444444444444
4 0.020833333333333332 0.4787037037037037 0.03854166666666667 0.07962962962962963
