0 0.365625 0.37037037037037035 0.06354166666666666 0.04814814814814815
0 0.32369791666666664 0.4986111111111111 0.08489583333333334 0.08055555555555556
0 0.26145833333333335 0.43194444444444446 0.06875 0.06388888888888888
0 0.2669270833333333 0.3337962962962963 0.04739583333333333 0.03425925925925926
0 0.30546875 0.30416666666666664 0.0421875 0.030555555555555555
0 0.12734375 0.42962962962962964 0.059895833333333336 0.053703703703703705
0 0.14635416666666667 0.36574074074074076 0.053125 0.046296296296296294
0 0.09661458333333334 0.3560185185185185 0.044270833333333336 0.041666666666666664
0 0.04609375 0.3402777777777778 0.044270833333333336 0.041666666666666664
0 0.07057291666666667 0.2962962962962963 0.034895833333333334 0.027777777777777776
0 0.6877604166666667 0.3148148148148148 0.05572916666666667 0.03518518518518519
0 0.6455729166666667 0.274537037037037 0.024479166666666666 0.03611111111111111
0 0.6427083333333333 0.2462962962962963 0.014583333333333334 0.027777777777777776
0 0.6432291666666666 0.21944444444444444 0.014583333333333334 0.022222222222222223
0 0.6432291666666666 0.20324074074074075 0.0125 0.025
0 0.6151041666666667 0.22268518518518518 0.016666666666666666 0.032407407407407406
0 0.5809895833333333 0.27824074074074073 0.019270833333333334 0.030555555555555555
0 0.5828125 0.26064814814814813 0.01875 0.030555555555555555
0 0.5848958333333333 0.24768518518518517 0.015625 0.021296296296296296
0 0.590625 0.23564814814814813 0.015625 0.026851851851851852
0 0.5416666666666666 0.26666666666666666 0.036458333333333336 0.027777777777777776
0 0.5127604166666667 0.2675925925925926 0.021354166666666667 0.037037037037037035
0 0.4901041666666667 0.26944444444444443 0.021875 0.03148148148148148
0 0.4744791666666667 0.3138888888888889 0.04791666666666667 0.037037037037037035
0 0.5200520833333333 0.25 0.0203125 0.027777777777777776
0 0.5255208333333333 0.23981481481481481 0.015625 0.022222222222222223
0 0.5341145833333333 0.22592592592592592 0.016145833333333335 0.024074074074074074
0 0.5440104166666667 0.21481481481481482 0.013020833333333334 0.018518518518518517
0 0.5505208333333333 0.20833333333333334 0.010416666666666666 0.018518518518518517
0 0.5302083333333333 0.2 0.0125 0.016666666666666666
0 0.53828125 0.19166666666666668 0.0109375 0.016666666666666666
0 0.546875 0.18055555555555555 0.009375 0.012962962962962963
0 0.5502604166666667 0.17407407407407408 0.0067708333333333336 0.011111111111111112
0 0.5536458333333333 0.1699074074074074 0.008333333333333333 0.012037037037037037
0 0.55703125 0.1675925925925926 0.008854166666666666 0.012962962962962963
0 0.5106770833333333 0.20092592592592592 0.011979166666666667 0.018518518518518517
0 0.51640625 0.19305555555555556 0.009895833333333333 0.01574074074074074
0 0.5252604166666667 0.18703703703703703 0.015104166666666667 0.016666666666666666
0 0.46770833333333334 0.22546296296296298 0.029166666666666667 0.019444444444444445
0 0.42942708333333335 0.25833333333333336 0.0234375 0.037037037037037035
0 0.36796875 0.2657407407407407 0.021354166666666667 0.03148148148148148
0 0.3502604166666667 0.26296296296296295 0.025520833333333333 0.03148148148148148
0 0.3190104166666667 0.2601851851851852 0.0171875 0.02962962962962963
0 0.3046875 0.25787037037037036 0.021875 0.026851851851851852
0 0.28828125 0.2564814814814815 0.0265625 0.02962962962962963
0 0.27057291666666666 0.2574074074074074 0.024479166666666666 0.03148148148148148
0 0.25859375 0.2537037037037037 0.0265625 0.027777777777777776
0 0.24921875 0.2773148148148148 0.0359375 0.025
