4 0.3609375 0.5694444444444444 0.00625 0.020370370370370372
4 0.3671875 0.5018518518518519 0.00625 0.016666666666666666
4 0.3723958333333333 0.45092592592592595 0.00625 0.016666666666666666
4 0.3653645833333333 0.30324074074074076 0.0078125 0.008333333333333333
4 0.36614583333333334 0.2986111111111111 0.00625 0.006481481481481481
4 0.365625 0.29398148148148145 0.00625 0.006481481481481481
4 0.3671875 0.2902777777777778 0.007291666666666667 0.006481481481481481
4 0.36770833333333336 0.28564814814814815 0.007291666666666667 0.008333333333333333
4 0.3671875 0.2814814814814815 0.007291666666666667 0.005555555555555556
4 0.36770833333333336 0.275 0.00625 0.005555555555555556
4 0.36796875 0.2708333333333333 0.005729166666666666 0.006481481481481481
4 0.37109375 0.24166666666666667 0.0067708333333333336 0.007407407407407408
4 0.37213541666666666 0.23425925925925925 0.0067708333333333336 0.007407407407407408
4 0.3723958333333333 0.23148148148148148 0.00625 0.005555555555555556
4 0.3729166666666667 0.22824074074074074 0.00625 0.004629629629629629
4 0.3729166666666667 0.22407407407407406 0.007291666666666667 0.005555555555555556
4 0.3723958333333333 0.22037037037037038 0.007291666666666667 0.007407407407407408
4 0.37395833333333334 0.2162037037037037 0.005208333333333333 0.006481481481481481
4 0.421875 0.1111111111111111 0.003125 0.005555555555555556
4 0.428125 0.08935185185185185 0.003125 0.008333333333333333
4 0.46458333333333335 0.050462962962962966 0.0020833333333333333 0.004629629629629629
4 0.46901041666666665 0.043055555555555555 0.0026041666666666665 0.004629629629629629
4 0.49140625 0.24814814814814815 0.0036458333333333334 0.007407407407407408
4 0.49947916666666664 0.24814814814814815 0.005208333333333333 0.007407407407407408
4 0.45338541666666665 0.31712962962962965 0.0036458333333333334 0.010185185185185186
4 0.45807291666666666 0.3189814814814815 0.0036458333333333334 0.008333333333333333
4 0.4625 0.31851851851851853 0.003125 0.009259259259259259
4 0.46770833333333334 0.3199074074074074 0.004166666666666667 0.012037037037037037
4 0.47239583333333335 0.32037037037037036 0.004166666666666667 0.011111111111111112
4 0.4778645833333333 0.32083333333333336 0.0046875 0.012037037037037037
4 0.48203125 0.3212962962962963 0.0036458333333333334 0.011111111111111112
4 0.48671875 0.3212962962962963 0.0036458333333333334 0.009259259259259259
4 0.134375 0.8666666666666667 0.013541666666666667 0.03333333333333333
