4 0.09348958333333333 0.25046296296296294 0.0203125 0.01574074074074074
4 0.12473958333333333 0.2199074074074074 0.019270833333333334 0.012037037037037037
4 0.3609375 0.42453703703703705 0.010416666666666666 0.03425925925925926
4 0.35494791666666664 0.5476851851851852 0.0109375 0.03796296296296296
4 0.4661458333333333 0.5513888888888889 0.010416666666666666 0.03981481481481482
4 0.5817708333333333 0.2351851851851852 0.022916666666666665 0.018518518518518517
4 0.4234375 0.2412037037037037 0.016666666666666666 0.01574074074074074
4 0.5236979166666667 0.2449074074074074 0.019270833333333334 0.019444444444444445
4 0.013802083333333333 0.2351851851851852 0.0203125 0.016666666666666666
4 0.34036458333333336 0.23564814814814813 0.0203125 0.017592592592592594
4 0.3932291666666667 0.18101851851851852 0.016666666666666666 0.017592592592592594
4 0.72265625 0.27546296296296297 0.013020833333333334 0.019444444444444445
4 0.24322916666666666 0.00787037037037037 0.00625 0.010185185185185186
4 0.48671875 0.32592592592592595 0.021354166666666667 0.016666666666666666
4 0.4901041666666667 0.34120370370370373 0.021875 0.01574074074074074
4 0.49140625 0.3587962962962963 0.0203125 0.013888888888888888
4 0.37578125 0.30416666666666664 0.011979166666666667 0.021296296296296296
4 0.6924479166666667 0.3402777777777778 0.0265625 0.019444444444444445
4 0.64609375 0.34120370370370373 0.0296875 0.021296296296296296
4 0.6770833333333334 0.0412037037037037 0.007291666666666667 0.013888888888888888
