0 0.459375 0.5898148148148148 0.06354166666666666 0.11666666666666667
0 0.47578125 0.4583333333333333 0.0359375 0.06481481481481481
0 0.26223958333333336 0.45 0.07552083333333333 0.07037037037037037
0 0.29010416666666666 0.4 0.07604166666666666 0.05
0 0.21666666666666667 0.4166666666666667 0.08020833333333334 0.05185185185185185
0 0.49192708333333335 0.36342592592592593 0.025520833333333333 0.03981481481481482
0 0.3619791666666667 0.30648148148148147 0.041666666666666664 0.027777777777777776
0 0.26875 0.30925925925925923 0.03229166666666667 0.022222222222222223
0 0.43515625 0.2916666666666667 0.0203125 0.022222222222222223
0 0.44817708333333334 0.2814814814814815 0.021354166666666667 0.024074074074074074
0 0.46432291666666664 0.2722222222222222 0.0203125 0.025925925925925925
0 0.4828125 0.26481481481481484 0.020833333333333332 0.020370370370370372
0 0.51484375 0.2875 0.0265625 0.023148148148148147
0 0.6127604166666667 0.2550925925925926 0.024479166666666666 0.013888888888888888
