4 0.49322916666666666 1.2680555555555555 0.06666666666666667 0.24166666666666667
4 0.3815104166666667 0.9875 0.0734375 0.16574074074074074
4 0.34765625 0.8699074074074075 0.07135416666666666 0.1398148148148148
4 0.5815104166666667 0.8481481481481481 0.03697916666666667 0.09814814814814815
4 0.5 0.737037037037037 0.07083333333333333 0.07962962962962963
4 0.74609375 0.600462962962963 0.0609375 0.06018518518518518
4 0.4671875 0.37546296296296294 0.026041666666666668 0.026851851851851852
4 0.3796875 0.3685185185185185 0.03333333333333333 0.025925925925925925
4 0.9958333333333333 0.40324074074074073 0.0375 0.028703703703703703
4 0.9494791666666667 0.3875 0.042708333333333334 0.023148148148148147
4 0.8986979166666667 0.3712962962962963 0.034895833333333334 0.025925925925925925
4 0.8671875 0.3819444444444444 0.03854166666666667 0.026851851851851852
4 0.8606770833333334 0.3592592592592593 0.0328125 0.024074074074074074
4 0.8268229166666666 0.36666666666666664 0.03697916666666667 0.025925925925925925
4 0.54453125 0.25787037037037036 0.016145833333333335 0.013888888888888888
4 0.9817708333333334 1.325925925925926 0.11979166666666667 0.12222222222222222
4 0.2747395833333333 0.7189814814814814 0.04635416666666667 0.08055555555555556
4 0.24817708333333333 0.649074074074074 0.0421875 0.07962962962962963
4 0.45234375 0.6773148148148148 0.06927083333333334 0.058333333333333334
4 0.43333333333333335 0.6370370370370371 0.06458333333333334 0.05555555555555555
4 0.37161458333333336 0.5708333333333333 0.0265625 0.04722222222222222
4 0.29791666666666666 0.4486111111111111 0.026041666666666668 0.03425925925925926
4 0.31171875 0.41898148148148145 0.03177083333333333 0.030555555555555555
4 0.28177083333333336 0.43148148148148147 0.022916666666666665 0.03148148148148148
4 0.24348958333333334 0.4412037037037037 0.0265625 0.03611111111111111
4 0.175 0.4726851851851852 0.028125 0.04722222222222222
4 0.2669270833333333 0.24861111111111112 0.0109375 0.012037037037037037
4 0.25026041666666665 0.2662037037037037 0.021354166666666667 0.013888888888888888
4 0.34713541666666664 0.3125 0.016145833333333335 0.019444444444444445
4 0.11223958333333334 0.26342592592592595 0.011979166666666667 0.013888888888888888
4 0.12526041666666668 0.23842592592592593 0.009895833333333333 0.013888888888888888
4 0.11927083333333334 0.225 0.008333333333333333 0.009259259259259259
4 0.15130208333333334 0.4101851851851852 0.021354166666666667 0.037037037037037035
4 0.1453125 0.38935185185185184 0.015625 0.021296296296296296
4 0.14244791666666667 0.3736111111111111 0.0171875 0.021296296296296296
4 0.12526041666666668 0.33055555555555555 0.0171875 0.020370370370370372
4 0.12109375 0.3189814814814815 0.016145833333333335 0.01574074074074074
4 0.11510416666666666 0.30694444444444446 0.015625 0.017592592592592594
4 0.09765625 0.2 0.005729166666666666 0.011111111111111112
4 0.08854166666666667 0.18611111111111112 0.005208333333333333 0.009259259259259259
4 0.08645833333333333 0.175 0.005208333333333333 0.007407407407407408
4 0.07578125 0.17407407407407408 0.0078125 0.007407407407407408
