0 0.38229166666666664 0.4273148148148148 0.007291666666666667 0.023148148148148147
0 0.38671875 0.3819444444444444 0.0067708333333333336 0.019444444444444445
0 0.38828125 0.34074074074074073 0.0067708333333333336 0.016666666666666666
0 0.39348958333333334 0.3125 0.005729166666666666 0.01574074074074074
0 0.46119791666666665 0.37407407407407406 0.0067708333333333336 0.020370370370370372
0 0.35104166666666664 0.29074074074074074 0.014583333333333334 0.012962962962962963
0 0.36796875 0.20601851851851852 0.0140625 0.008333333333333333
0 0.43411458333333336 0.22777777777777777 0.0140625 0.012962962962962963
0 0.4674479166666667 0.2125 0.015104166666666667 0.012037037037037037
0 0.41067708333333336 0.25092592592592594 0.0078125 0.009259259259259259
0 0.39869791666666665 0.27037037037037037 0.0078125 0.012962962962962963
0 0.39401041666666664 0.2884259259259259 0.0067708333333333336 0.013888888888888888
0 0.40625 0.2763888888888889 0.007291666666666667 0.013888888888888888
0 0.41822916666666665 0.1912037037037037 0.010416666666666666 0.010185185185185186
0 0.11484375 0.20185185185185187 0.013020833333333334 0.011111111111111112
0 0.0703125 0.20879629629629629 0.0125 0.010185185185185186
0 0.02265625 0.2175925925925926 0.011979166666666667 0.011111111111111112
0 0.008333333333333333 0.2101851851851852 0.011458333333333333 0.009259259259259259
0 0.31354166666666666 0.0699074074074074 0.003125 0.008333333333333333
0 0.30442708333333335 0.09259259259259259 0.0046875 0.007407407407407408
0 0.31588541666666664 0.06620370370370371 0.0046875 0.010185185185185186
0 0.3182291666666667 0.06111111111111111 0.004166666666666667 0.007407407407407408
