4 0.071875 0.31712962962962965 0.041666666666666664 0.03796296296296296
4 0.05572916666666667 0.13796296296296295 0.017708333333333333 0.03333333333333333
4 0.021875 0.15092592592592594 0.017708333333333333 0.03333333333333333
4 0.07760416666666667 0.10324074074074074 0.0125 0.023148148148148147
4 0.06197916666666667 0.10694444444444444 0.014583333333333334 0.028703703703703703
4 0.04635416666666667 0.11574074074074074 0.014583333333333334 0.025925925925925925
4 0.031510416666666666 0.11990740740740741 0.015104166666666667 0.023148148148148147
4 0.01640625 0.1337962962962963 0.015104166666666667 0.028703703703703703
4 0.005208333333333333 0.09398148148148149 0.010416666666666666 0.028703703703703703
4 0.03046875 0.0787037037037037 0.015104166666666667 0.025925925925925925
4 0.32395833333333335 0.02824074074074074 0.009375 0.025
4 0.5981770833333333 0.008333333333333333 0.018229166666666668 0.016666666666666666
