0 0.10234375 0.17314814814814813 0.0067708333333333336 0.009259259259259259
0 0.09739583333333333 0.1824074074074074 0.005208333333333333 0.009259259259259259
0 0.10729166666666666 0.18518518518518517 0.005208333333333333 0.009259259259259259
0 0.10052083333333334 0.19305555555555556 0.00625 0.010185185185185186
0 0.10833333333333334 0.19907407407407407 0.007291666666666667 0.011111111111111112
0 0.11875 0.19398148148148148 0.00625 0.010185185185185186
0 0.12135416666666667 0.19305555555555556 0.005208333333333333 0.010185185185185186
0 0.11328125 0.1935185185185185 0.0067708333333333336 0.011111111111111112
0 0.1328125 0.18009259259259258 0.005208333333333333 0.008333333333333333
0 0.13125 0.17175925925925925 0.004166666666666667 0.006481481481481481
0 0.14557291666666666 0.18564814814814815 0.0046875 0.010185185185185186
0 0.10963541666666667 0.17037037037037037 0.005729166666666666 0.007407407407407408
0 0.12109375 0.17037037037037037 0.005729166666666666 0.011111111111111112
0 0.12734375 0.19583333333333333 0.0078125 0.012037037037037037
0 0.12604166666666666 0.2013888888888889 0.008333333333333333 0.010185185185185186
0 0.12473958333333333 0.21296296296296297 0.011979166666666667 0.014814814814814815
0 0.15989583333333332 0.2300925925925926 0.014583333333333334 0.019444444444444445
0 0.1390625 0.22453703703703703 0.0125 0.021296296296296296
0 0.17604166666666668 0.18101851851851852 0.00625 0.008333333333333333
0 0.18932291666666667 0.26990740740740743 0.0203125 0.028703703703703703
0 0.19895833333333332 0.30277777777777776 0.025 0.03518518518518519
0 0.2203125 0.25555555555555554 0.020833333333333332 0.025925925925925925
0 0.23828125 0.27175925925925926 0.022395833333333334 0.026851851851851852
0 0.22708333333333333 0.28935185185185186 0.025 0.032407407407407406
0 0.2591145833333333 0.2875 0.025520833333333333 0.026851851851851852
0 0.32578125 0.3490740740740741 0.033854166666666664 0.04259259259259259
0 0.25390625 0.2490740740740741 0.021354166666666667 0.024074074074074074
0 0.27369791666666665 0.23055555555555557 0.016145833333333335 0.018518518518518517
0 0.31276041666666665 0.2800925925925926 0.027604166666666666 0.030555555555555555
0 0.23828125 0.22870370370370371 0.0140625 0.018518518518518517
0 0.3372395833333333 0.2175925925925926 0.0171875 0.016666666666666666
0 0.35833333333333334 0.2175925925925926 0.022916666666666665 0.014814814814814815
0 0.36432291666666666 0.32592592592592595 0.04010416666666667 0.03518518518518519
0 0.309375 0.4615740740740741 0.06458333333333334 0.0824074074074074
0 0.38697916666666665 0.4703703703703704 0.06875 0.08148148148148149
0 0.3658854166666667 0.4078703703703704 0.0515625 0.06388888888888888
0 0.3815104166666667 0.3800925925925926 0.043229166666666666 0.058333333333333334
0 0.46171875 0.4273148148148148 0.0484375 0.06574074074074074
0 0.48671875 0.4060185185185185 0.05677083333333333 0.04722222222222222
0 0.53984375 0.4810185185185185 0.07552083333333333 0.10092592592592593
0 0.56875 0.4351851851851852 0.06770833333333333 0.06296296296296296
0 0.6622395833333333 0.45555555555555555 0.07447916666666667 0.05740740740740741
0 0.6872395833333333 0.5393518518518519 0.08385416666666666 0.09166666666666666
0 0.6583333333333333 0.7810185185185186 0.13958333333333334 0.22314814814814815
0 0.48098958333333336 0.888425925925926 0.1484375 0.1675925925925926
