4 0.68359375 0.06157407407407407 0.0171875 0.017592592592592594
4 0.47890625 0.03564814814814815 0.021354166666666667 0.013888888888888888
4 0.45260416666666664 0.03194444444444444 0.021875 0.017592592592592594
4 0.4234375 0.025 0.021875 0.016666666666666666
4 0.6114583333333333 0.27037037037037037 0.026041666666666668 0.02962962962962963
4 0.6044270833333333 0.37453703703703706 0.034895833333333334 0.032407407407407406
4 0.52421875 0.6337962962962963 0.049479166666666664 0.049074074074074076
4 0.4596354166666667 0.6226851851851852 0.04635416666666667 0.03981481481481482
4 0.41171875 0.7208333333333333 0.0515625 0.049074074074074076
4 0.4010416666666667 0.7939814814814815 0.051041666666666666 0.05277777777777778
4 0.5151041666666667 0.8083333333333333 0.05520833333333333 0.05185185185185185
4 0.35859375 0.9703703703703703 0.06614583333333333 0.053703703703703705
4 0.9466145833333334 0.9393518518518519 0.0671875 0.07314814814814814
4 0.8760416666666667 0.7222222222222222 0.041666666666666664 0.04259259259259259
4 0.025260416666666667 0.5981481481481481 0.03802083333333333 0.05555555555555555
4 0.3265625 0.38333333333333336 0.035416666666666666 0.03518518518518519
4 0.34296875 0.31296296296296294 0.033854166666666664 0.03518518518518519
4 0.3515625 0.29583333333333334 0.035416666666666666 0.03425925925925926
4 0.3734375 0.2796296296296296 0.03229166666666667 0.03333333333333333
4 0.7104166666666667 0.06481481481481481 0.021875 0.018518518518518517
4 0.7403645833333333 0.06898148148148148 0.0234375 0.017592592592592594
4 0.896875 0.08703703703703704 0.019791666666666666 0.018518518518518517
4 0.92421875 0.09166666666666666 0.027604166666666666 0.018518518518518517
4 0.9598958333333333 0.09490740740740741 0.025 0.019444444444444445
