0 0.30364583333333334 0.387037037037037 0.013541666666666667 0.012962962962962963
0 0.12447916666666667 0.41944444444444445 0.016666666666666666 0.011111111111111112
0 0.10286458333333333 0.44305555555555554 0.018229166666666668 0.013888888888888888
0 0.07213541666666666 0.47638888888888886 0.016145833333333335 0.013888888888888888
0 0.228125 0.5967592592592592 0.014583333333333334 0.023148148148148147
0 0.22161458333333334 0.6083333333333333 0.0140625 0.020370370370370372
0 0.22057291666666667 0.625462962962963 0.013020833333333334 0.021296296296296296
0 0.3338541666666667 0.5736111111111111 0.0125 0.019444444444444445
0 0.3502604166666667 0.5763888888888888 0.011979166666666667 0.019444444444444445
0 0.36302083333333335 0.5712962962962963 0.0125 0.020370370370370372
0 0.4440104166666667 0.42777777777777776 0.015104166666666667 0.012962962962962963
0 0.4705729166666667 0.40555555555555556 0.015104166666666667 0.012962962962962963
0 0.39010416666666664 0.3902777777777778 0.014583333333333334 0.012037037037037037
0 0.38177083333333334 0.41759259259259257 0.015625 0.012962962962962963
0 0.48411458333333335 0.3560185185185185 0.015104166666666667 0.010185185185185186
0 0.49270833333333336 0.375 0.016666666666666666 0.012962962962962963
0 0.5497395833333333 0.4101851851851852 0.016145833333333335 0.012962962962962963
0 0.5778645833333333 0.4097222222222222 0.015104166666666667 0.010185185185185186
0 0.61171875 0.33055555555555555 0.016145833333333335 0.014814814814814815
0 0.6380208333333334 0.37962962962962965 0.016666666666666666 0.012962962962962963
0 0.6596354166666667 0.35324074074074074 0.0171875 0.012037037037037037
0 0.67578125 0.3175925925925926 0.016145833333333335 0.012962962962962963
0 0.684375 0.39490740740740743 0.017708333333333333 0.013888888888888888
0 0.6203125 0.41712962962962963 0.016666666666666666 0.010185185185185186
0 0.6432291666666666 0.4166666666666667 0.014583333333333334 0.009259259259259259
0 0.7171875 0.39444444444444443 0.017708333333333333 0.011111111111111112
