4 0.5283854166666667 0.08888888888888889 0.011979166666666667 0.022222222222222223
4 0.5354166666666667 0.11157407407407408 0.0125 0.026851851851851852
4 0.5510416666666667 0.1597222222222222 0.013541666666666667 0.026851851851851852
4 0.5580729166666667 0.1837962962962963 0.015104166666666667 0.030555555555555555
4 0.5783854166666667 0.25601851851851853 0.0171875 0.028703703703703703
4 0.53046875 0.21666666666666667 0.013020833333333334 0.027777777777777776
4 0.5236979166666667 0.18703703703703703 0.011979166666666667 0.027777777777777776
4 0.5169270833333334 0.16203703703703703 0.013020833333333334 0.025925925925925925
4 0.509375 0.13657407407407407 0.0125 0.026851851851851852
4 0.503125 0.1111111111111111 0.0125 0.024074074074074074
4 0.6372395833333333 0.6546296296296297 0.03802083333333333 0.03148148148148148
4 0.6434895833333333 0.6944444444444444 0.0359375 0.03518518518518519
4 0.012760416666666666 0.7861111111111111 0.025520833333333333 0.03333333333333333
4 0.009114583333333334 0.8231481481481482 0.018229166666666668 0.03333333333333333
4 0.08203125 0.7055555555555556 0.024479166666666666 0.07037037037037037
4 0.05286458333333333 0.6013888888888889 0.03697916666666667 0.030555555555555555
4 0.0609375 0.5532407407407407 0.03125 0.026851851851851852
4 0.3697916666666667 0.47824074074074074 0.0125 0.049074074074074076
4 0.340625 0.28379629629629627 0.011458333333333333 0.032407407407407406
4 0.0640625 0.3138888888888889 0.030208333333333334 0.024074074074074074
4 0.20286458333333332 0.3287037037037037 0.0171875 0.03888888888888889
4 0.23203125 0.18333333333333332 0.011979166666666667 0.02962962962962963
4 0.18307291666666667 0.15694444444444444 0.011979166666666667 0.025
4 0.2078125 0.08611111111111111 0.019791666666666666 0.016666666666666666
4 0.20859375 0.07361111111111111 0.0171875 0.013888888888888888
4 0.21354166666666666 0.06388888888888888 0.019791666666666666 0.016666666666666666
4 0.215625 0.040740740740740744 0.017708333333333333 0.018518518518518517
4 0.21822916666666667 0.03009259259259259 0.016666666666666666 0.012037037037037037
4 0.21979166666666666 0.021296296296296296 0.016666666666666666 0.012962962962962963
4 0.22473958333333333 0.014814814814814815 0.016145833333333335 0.012962962962962963
4 0.054427083333333334 0.3425925925925926 0.0296875 0.018518518518518517
4 0.6684895833333333 0.7754629629629629 0.044270833333333336 0.03796296296296296
4 0.66953125 0.8189814814814815 0.05364583333333333 0.03981481481481482
