4 0.096875 0.03009259259259259 0.04791666666666667 0.05648148148148148
4 0.42239583333333336 0.26342592592592595 0.030208333333333334 0.1287037037037037
4 0.475 0.287962962962963 0.035416666666666666 0.11296296296296296
4 0.56484375 0.2796296296296296 0.04739583333333333 0.11296296296296296
4 0.6125 0.2814814814814815 0.042708333333333334 0.09259259259259259
4 0.46536458333333336 0.18796296296296297 0.0359375 0.08518518518518518
4 0.5888020833333333 0.2 0.04010416666666667 0.07592592592592592
4 0.6611979166666667 0.27870370370370373 0.05260416666666667 0.11296296296296296
4 0.703125 0.24953703703703703 0.052083333333333336 0.06574074074074074
4 0.6950520833333333 0.20462962962962963 0.06822916666666666 0.04814814814814815
4 0.6895833333333333 0.16435185185185186 0.07916666666666666 0.05092592592592592
4 0.5111979166666667 0.5569444444444445 0.05677083333333333 0.19166666666666668
4 0.709375 0.5282407407407408 0.0375 0.14722222222222223
4 0.5161458333333333 0.7944444444444444 0.06770833333333333 0.2388888888888889
