0 0.23958333333333334 0.7657407407407407 0.046875 0.13518518518518519
0 0.21588541666666666 0.6296296296296297 0.04114583333333333 0.10740740740740741
0 0.20286458333333332 0.512962962962963 0.0390625 0.10740740740740741
0 0.18203125 0.40925925925925927 0.0359375 0.08703703703703704
0 0.16744791666666667 0.2810185185185185 0.025520833333333333 0.062037037037037036
0 0.14921875 0.16342592592592592 0.0234375 0.05092592592592592
0 0.20442708333333334 0.14814814814814814 0.0234375 0.053703703703703705
0 0.29765625 0.28888888888888886 0.0296875 0.06111111111111111
0 0.6408854166666667 0.44537037037037036 0.0609375 0.08888888888888889
0 0.57890625 0.3685185185185185 0.0484375 0.06481481481481481
0 0.53203125 0.30185185185185187 0.0453125 0.05555555555555555
0 0.4890625 0.24166666666666667 0.042708333333333334 0.053703703703703705
0 0.45703125 0.19074074074074074 0.03177083333333333 0.04259259259259259
0 0.39036458333333335 0.09490740740740741 0.0265625 0.032407407407407406
0 0.3684895833333333 0.09351851851851851 0.0234375 0.03333333333333333
0 0.34036458333333336 0.0625 0.0296875 0.030555555555555555
0 0.42083333333333334 0.09722222222222222 0.026041666666666668 0.044444444444444446
0 0.45859375 0.09027777777777778 0.016145833333333335 0.03425925925925926
0 0.484375 0.10740740740740741 0.020833333333333332 0.040740740740740744
0 0.6151041666666667 0.1824074074074074 0.041666666666666664 0.03888888888888889
0 0.37994791666666666 0.8550925925925926 0.0921875 0.1527777777777778
0 0.31354166666666666 0.5879629629629629 0.07083333333333333 0.08888888888888889
0 0.2752604166666667 0.4337962962962963 0.058854166666666666 0.07314814814814814
0 0.25442708333333336 0.3712962962962963 0.050520833333333334 0.07037037037037037
0 0.4158854166666667 0.7226851851851852 0.0578125 0.14166666666666666
0 0.3645833333333333 0.5740740740740741 0.053125 0.11666666666666667
0 0.3296875 0.4625 0.04583333333333333 0.08796296296296297
0 0.28359375 0.3282407407407407 0.030729166666666665 0.06388888888888888
0 0.47604166666666664 0.8912037037037037 0.075 0.16018518518518518
0 0.7013020833333333 0.5532407407407407 0.05572916666666667 0.11018518518518519
0 0.7106770833333333 0.47129629629629627 0.03697916666666667 0.09444444444444444
0 0.7106770833333333 0.30972222222222223 0.03697916666666667 0.05277777777777778
0 0.22447916666666667 0.013888888888888888 0.017708333333333333 0.027777777777777776
0 0.26614583333333336 0.9254629629629629 0.058333333333333334 0.09351851851851851
0 0.3346354166666667 0.0412037037037037 0.022395833333333334 0.028703703703703703
0 0.37161458333333336 0.06759259259259259 0.022395833333333334 0.02962962962962963
0 0.4359375 0.09166666666666666 0.021875 0.04259259259259259
0 0.47682291666666665 0.17453703703703705 0.030729166666666665 0.04722222222222222
0 0.49947916666666664 0.16666666666666666 0.03333333333333333 0.04814814814814815
0 0.5203125 0.20833333333333334 0.04583333333333333 0.04814814814814815
0 0.5484375 0.25601851851851853 0.052083333333333336 0.04537037037037037
0 0.5755208333333334 0.2884259259259259 0.041666666666666664 0.049074074074074076
0 0.6098958333333333 0.33935185185185185 0.04375 0.04537037037037037
0 0.64140625 0.3578703703703704 0.03697916666666667 0.06388888888888888
0 0.6692708333333334 0.4050925925925926 0.06458333333333334 0.05648148148148148
0 0.6877604166666667 0.2847222222222222 0.04635416666666667 0.04722222222222222
0 0.5635416666666667 0.14675925925925926 0.0375 0.03796296296296296
0 0.54921875 0.13148148148148148 0.0359375 0.040740740740740744
0 0.5338541666666666 0.11712962962962963 0.034375 0.03425925925925926
0 0.23020833333333332 0.13240740740740742 0.020833333333333332 0.05185185185185185
0 0.21666666666666667 0.10833333333333334 0.01875 0.040740740740740744
0 0.20625 0.07777777777777778 0.019791666666666666 0.03888888888888889
0 0.19973958333333333 0.05185185185185185 0.018229166666666668 0.03333333333333333
0 0.19505208333333332 0.02638888888888889 0.018229166666666668 0.03796296296296296
0 0.1921875 0.11805555555555555 0.025 0.03981481481481482
0 0.18385416666666668 0.09722222222222222 0.027083333333333334 0.03148148148148148
0 0.1734375 0.07592592592592592 0.019791666666666666 0.037037037037037035
0 0.16536458333333334 0.03194444444444444 0.018229166666666668 0.030555555555555555
0 0.13984375 0.1300925925925926 0.022395833333333334 0.04351851851851852
0 0.13932291666666666 0.09861111111111111 0.021354166666666667 0.04722222222222222
0 0.13333333333333333 0.07407407407407407 0.019791666666666666 0.03148148148148148
0 0.13125 0.05416666666666667 0.01875 0.03796296296296296
