4 0.23671875 0.600925925925926 0.022395833333333334 0.06296296296296296
4 0.20989583333333334 0.5898148148148148 0.025 0.06666666666666667
4 0.284375 0.36527777777777776 0.016666666666666666 0.04351851851851852
4 0.24375 0.32592592592592595 0.016666666666666666 0.04259259259259259
4 0.37057291666666664 0.30277777777777776 0.0140625 0.044444444444444446
4 0.3489583333333333 0.17592592592592593 0.013541666666666667 0.04259259259259259
4 0.3015625 0.1685185185185185 0.014583333333333334 0.03148148148148148
4 0.26223958333333336 0.17546296296296296 0.0140625 0.030555555555555555
4 0.3372395833333333 0.06944444444444445 0.011979166666666667 0.027777777777777776
4 0.28229166666666666 0.02546296296296296 0.011458333333333333 0.023148148148148147
4 0.2989583333333333 0.03287037037037037 0.011458333333333333 0.023148148148148147
4 0.14088541666666668 0.12731481481481483 0.013020833333333334 0.017592592592592594
4 0.13020833333333334 0.13703703703703704 0.020833333333333332 0.020370370370370372
4 0.19739583333333333 0.010185185185185186 0.0125 0.020370370370370372
