0 0.11927083333333334 0.287962962962963 0.09270833333333334 0.09074074074074075
0 0.121875 0.3787037037037037 0.1125 0.10555555555555556
0 0.08229166666666667 0.48564814814814816 0.115625 0.12129629629629629
0 0.10208333333333333 0.8046296296296296 0.11041666666666666 0.2814814814814815
0 0.35911458333333335 0.7754629629629629 0.0671875 0.262037037037037
0 0.3796875 0.5046296296296297 0.059375 0.21481481481481482
0 0.31484375 0.38333333333333336 0.05260416666666667 0.17592592592592593
0 0.33541666666666664 0.2125 0.053125 0.16574074074074074
0 0.40859375 0.17546296296296296 0.0453125 0.14537037037037037
0 0.521875 0.4449074074074074 0.058333333333333334 0.18981481481481483
0 0.35859375 0.0587962962962963 0.043229166666666666 0.1175925925925926
0 0.40859375 0.04953703703703704 0.04114583333333333 0.09907407407407408
0 0.5341145833333333 0.6726851851851852 0.0609375 0.21944444444444444
0 0.5364583333333334 0.8861111111111111 0.07083333333333333 0.17222222222222222
0 0.24505208333333334 0.9092592592592592 0.08072916666666667 0.1259259259259259
