4 0.7997395833333333 1.3467592592592592 0.07135416666666666 0.08425925925925926
4 0.75625 1.137962962962963 0.084375 0.17037037037037037
4 0.44166666666666665 1.2796296296296297 0.12083333333333333 0.21851851851851853
4 0.45390625 1.0717592592592593 0.09322916666666667 0.1527777777777778
4 0.45677083333333335 0.9671296296296297 0.075 0.1287037037037037
4 0.4627604166666667 0.8763888888888889 0.07447916666666667 0.10462962962962963
4 0.46432291666666664 0.7541666666666667 0.028645833333333332 0.0824074074074074
4 0.47734375 0.6972222222222222 0.0578125 0.05185185185185185
4 0.6291666666666667 0.7601851851851852 0.04895833333333333 0.05925925925925926
4 0.8869791666666667 0.6800925925925926 0.052083333333333336 0.062037037037037036
4 0.76015625 0.7736111111111111 0.0453125 0.08981481481481482
4 0.7377604166666667 0.624537037037037 0.03802083333333333 0.04351851851851852
4 0.6080729166666666 0.6828703703703703 0.04114583333333333 0.05648148148148148
4 0.5950520833333334 0.6435185185185185 0.044270833333333336 0.046296296296296294
4 0.5950520833333334 0.6236111111111111 0.04114583333333333 0.041666666666666664
4 0.47291666666666665 0.624537037037037 0.019791666666666666 0.049074074074074076
4 0.47421875 0.5861111111111111 0.0203125 0.03888888888888889
4 0.47760416666666666 0.5597222222222222 0.01875 0.03425925925925926
4 0.5114583333333333 0.5583333333333333 0.015625 0.03148148148148148
4 0.5372395833333333 0.5745370370370371 0.018229166666666668 0.030555555555555555
4 0.5296875 0.5194444444444445 0.015625 0.027777777777777776
4 0.7260416666666667 0.5027777777777778 0.019791666666666666 0.03333333333333333
4 0.7213541666666666 0.4722222222222222 0.01875 0.027777777777777776
4 0.58984375 0.5879629629629629 0.0203125 0.03333333333333333
4 0.5606770833333333 0.49722222222222223 0.0140625 0.025925925925925925
4 0.55703125 0.4837962962962963 0.0109375 0.021296296296296296
4 0.5526041666666667 0.4587962962962963 0.011458333333333333 0.019444444444444445
4 0.50703125 0.44351851851851853 0.0109375 0.022222222222222223
4 0.5057291666666667 0.41759259259259257 0.008333333333333333 0.016666666666666666
4 0.4791666666666667 0.49537037037037035 0.013541666666666667 0.022222222222222223
4 0.48098958333333336 0.45601851851851855 0.0109375 0.019444444444444445
4 0.48151041666666666 0.44537037037037036 0.009895833333333333 0.016666666666666666
4 0.48385416666666664 0.43796296296296294 0.009375 0.012962962962962963
4 0.48489583333333336 0.4125 0.008333333333333333 0.017592592592592594
4 0.48515625 0.4046296296296296 0.0078125 0.011111111111111112
4 0.48515625 0.39675925925925926 0.0078125 0.012037037037037037
4 0.48880208333333336 0.36203703703703705 0.0046875 0.009259259259259259
4 0.5106770833333333 0.34444444444444444 0.0046875 0.007407407407407408
4 0.4979166666666667 0.31527777777777777 0.003125 0.004629629629629629
4 0.5869791666666667 0.3814814814814815 0.013541666666666667 0.012962962962962963
4 0.60625 0.3699074074074074 0.007291666666666667 0.008333333333333333
4 0.6450520833333333 0.41944444444444445 0.0109375 0.016666666666666666
4 0.6 0.4708333333333333 0.027083333333333334 0.019444444444444445
4 0.6658854166666667 0.46574074074074073 0.0203125 0.024074074074074074
4 0.6432291666666666 0.45787037037037037 0.016666666666666666 0.019444444444444445
