0 0.36666666666666664 0.5925925925925926 0.059375 0.11296296296296296
0 0.44114583333333335 0.6263888888888889 0.065625 0.13055555555555556
0 0.55859375 0.8759259259259259 0.09947916666666666 0.19074074074074074
0 0.06536458333333334 0.9166666666666666 0.12864583333333332 0.1111111111111111
0 0.06380208333333333 0.8453703703703703 0.1234375 0.11296296296296296
0 0.26927083333333335 0.2833333333333333 0.025 0.044444444444444446
0 0.2734375 0.05092592592592592 0.014583333333333334 0.022222222222222223
0 0.18385416666666668 0.04861111111111111 0.013541666666666667 0.017592592592592594
0 0.18020833333333333 0.024074074074074074 0.011458333333333333 0.016666666666666666
0 0.19453125 0.1175925925925926 0.0171875 0.02962962962962963
0 0.16432291666666668 0.09305555555555556 0.016145833333333335 0.028703703703703703
0 0.17708333333333334 0.13564814814814816 0.017708333333333333 0.04351851851851852
0 0.06145833333333333 0.2689814814814815 0.04583333333333333 0.03611111111111111
0 0.05807291666666667 0.25601851851851853 0.04010416666666667 0.026851851851851852
0 0.05807291666666667 0.24305555555555555 0.0421875 0.023148148148148147
0 0.05807291666666667 0.21851851851851853 0.044270833333333336 0.025925925925925925
0 0.0609375 0.16898148148148148 0.0375 0.026851851851851852
0 0.049479166666666664 0.12268518518518519 0.0375 0.019444444444444445
0 0.05390625 0.11018518518518519 0.03697916666666667 0.014814814814814815
0 0.05625 0.10185185185185185 0.036458333333333336 0.014814814814814815
0 0.05572916666666667 0.09814814814814815 0.03229166666666667 0.016666666666666666
0 0.054427083333333334 0.08518518518518518 0.030729166666666665 0.016666666666666666
0 0.053385416666666664 0.07453703703703704 0.030729166666666665 0.01574074074074074
0 0.053385416666666664 0.06759259259259259 0.0328125 0.016666666666666666
0 0.054427083333333334 0.06342592592592593 0.028645833333333332 0.021296296296296296
0 0.05651041666666667 0.06018518518518518 0.03177083333333333 0.018518518518518517
0 0.05572916666666667 0.053703703703703705 0.03229166666666667 0.024074074074074074
0 0.030729166666666665 0.05185185185185185 0.011458333333333333 0.016666666666666666
0 0.026302083333333334 0.05324074074074074 0.009895833333333333 0.019444444444444445
0 0.053385416666666664 0.025925925925925925 0.025520833333333333 0.020370370370370372
0 0.032552083333333336 0.024537037037037038 0.011979166666666667 0.013888888888888888
0 0.018489583333333334 0.027314814814814816 0.013020833333333334 0.019444444444444445
0 0.032552083333333336 0.012037037037037037 0.008854166666666666 0.011111111111111112
0 0.05286458333333333 0.013888888888888888 0.0234375 0.009259259259259259
