0 0.49270833333333336 0.5106481481481482 0.026041666666666668 0.025
0 0.39140625 0.9930555555555556 0.08385416666666666 0.08611111111111111
0 0.6078125 1.1069444444444445 0.058333333333333334 0.16018518518518518
0 0.6473958333333333 0.899537037037037 0.04479166666666667 0.10092592592592593
0 0.6643229166666667 0.8134259259259259 0.03697916666666667 0.075
0 0.67578125 0.7550925925925925 0.033854166666666664 0.06574074074074074
0 0.6924479166666667 0.6962962962962963 0.028645833333333332 0.05555555555555555
0 0.5598958333333334 1.300462962962963 0.08020833333333334 0.17685185185185184
0 0.035416666666666666 0.8449074074074074 0.07083333333333333 0.06388888888888888
0 0.04921875 0.7944444444444444 0.09322916666666667 0.044444444444444446
0 0.01484375 0.5782407407407407 0.027604166666666666 0.03611111111111111
0 0.16510416666666666 0.5958333333333333 0.03229166666666667 0.03981481481481482
0 0.09791666666666667 0.5175925925925926 0.034375 0.027777777777777776
0 0.07291666666666667 0.5115740740740741 0.028125 0.023148148148148147
0 0.04635416666666667 0.5041666666666667 0.025 0.023148148148148147
0 0.5171875 0.48657407407407405 0.029166666666666667 0.023148148148148147
0 0.6171875 0.4976851851851852 0.027083333333333334 0.017592592592592594
0 0.6419270833333334 0.5189814814814815 0.033854166666666664 0.021296296296296296
0 0.7559895833333333 0.5217592592592593 0.03802083333333333 0.023148148148148147
0 0.74609375 0.4949074074074074 0.04010416666666667 0.023148148148148147
0 0.8677083333333333 0.5032407407407408 0.027083333333333334 0.021296296296296296
0 0.7596354166666667 0.39490740740740743 0.008854166666666666 0.013888888888888888
0 0.7559895833333333 0.42314814814814816 0.0078125 0.014814814814814815
0 0.75234375 0.4462962962962963 0.0109375 0.018518518518518517
0 0.8497395833333333 0.5157407407407407 0.0328125 0.018518518518518517
0 0.9208333333333333 0.5236111111111111 0.029166666666666667 0.023148148148148147
0 0.7635416666666667 0.5337962962962963 0.03333333333333333 0.021296296296296296
0 1.0104166666666667 0.5023148148148148 0.017708333333333333 0.026851851851851852
