4 0.14947916666666666 0.062037037037037036 0.010416666666666666 0.025925925925925925
4 0.15833333333333333 0.09351851851851851 0.013541666666666667 0.025925925925925925
4 0.09505208333333333 0.1412037037037037 0.011979166666666667 0.025
4 0.07994791666666666 0.42083333333333334 0.018229166666666668 0.04537037037037037
4 0.45416666666666666 0.04259259259259259 0.010416666666666666 0.022222222222222223
4 0.4 0.35833333333333334 0.017708333333333333 0.046296296296296294
4 0.43463541666666666 0.32037037037037036 0.016145833333333335 0.04259259259259259
4 0.42213541666666665 0.14953703703703702 0.013020833333333334 0.025
4 0.42916666666666664 0.12129629629629629 0.0125 0.027777777777777776
4 0.4375 0.09768518518518518 0.011458333333333333 0.023148148148148147
4 0.50703125 0.007407407407407408 0.009895833333333333 0.014814814814814815
4 0.05572916666666667 0.6555555555555556 0.025 0.06481481481481481
4 0.006510416666666667 0.22592592592592592 0.013020833333333334 0.046296296296296294
