4 0.20130208333333333 0.6828703703703703 0.04635416666666667 0.11388888888888889
4 0.28515625 0.8037037037037037 0.0671875 0.1111111111111111
4 0.35208333333333336 0.5986111111111111 0.052083333333333336 0.062037037037037036
4 0.03203125 0.6222222222222222 0.04114583333333333 0.1037037037037037
4 0.017447916666666667 0.5083333333333333 0.034895833333333334 0.1037037037037037
4 0.06015625 0.44814814814814813 0.03802083333333333 0.09074074074074075
4 0.26171875 0.14166666666666666 0.03177083333333333 0.053703703703703705
4 0.6817708333333333 0.7226851851851852 0.071875 0.10833333333333334
4 0.69921875 0.6643518518518519 0.059895833333333336 0.1175925925925926
4 0.49505208333333334 0.3939814814814815 0.04010416666666667 0.06944444444444445
4 0.5401041666666667 0.3527777777777778 0.04791666666666667 0.06851851851851852
4 0.559375 0.33425925925925926 0.04895833333333333 0.06851851851851852
4 0.5838541666666667 0.3162037037037037 0.05 0.06388888888888888
4 0.6270833333333333 0.27361111111111114 0.046875 0.058333333333333334
4 0.6799479166666667 0.17592592592592593 0.044270833333333336 0.06666666666666667
