0 0.07786458333333333 0.7435185185185185 0.044270833333333336 0.03888888888888889
0 0.5513020833333333 0.37083333333333335 0.019270833333333334 0.023148148148148147
0 0.49661458333333336 0.4898148148148148 0.0140625 0.03333333333333333
0 0.49505208333333334 0.512962962962963 0.015104166666666667 0.040740740740740744
0 0.49609375 0.5574074074074075 0.015104166666666667 0.040740740740740744
0 0.49973958333333335 0.5953703703703703 0.016145833333333335 0.044444444444444446
0 0.55703125 0.4759259259259259 0.0109375 0.040740740740740744
0 0.5432291666666667 0.49907407407407406 0.016666666666666666 0.040740740740740744
0 0.5388020833333333 0.5300925925925926 0.016145833333333335 0.03981481481481482
0 0.54921875 0.6060185185185185 0.028645833333333332 0.025
0 0.5466145833333333 0.6273148148148148 0.03177083333333333 0.030555555555555555
0 0.5421875 0.662962962962963 0.016666666666666666 0.05185185185185185
0 0.49921875 0.7203703703703703 0.0171875 0.05740740740740741
0 0.5026041666666666 0.7925925925925926 0.017708333333333333 0.05925925925925926
0 0.5067708333333333 0.8648148148148148 0.021875 0.07407407407407407
0 0.5080729166666667 0.9449074074074074 0.021354166666666667 0.075
0 0.5151041666666667 1.0402777777777779 0.027083333333333334 0.08055555555555556
0 0.5622395833333333 0.8587962962962963 0.030729166666666665 0.06944444444444445
0 0.5908854166666667 1.0152777777777777 0.0359375 0.08425925925925926
0 0.6338541666666667 1.1337962962962962 0.052083333333333336 0.10648148148148148
0 0.671875 1.2648148148148148 0.04375 0.09444444444444444
0 0.5752604166666667 1.3027777777777778 0.058854166666666666 0.06481481481481481
0 0.56640625 1.2277777777777779 0.06302083333333333 0.08518518518518518
0 0.5375 1.1550925925925926 0.05 0.06018518518518518
0 0.528125 1.1027777777777779 0.057291666666666664 0.05185185185185185
0 0.5880208333333333 1.362037037037037 0.06666666666666667 0.053703703703703705
0 0.71796875 1.362962962962963 0.0421875 0.05185185185185185
