0 0.6302083333333334 0.6101851851851852 0.14375 0.10555555555555556
0 0.5666666666666667 0.7824074074074074 0.134375 0.2037037037037037
0 0.2716145833333333 0.6527777777777778 0.0671875 0.1814814814814815
0 0.34401041666666665 0.5643518518518519 0.06197916666666667 0.11388888888888889
0 0.27005208333333336 0.49444444444444446 0.050520833333333334 0.10740740740740741
0 0.31875 0.4412037037037037 0.041666666666666664 0.075
0 0.1171875 0.5921296296296297 0.08229166666666667 0.1527777777777778
0 0.10572916666666667 0.42824074074074076 0.09791666666666667 0.0712962962962963
0 0.11276041666666667 0.39166666666666666 0.0890625 0.05740740740740741
0 0.18776041666666668 0.35185185185185186 0.0390625 0.07222222222222222
0 0.20677083333333332 0.29814814814814816 0.028125 0.05740740740740741
0 0.21901041666666668 0.26944444444444443 0.021354166666666667 0.03518518518518519
0 0.22421875 0.24861111111111112 0.0203125 0.03611111111111111
0 0.20208333333333334 0.23796296296296296 0.030208333333333334 0.03148148148148148
0 0.20364583333333333 0.22453703703703703 0.03333333333333333 0.028703703703703703
0 0.22135416666666666 0.20833333333333334 0.03333333333333333 0.024074074074074074
0 0.22760416666666666 0.19814814814814816 0.027083333333333334 0.020370370370370372
0 0.2677083333333333 0.36574074074074076 0.03333333333333333 0.06481481481481481
0 0.30963541666666666 0.34444444444444444 0.0265625 0.046296296296296294
0 0.39166666666666666 0.37083333333333335 0.03854166666666667 0.06018518518518518
0 0.3578125 0.287962962962963 0.023958333333333335 0.03888888888888889
0 0.34270833333333334 0.2462962962962963 0.017708333333333333 0.03333333333333333
0 0.33958333333333335 0.2351851851851852 0.017708333333333333 0.022222222222222223
0 0.33229166666666665 0.225 0.017708333333333333 0.022222222222222223
0 0.3265625 0.20555555555555555 0.017708333333333333 0.024074074074074074
0 0.3385416666666667 0.19444444444444445 0.029166666666666667 0.022222222222222223
0 0.32864583333333336 0.18564814814814815 0.025 0.025
0 0.30520833333333336 0.3101851851851852 0.026041666666666668 0.03333333333333333
0 0.30182291666666666 0.2861111111111111 0.0234375 0.03333333333333333
0 0.29661458333333335 0.25972222222222224 0.0171875 0.03425925925925926
0 0.2674479166666667 0.29583333333333334 0.0234375 0.032407407407407406
0 0.27057291666666666 0.32407407407407407 0.0296875 0.046296296296296294
0 0.29609375 0.2412037037037037 0.019270833333333334 0.026851851851851852
0 0.2911458333333333 0.2273148148148148 0.017708333333333333 0.025
0 0.290625 0.2125 0.017708333333333333 0.019444444444444445
0 0.28515625 0.1962962962962963 0.013020833333333334 0.022222222222222223
0 0.2830729166666667 0.17962962962962964 0.013020833333333334 0.020370370370370372
0 0.28229166666666666 0.1648148148148148 0.009375 0.014814814814814815
0 0.28125 0.15601851851851853 0.009375 0.012037037037037037
0 0.26848958333333334 0.2722222222222222 0.0234375 0.03518518518518519
0 0.26953125 0.2439814814814815 0.0171875 0.026851851851851852
0 0.26927083333333335 0.21898148148148147 0.019791666666666666 0.028703703703703703
0 0.26979166666666665 0.1925925925925926 0.0125 0.024074074074074074
0 0.2703125 0.17083333333333334 0.011458333333333333 0.019444444444444445
0 0.26979166666666665 0.1587962962962963 0.008333333333333333 0.01574074074074074
0 0.49947916666666664 0.5143518518518518 0.09895833333333333 0.08796296296296297
