0 0.5453125 0.16712962962962963 0.028125 0.058333333333333334
0 0.5559895833333334 0.09074074074074075 0.022395833333333334 0.04814814814814815
0 0.58671875 0.13472222222222222 0.025520833333333333 0.05277777777777778
0 0.5859375 0.18425925925925926 0.030208333333333334 0.05740740740740741
0 0.5765625 0.2569444444444444 0.03229166666666667 0.07314814814814814
0 0.571875 0.4652777777777778 0.041666666666666664 0.13055555555555556
0 0.5901041666666667 0.09027777777777778 0.023958333333333335 0.03796296296296296
0 0.5877604166666667 0.040740740740740744 0.021354166666666667 0.044444444444444446
0 0.57421875 0.33796296296296297 0.04114583333333333 0.1
0 0.6046875 0.9236111111111112 0.07395833333333333 0.14722222222222223
0 0.59453125 0.013425925925925926 0.019270833333333334 0.026851851851851852
