4 0.09609375 0.3731481481481482 0.03697916666666667 0.025925925925925925
4 0.10104166666666667 0.36064814814814816 0.03333333333333333 0.017592592592592594
4 0.434375 0.7444444444444445 0.052083333333333336 0.06111111111111111
4 0.6208333333333333 0.7268518518518519 0.042708333333333334 0.06296296296296296
4 0.7174479166666666 0.6787037037037037 0.04635416666666667 0.046296296296296294
4 0.7815104166666667 0.6509259259259259 0.050520833333333334 0.04259259259259259
4 0.8723958333333334 0.5986111111111111 0.046875 0.03796296296296296
4 0.43125 0.4685185185185185 0.017708333333333333 0.046296296296296294
4 0.409375 0.45416666666666666 0.020833333333333332 0.04351851851851852
4 0.39869791666666665 0.42453703703703705 0.015104166666666667 0.03796296296296296
4 0.38776041666666666 0.36666666666666664 0.013020833333333334 0.03148148148148148
4 0.40520833333333334 0.2898148148148148 0.013541666666666667 0.025925925925925925
4 0.35260416666666666 0.22870370370370371 0.0125 0.022222222222222223
4 0.3690104166666667 0.22361111111111112 0.009895833333333333 0.019444444444444445
4 0.3609375 0.18009259259259258 0.010416666666666666 0.017592592592592594
4 0.36276041666666664 0.1597222222222222 0.008854166666666666 0.017592592592592594
4 0.3484375 0.11481481481481481 0.009375 0.014814814814814815
4 0.3263020833333333 0.125 0.0078125 0.016666666666666666
4 0.3346354166666667 0.1125 0.0078125 0.01574074074074074
4 0.3416666666666667 0.09583333333333334 0.005208333333333333 0.012037037037037037
4 0.32395833333333335 0.06157407407407407 0.007291666666666667 0.012037037037037037
4 0.32864583333333336 0.0837962962962963 0.007291666666666667 0.012037037037037037
4 0.3151041666666667 0.05787037037037037 0.005208333333333333 0.012037037037037037
4 0.3776041666666667 0.32685185185185184 0.0125 0.027777777777777776
