0 0.62265625 0.6481481481481481 0.16510416666666666 0.12037037037037036
0 0.703125 0.5745370370370371 0.052083333333333336 0.08981481481481482
0 0.7046875 0.47314814814814815 0.04895833333333333 0.06666666666666667
0 0.55234375 0.562037037037037 0.13072916666666667 0.09814814814814815
0 0.5825520833333333 0.46574074074074073 0.07760416666666667 0.05185185185185185
0 0.5653645833333333 0.44074074074074077 0.08072916666666667 0.053703703703703705
0 0.36171875 0.3662037037037037 0.021354166666666667 0.03796296296296296
0 0.03333333333333333 0.3560185185185185 0.023958333333333335 0.030555555555555555
0 0.04479166666666667 0.3351851851851852 0.021875 0.022222222222222223
0 0.062239583333333334 0.300462962962963 0.013020833333333334 0.017592592592592594
0 0.10963541666666667 0.37777777777777777 0.03177083333333333 0.037037037037037035
0 0.16432291666666668 0.3351851851851852 0.0296875 0.025925925925925925
0 0.19921875 0.3175925925925926 0.019270833333333334 0.024074074074074074
0 0.22526041666666666 0.30416666666666664 0.016145833333333335 0.017592592592592594
0 0.23645833333333333 0.2972222222222222 0.011458333333333333 0.018518518518518517
0 0.24609375 0.29212962962962963 0.009895833333333333 0.01574074074074074
0 0.2864583333333333 0.2898148148148148 0.011458333333333333 0.012962962962962963
0 0.39296875 0.36666666666666664 0.021354166666666667 0.03333333333333333
0 0.4861979166666667 0.3990740740740741 0.06197916666666667 0.04259259259259259
0 0.5734375 0.3990740740740741 0.06770833333333333 0.04259259259259259
0 0.6502604166666667 0.39675925925925926 0.08177083333333333 0.04722222222222222
0 0.51328125 0.3111111111111111 0.019270833333333334 0.020370370370370372
0 0.4953125 0.33564814814814814 0.026041666666666668 0.028703703703703703
0 0.45338541666666665 0.36712962962962964 0.0265625 0.03611111111111111
0 0.5033854166666667 0.362962962962963 0.019270833333333334 0.03148148148148148
0 0.5263020833333333 0.36064814814814816 0.021354166666666667 0.03425925925925926
0 0.5544270833333333 0.3578703703703704 0.024479166666666666 0.03611111111111111
0 0.52890625 0.3398148148148148 0.024479166666666666 0.02962962962962963
0 0.41041666666666665 0.34444444444444444 0.042708333333333334 0.027777777777777776
0 0.4041666666666667 0.3351851851851852 0.041666666666666664 0.024074074074074074
0 0.40208333333333335 0.3282407407407407 0.036458333333333336 0.019444444444444445
0 0.40260416666666665 0.3226851851851852 0.035416666666666666 0.023148148148148147
0 0.3958333333333333 0.3037037037037037 0.029166666666666667 0.016666666666666666
0 0.3458333333333333 0.3055555555555556 0.0125 0.018518518518518517
0 0.4361979166666667 0.27361111111111114 0.0078125 0.010185185185185186
0 0.18697916666666667 0.30462962962962964 0.011458333333333333 0.018518518518518517
0 0.09869791666666666 0.29259259259259257 0.025520833333333333 0.016666666666666666
