4 0.08463541666666667 0.8180555555555555 0.10572916666666667 0.2175925925925926
4 0.5802083333333333 0.8574074074074074 0.18020833333333333 0.22962962962962963
4 0.5471354166666667 0.6981481481481482 0.1296875 0.17407407407407408
4 0.46197916666666666 0.4412037037037037 0.07708333333333334 0.11018518518518519
4 0.47109375 0.31712962962962965 0.058854166666666666 0.10092592592592593
4 0.2947916666666667 0.37546296296296294 0.09479166666666666 0.0824074074074074
4 0.14869791666666668 0.016203703703703703 0.034895833333333334 0.028703703703703703
4 0.13541666666666666 0.032407407407407406 0.046875 0.03148148148148148
4 0.13671875 0.05138888888888889 0.0328125 0.04537037037037037
4 0.15 0.07037037037037037 0.04791666666666667 0.05740740740740741
4 0.15807291666666667 0.08796296296296297 0.0484375 0.05555555555555555
4 0.17421875 0.09212962962962963 0.05260416666666667 0.06018518518518518
4 0.21276041666666667 0.12731481481481483 0.0578125 0.06388888888888888
4 0.20260416666666667 0.34305555555555556 0.06666666666666667 0.08611111111111111
4 0.0921875 0.3851851851851852 0.0625 0.09074074074074075
4 0.13984375 0.2513888888888889 0.05364583333333333 0.06944444444444445
4 0.06692708333333333 0.16203703703703703 0.0421875 0.053703703703703705
4 0.036458333333333336 0.13703703703703704 0.042708333333333334 0.05740740740740741
4 0.01796875 0.10694444444444444 0.0359375 0.05277777777777778
