4 0.08958333333333333 1.0421296296296296 0.17916666666666667 0.3287037037037037
4 0.3658854166666667 0.5555555555555556 0.1234375 0.17592592592592593
4 0.4588541666666667 0.5703703703703704 0.10520833333333333 0.17037037037037037
4 0.35885416666666664 0.34814814814814815 0.12395833333333334 0.10555555555555556
4 0.4205729166666667 0.2763888888888889 0.10885416666666667 0.08611111111111111
4 0.7015625 0.4300925925925926 0.12708333333333333 0.10833333333333334
4 0.7619791666666667 0.38935185185185184 0.13020833333333334 0.10462962962962963
4 0.6703125 0.13564814814814816 0.051041666666666666 0.062037037037037036
4 0.7755208333333333 0.11712962962962963 0.07395833333333333 0.062037037037037036
4 0.7385416666666667 0.08935185185185185 0.08645833333333333 0.05092592592592592
4 0.77421875 0.05694444444444444 0.07135416666666666 0.05648148148148148
4 0.7669270833333334 0.04027777777777778 0.0671875 0.049074074074074076
4 0.7744791666666667 0.030555555555555555 0.051041666666666666 0.040740740740740744
4 0.5109375 0.12129629629629629 0.065625 0.06296296296296296
4 0.5328125 0.075 0.06354166666666666 0.04814814814814815
4 0.5466145833333333 0.06157407407407407 0.07135416666666666 0.05277777777777778
4 0.6028645833333334 0.06157407407407407 0.0328125 0.05462962962962963
