4 0.020052083333333335 0.4476851851851852 0.0234375 0.017592592592592594
4 0.14479166666666668 0.41574074074074074 0.015625 0.022222222222222223
4 0.15494791666666666 0.39814814814814814 0.016145833333333335 0.020370370370370372
4 0.16953125 0.3763888888888889 0.015104166666666667 0.021296296296296296
4 0.27265625 0.3101851851851852 0.015104166666666667 0.011111111111111112
4 0.2869791666666667 0.29398148148148145 0.00625 0.012037037037037037
4 0.2955729166666667 0.29444444444444445 0.0067708333333333336 0.012962962962962963
4 0.3026041666666667 0.32916666666666666 0.011458333333333333 0.017592592592592594
4 0.31536458333333334 0.33055555555555555 0.008854166666666666 0.016666666666666666
4 0.37447916666666664 0.32916666666666666 0.016666666666666666 0.017592592592592594
4 0.37890625 0.32037037037037036 0.016145833333333335 0.012962962962962963
4 0.3859375 0.4444444444444444 0.022916666666666665 0.025925925925925925
4 0.3880208333333333 0.4305555555555556 0.023958333333333335 0.020370370370370372
4 0.24479166666666666 0.23981481481481481 0.00625 0.014814814814814815
