4 0.48046875 0.6476851851851851 0.028645833333333332 0.062037037037037036
4 0.4588541666666667 0.5842592592592593 0.023958333333333335 0.05740740740740741
4 0.35130208333333335 0.4324074074074074 0.0171875 0.03518518518518519
4 0.43333333333333335 0.49722222222222223 0.019791666666666666 0.044444444444444446
4 0.4236979166666667 0.44305555555555554 0.018229166666666668 0.03981481481481482
4 0.41484375 0.41712962962962963 0.0140625 0.030555555555555555
4 0.4083333333333333 0.38981481481481484 0.014583333333333334 0.03148148148148148
4 0.4005208333333333 0.37037037037037035 0.0125 0.03148148148148148
4 0.3971354166666667 0.35462962962962963 0.0109375 0.022222222222222223
4 0.39010416666666664 0.33611111111111114 0.011458333333333333 0.025925925925925925
4 0.33229166666666665 0.31342592592592594 0.010416666666666666 0.021296296296296296
4 0.33567708333333335 0.2537037037037037 0.0078125 0.014814814814814815
4 0.17135416666666667 0.47175925925925927 0.025 0.05092592592592592
4 0.09739583333333333 0.39814814814814814 0.026041666666666668 0.03333333333333333
4 0.22552083333333334 0.18935185185185185 0.010416666666666666 0.019444444444444445
4 0.19270833333333334 0.1814814814814815 0.010416666666666666 0.014814814814814815
4 0.24427083333333333 0.14722222222222223 0.007291666666666667 0.012962962962962963
4 0.25286458333333334 0.12824074074074074 0.0067708333333333336 0.012037037037037037
4 0.2794270833333333 0.10833333333333334 0.005729166666666666 0.011111111111111112
4 0.27265625 0.10231481481481482 0.005729166666666666 0.010185185185185186
4 0.26536458333333335 0.09768518518518518 0.005729166666666666 0.008333333333333333
4 0.24505208333333334 0.11157407407407408 0.005729166666666666 0.012037037037037037
4 0.25286458333333334 0.09490740740740741 0.005729166666666666 0.008333333333333333
4 0.26588541666666665 0.04953703703703704 0.0046875 0.006481481481481481
4 0.24635416666666668 0.07916666666666666 0.00625 0.008333333333333333
4 0.27057291666666666 0.08564814814814815 0.0046875 0.010185185185185186
4 0.2875 0.08611111111111111 0.004166666666666667 0.007407407407407408
4 0.28203125 0.07777777777777778 0.0046875 0.007407407407407408
4 0.2903645833333333 0.05555555555555555 0.0036458333333333334 0.007407407407407408
4 0.28932291666666665 0.043055555555555555 0.0036458333333333334 0.006481481481481481
4 0.29921875 0.043055555555555555 0.0026041666666666665 0.006481481481481481
4 0.30052083333333335 0.03564814814814815 0.003125 0.006481481481481481
4 0.29791666666666666 0.03333333333333333 0.0020833333333333333 0.005555555555555556
4 0.29270833333333335 0.03287037037037037 0.003125 0.006481481481481481
4 0.2950520833333333 0.029166666666666667 0.0026041666666666665 0.004629629629629629
4 0.32135416666666666 0.12268518518518519 0.00625 0.008333333333333333
4 0.32395833333333335 0.11481481481481481 0.004166666666666667 0.009259259259259259
4 0.3263020833333333 0.11203703703703703 0.0036458333333333334 0.007407407407407408
4 0.3346354166666667 0.10972222222222222 0.0036458333333333334 0.010185185185185186
