4 0.14557291666666666 0.6472222222222223 0.034895833333333334 0.07222222222222222
4 0.25807291666666665 0.2351851851851852 0.015104166666666667 0.046296296296296294
4 0.2950520833333333 0.23287037037037037 0.015104166666666667 0.03981481481481482
4 0.29244791666666664 0.2722222222222222 0.0140625 0.03518518518518519
4 0.34010416666666665 0.2675925925925926 0.014583333333333334 0.04814814814814815
4 0.3575520833333333 0.26805555555555555 0.016145833333333335 0.05092592592592592
4 0.35260416666666666 0.2263888888888889 0.014583333333333334 0.041666666666666664
4 0.3263020833333333 0.2337962962962963 0.013020833333333334 0.03981481481481482
4 0.309375 0.23055555555555557 0.0125 0.037037037037037035
4 0.3450520833333333 0.4101851851851852 0.0296875 0.05
4 0.37890625 0.5449074074074074 0.0265625 0.06388888888888888
4 0.3606770833333333 0.5268518518518519 0.022395833333333334 0.05925925925925926
4 0.3416666666666667 0.49907407407407406 0.030208333333333334 0.06296296296296296
4 0.284375 0.425462962962963 0.03333333333333333 0.04537037037037037
4 0.2638020833333333 0.4134259259259259 0.028645833333333332 0.049074074074074076
4 0.24973958333333332 0.3990740740740741 0.027604166666666666 0.05
4 0.23359375 0.37407407407407406 0.0203125 0.037037037037037035
4 0.5447916666666667 0.6671296296296296 0.052083333333333336 0.04351851851851852
4 0.09505208333333333 0.3300925925925926 0.0171875 0.032407407407407406
4 0.075 0.33287037037037037 0.01875 0.03425925925925926
4 0.057291666666666664 0.3347222222222222 0.016666666666666666 0.03611111111111111
4 0.020572916666666666 0.33796296296296297 0.0171875 0.03148148148148148
4 0.11744791666666667 0.32222222222222224 0.019270833333333334 0.037037037037037035
4 0.14114583333333333 0.30787037037037035 0.016666666666666666 0.03425925925925926
