4 0.29765625 0.6421296296296296 0.034895833333333334 0.06944444444444445
4 0.27786458333333336 0.6074074074074074 0.0296875 0.05925925925925926
4 0.32317708333333334 0.5606481481481481 0.028645833333333332 0.06388888888888888
4 0.31015625 0.5333333333333333 0.028645833333333332 0.05740740740740741
4 0.34869791666666666 0.500462962962963 0.0234375 0.04722222222222222
4 0.33541666666666664 0.4666666666666667 0.025 0.046296296296296294
4 0.3692708333333333 0.44305555555555554 0.020833333333333332 0.04537037037037037
4 0.35390625 0.42824074074074076 0.019270833333333334 0.03981481481481482
4 0.3421875 0.4 0.017708333333333333 0.04259259259259259
4 0.4473958333333333 0.17685185185185184 0.011458333333333333 0.020370370370370372
4 0.4747395833333333 0.1175925925925926 0.0067708333333333336 0.012962962962962963
4 0.50078125 0.12361111111111112 0.008854166666666666 0.013888888888888888
4 0.5020833333333333 0.10277777777777777 0.00625 0.011111111111111112
4 0.4908854166666667 0.09074074074074075 0.009895833333333333 0.011111111111111112
4 0.3255208333333333 0.22083333333333333 0.020833333333333332 0.013888888888888888
