0 0.21380208333333334 0.02175925925925926 0.025520833333333333 0.032407407407407406
0 0.2513020833333333 0.016666666666666666 0.0203125 0.03333333333333333
0 0.24166666666666667 0.043055555555555555 0.025 0.041666666666666664
0 0.2109375 0.1111111111111111 0.030208333333333334 0.053703703703703705
0 0.24739583333333334 0.09351851851851851 0.03125 0.05185185185185185
0 0.18880208333333334 0.1625 0.0390625 0.06388888888888888
0 0.21197916666666666 0.19814814814814816 0.03958333333333333 0.07592592592592592
0 0.12578125 0.31666666666666665 0.0546875 0.07962962962962963
0 0.05677083333333333 0.32546296296296295 0.07395833333333333 0.09907407407407408
0 0.17161458333333332 0.5180555555555556 0.06822916666666666 0.1527777777777778
0 0.26640625 0.8972222222222223 0.0703125 0.14814814814814814
0 0.28984375 0.6972222222222222 0.058854166666666666 0.2111111111111111
0 0.3111979166666667 0.48148148148148145 0.043229166666666666 0.12407407407407407
0 0.26666666666666666 0.41712962962962963 0.04895833333333333 0.10462962962962963
0 0.3268229166666667 0.3365740740740741 0.0359375 0.08796296296296297
0 0.24088541666666666 0.25925925925925924 0.0421875 0.08518518518518518
0 0.33671875 0.24861111111111112 0.03177083333333333 0.07685185185185185
0 0.34375 0.18009259259259258 0.029166666666666667 0.06388888888888888
0 0.3484375 0.11898148148148148 0.028125 0.05092592592592592
0 0.3575520833333333 0.04490740740740741 0.025520833333333333 0.03796296296296296
0 0.35520833333333335 0.07592592592592592 0.023958333333333335 0.037037037037037035
0 0.4153645833333333 0.01574074074074074 0.0171875 0.03148148148148148
0 0.44869791666666664 0.017592592592592594 0.019270833333333334 0.03518518518518519
0 0.42942708333333335 0.13796296296296295 0.025520833333333333 0.05
0 0.43203125 0.2101851851851852 0.03177083333333333 0.07592592592592592
0 0.40677083333333336 0.2611111111111111 0.029166666666666667 0.03148148148148148
0 0.44635416666666666 0.27870370370370373 0.014583333333333334 0.040740740740740744
0 0.4828125 0.06712962962962964 0.007291666666666667 0.028703703703703703
