4 0.30494791666666665 0.7685185185185185 0.0328125 0.12962962962962962
4 0.3966145833333333 0.75 0.03177083333333333 0.12222222222222222
4 0.4427083333333333 0.7912037037037037 0.03958333333333333 0.1361111111111111
4 0.38385416666666666 0.5981481481481481 0.030208333333333334 0.09814814814814815
4 0.3125 0.6226851851851852 0.027083333333333334 0.08981481481481482
4 0.0953125 0.8240740740740741 0.08854166666666667 0.09074074074074075
4 0.12916666666666668 0.6958333333333333 0.06666666666666667 0.05648148148148148
4 0.14010416666666667 0.6356481481481482 0.058333333333333334 0.04537037037037037
4 0.15338541666666666 0.5902777777777778 0.0609375 0.049074074074074076
4 0.19479166666666667 0.4722222222222222 0.041666666666666664 0.03518518518518519
4 0.20963541666666666 0.43703703703703706 0.04739583333333333 0.03888888888888889
4 0.3171875 0.5041666666666667 0.023958333333333335 0.06944444444444445
4 0.3177083333333333 0.425 0.019791666666666666 0.05740740740740741
4 0.37161458333333336 0.42083333333333334 0.019270833333333334 0.062037037037037036
4 0.3807291666666667 0.34629629629629627 0.026041666666666668 0.04814814814814815
4 0.32083333333333336 0.3675925925925926 0.017708333333333333 0.05
4 0.26145833333333335 0.2638888888888889 0.036458333333333336 0.02962962962962963
4 0.3575520833333333 0.20925925925925926 0.0140625 0.03333333333333333
4 0.34765625 0.14444444444444443 0.011979166666666667 0.024074074074074074
4 0.39791666666666664 0.049074074074074076 0.007291666666666667 0.011111111111111112
4 0.37838541666666664 0.03657407407407407 0.0067708333333333336 0.010185185185185186
4 0.37864583333333335 0.021296296296296296 0.00625 0.011111111111111112
4 0.3880208333333333 0.006481481481481481 0.008333333333333333 0.012962962962962963
