4 0.27317708333333335 1.238888888888889 0.1328125 0.16111111111111112
4 0.5434895833333333 0.9805555555555555 0.08177083333333333 0.17037037037037037
4 0.49713541666666666 0.7509259259259259 0.10989583333333333 0.09074074074074075
4 0.5473958333333333 0.6671296296296296 0.09583333333333334 0.09166666666666666
4 0.5604166666666667 0.4097222222222222 0.04895833333333333 0.09537037037037037
4 0.5041666666666667 0.38425925925925924 0.046875 0.09074074074074075
4 0.4984375 0.3023148148148148 0.04375 0.08425925925925926
4 0.44557291666666665 0.30324074074074076 0.050520833333333334 0.08796296296296297
4 0.5833333333333334 0.32685185185185184 0.04583333333333333 0.08888888888888889
4 0.6205729166666667 0.35185185185185186 0.04635416666666667 0.08703703703703704
4 0.6372395833333333 0.44537037037037036 0.04635416666666667 0.09444444444444444
4 0.6549479166666666 0.5763888888888888 0.0515625 0.12314814814814815
4 0.5697916666666667 0.16435185185185186 0.03229166666666667 0.06388888888888888
4 0.6033854166666667 0.175 0.028645833333333332 0.05925925925925926
4 0.6619791666666667 0.13055555555555556 0.026041666666666668 0.05555555555555555
4 0.665625 0.1935185185185185 0.029166666666666667 0.053703703703703705
4 0.7286458333333333 0.13935185185185187 0.027083333333333334 0.058333333333333334
4 0.6809895833333334 0.05462962962962963 0.049479166666666664 0.03518518518518519
4 0.6971354166666667 0.020833333333333332 0.049479166666666664 0.03796296296296296
