4 0.012239583333333333 0.6851851851851852 0.024479166666666666 0.025925925925925925
4 0.5052083333333334 0.3925925925925926 0.0125 0.016666666666666666
4 0.5177083333333333 0.26157407407407407 0.009375 0.008333333333333333
4 0.44375 0.32592592592592595 0.009375 0.009259259259259259
4 0.41119791666666666 0.3638888888888889 0.0140625 0.014814814814814815
4 0.37838541666666664 0.3300925925925926 0.0078125 0.013888888888888888
4 0.3971354166666667 0.32731481481481484 0.0078125 0.012037037037037037
4 0.37057291666666664 0.32916666666666666 0.005729166666666666 0.017592592592592594
4 0.3828125 0.3037037037037037 0.010416666666666666 0.011111111111111112
4 0.3697916666666667 0.3106481481481482 0.009375 0.013888888888888888
4 0.40338541666666666 0.29768518518518516 0.009895833333333333 0.010185185185185186
4 0.3776041666666667 0.3074074074074074 0.009375 0.009259259259259259
4 0.353125 0.37592592592592594 0.0125 0.016666666666666666
4 0.3619791666666667 0.33101851851851855 0.005208333333333333 0.013888888888888888
4 0.3533854166666667 0.33240740740740743 0.0067708333333333336 0.012962962962962963
4 0.34375 0.33287037037037037 0.00625 0.013888888888888888
4 0.3640625 0.31157407407407406 0.009375 0.01574074074074074
4 0.3380208333333333 0.3861111111111111 0.014583333333333334 0.016666666666666666
4 0.3033854166666667 0.34675925925925927 0.0140625 0.012037037037037037
4 0.2953125 0.30416666666666664 0.011458333333333333 0.010185185185185186
4 0.29348958333333336 0.2986111111111111 0.009895833333333333 0.010185185185185186
4 0.2911458333333333 0.2949074074074074 0.011458333333333333 0.012037037037037037
4 0.26588541666666665 0.3060185185185185 0.011979166666666667 0.010185185185185186
4 0.2635416666666667 0.3023148148148148 0.0125 0.010185185185185186
4 0.26223958333333336 0.29768518518518516 0.013020833333333334 0.012037037037037037
4 0.259375 0.2916666666666667 0.011458333333333333 0.011111111111111112
4 0.27708333333333335 0.2796296296296296 0.008333333333333333 0.009259259259259259
4 0.30104166666666665 0.3194444444444444 0.013541666666666667 0.011111111111111112
4 0.2877604166666667 0.2708333333333333 0.009895833333333333 0.008333333333333333
4 0.2669270833333333 0.31203703703703706 0.011979166666666667 0.009259259259259259
4 0.26223958333333336 0.37083333333333335 0.009895833333333333 0.01574074074074074
4 0.30494791666666665 0.32916666666666666 0.009895833333333333 0.013888888888888888
4 0.2994791666666667 0.3074074074074074 0.0125 0.012962962962962963
4 0.25416666666666665 0.2851851851851852 0.0125 0.011111111111111112
4 0.21927083333333333 0.25925925925925924 0.007291666666666667 0.011111111111111112
4 0.2078125 0.23333333333333334 0.004166666666666667 0.007407407407407408
4 0.2140625 0.17222222222222222 0.003125 0.007407407407407408
4 0.22369791666666666 0.14953703703703702 0.0036458333333333334 0.004629629629629629
4 0.22135416666666666 0.14027777777777778 0.004166666666666667 0.006481481481481481
4 0.24140625 0.08657407407407407 0.0026041666666666665 0.004629629629629629
4 0.33125 0.549074074074074 0.016666666666666666 0.027777777777777776
4 0.29322916666666665 0.462037037037037 0.011458333333333333 0.020370370370370372
4 0.3177083333333333 0.4962962962962963 0.0125 0.020370370370370372
4 0.36276041666666664 0.5930555555555556 0.015104166666666667 0.030555555555555555
4 0.34479166666666666 0.5990740740740741 0.015625 0.03148148148148148
4 0.409375 0.7337962962962963 0.020833333333333332 0.03981481481481482
4 0.4080729166666667 0.8032407407407407 0.024479166666666666 0.05277777777777778
4 0.49557291666666664 0.49074074074074076 0.016145833333333335 0.016666666666666666
4 0.48828125 0.4824074074074074 0.0140625 0.016666666666666666
4 0.45546875 0.4773148148148148 0.008854166666666666 0.021296296296296296
4 0.47890625 0.5458333333333333 0.019270833333333334 0.021296296296296296
4 0.15989583333333332 0.4083333333333333 0.011458333333333333 0.020370370370370372
4 0.21822916666666667 0.3388888888888889 0.007291666666666667 0.014814814814814815
4 0.2296875 0.34814814814814815 0.008333333333333333 0.018518518518518517
4 0.234375 0.3625 0.008333333333333333 0.017592592592592594
4 0.22369791666666666 0.36666666666666664 0.0067708333333333336 0.014814814814814815
4 0.10182291666666667 0.25 0.011979166666666667 0.007407407407407408
4 0.07786458333333333 0.18935185185185185 0.0036458333333333334 0.008333333333333333
4 0.07135416666666666 0.18981481481481483 0.00625 0.007407407407407408
4 0.052083333333333336 0.18935185185185185 0.007291666666666667 0.008333333333333333
4 0.0578125 0.18888888888888888 0.004166666666666667 0.009259259259259259
