4 0.10546875 0.5652777777777778 0.015104166666666667 0.030555555555555555
4 0.1 0.3074074074074074 0.013541666666666667 0.012962962962962963
4 0.11354166666666667 0.3439814814814815 0.010416666666666666 0.019444444444444445
4 0.04973958333333333 0.2550925925925926 0.0078125 0.01574074074074074
4 0.04479166666666667 0.1550925925925926 0.010416666666666666 0.008333333333333333
4 0.05703125 0.15555555555555556 0.0109375 0.007407407407407408
4 0.0765625 0.15601851851851853 0.011458333333333333 0.008333333333333333
4 0.09036458333333333 0.15694444444444444 0.011979166666666667 0.008333333333333333
4 0.090625 0.15462962962962962 0.0125 0.009259259259259259
4 0.12473958333333333 0.15046296296296297 0.013020833333333334 0.010185185185185186
4 0.12317708333333334 0.15833333333333333 0.013020833333333334 0.011111111111111112
4 0.134375 0.1550925925925926 0.011458333333333333 0.006481481481481481
4 0.14010416666666667 0.15833333333333333 0.0125 0.009259259259259259
4 0.17213541666666668 0.19027777777777777 0.005729166666666666 0.010185185185185186
4 0.1828125 0.16157407407407406 0.013541666666666667 0.008333333333333333
4 0.18932291666666667 0.15462962962962962 0.013020833333333334 0.009259259259259259
4 0.19869791666666667 0.16203703703703703 0.013020833333333334 0.009259259259259259
4 0.21640625 0.16342592592592592 0.013020833333333334 0.008333333333333333
4 0.2513020833333333 0.1550925925925926 0.009895833333333333 0.010185185185185186
4 0.29140625 0.14351851851851852 0.008854166666666666 0.012962962962962963
4 0.28177083333333336 0.2611111111111111 0.008333333333333333 0.012962962962962963
4 0.30104166666666665 0.21851851851851853 0.007291666666666667 0.009259259259259259
4 0.3151041666666667 0.22037037037037038 0.00625 0.011111111111111112
4 0.32708333333333334 0.22268518518518518 0.007291666666666667 0.008333333333333333
4 0.315625 0.25 0.008333333333333333 0.012962962962962963
4 0.3372395833333333 0.22962962962962963 0.0067708333333333336 0.011111111111111112
4 0.32760416666666664 0.2518518518518518 0.008333333333333333 0.011111111111111112
4 0.36770833333333336 0.21712962962962962 0.00625 0.012037037037037037
4 0.40546875 0.22453703703703703 0.005729166666666666 0.012037037037037037
4 0.61953125 0.08287037037037037 0.009895833333333333 0.006481481481481481
4 0.5408854166666667 0.02361111111111111 0.0026041666666666665 0.004629629629629629
4 0.5322916666666667 0.019444444444444445 0.0020833333333333333 0.005555555555555556
4 0.5372395833333333 0.02361111111111111 0.0026041666666666665 0.004629629629629629
4 0.5447916666666667 0.027777777777777776 0.003125 0.003703703703703704
4 0.5270833333333333 0.027314814814814816 0.004166666666666667 0.004629629629629629
4 0.5315104166666667 0.027777777777777776 0.0026041666666666665 0.003703703703703704
4 0.5221354166666666 0.049074074074074076 0.0036458333333333334 0.003703703703703704
4 0.521875 0.06851851851851852 0.003125 0.005555555555555556
4 0.5078125 0.07083333333333333 0.004166666666666667 0.004629629629629629
4 0.5088541666666667 0.08009259259259259 0.004166666666666667 0.004629629629629629
4 0.5065104166666666 0.05277777777777778 0.0026041666666666665 0.003703703703703704
4 0.50390625 0.058333333333333334 0.0036458333333333334 0.005555555555555556
4 0.5125 0.060648148148148145 0.004166666666666667 0.004629629629629629
4 0.49166666666666664 0.06435185185185185 0.003125 0.004629629629629629
4 0.5328125 0.10601851851851851 0.004166666666666667 0.006481481481481481
4 0.571875 0.08981481481481482 0.004166666666666667 0.007407407407407408
4 0.5744791666666667 0.09305555555555556 0.004166666666666667 0.006481481481481481
4 0.5765625 0.0962962962962963 0.004166666666666667 0.007407407407407408
4 0.5776041666666667 0.10092592592592593 0.005208333333333333 0.007407407407407408
4 0.6158854166666666 0.10185185185185185 0.009895833333333333 0.009259259259259259
4 0.6184895833333334 0.10462962962962963 0.0109375 0.009259259259259259
4 0.5934895833333333 0.19074074074074074 0.0109375 0.011111111111111112
4 0.45390625 0.10231481481481482 0.0046875 0.006481481481481481
4 0.47942708333333334 0.10416666666666667 0.0036458333333333334 0.006481481481481481
4 0.44375 0.10694444444444444 0.005208333333333333 0.006481481481481481
4 0.4630208333333333 0.11712962962962963 0.005208333333333333 0.006481481481481481
4 0.47161458333333334 0.12777777777777777 0.0046875 0.007407407407407408
4 0.44140625 0.17824074074074073 0.0140625 0.010185185185185186
4 0.3729166666666667 0.14814814814814814 0.005208333333333333 0.007407407407407408
4 0.3802083333333333 0.14351851851851852 0.008333333333333333 0.007407407407407408
4 0.39375 0.13194444444444445 0.00625 0.006481481481481481
4 0.4236979166666667 0.12268518518518519 0.005729166666666666 0.006481481481481481
4 0.42864583333333334 0.11990740740740741 0.005208333333333333 0.006481481481481481
4 0.4078125 0.14351851851851852 0.00625 0.007407407407407408
4 0.41432291666666665 0.1685185185185185 0.005729166666666666 0.009259259259259259
4 0.39088541666666665 0.6583333333333333 0.013020833333333334 0.046296296296296294
4 0.40625 0.5046296296296297 0.010416666666666666 0.03333333333333333
4 0.33307291666666666 0.324537037037037 0.0078125 0.01574074074074074
4 0.40130208333333334 0.32916666666666666 0.0078125 0.019444444444444445
4 0.4322916666666667 0.35138888888888886 0.008333333333333333 0.019444444444444445
4 0.4786458333333333 0.3662037037037037 0.008333333333333333 0.019444444444444445
4 0.5372395833333333 0.44027777777777777 0.011979166666666667 0.017592592592592594
4 0.5192708333333333 0.45601851851851855 0.010416666666666666 0.021296296296296296
4 0.4825520833333333 0.7194444444444444 0.030729166666666665 0.018518518518518517
4 0.4856770833333333 0.5944444444444444 0.024479166666666666 0.03333333333333333
